-5.0	0.013487834711071489	0.018830126455498974
-4.98998998998999	0.01350091030016714	0.01884741928741637
-4.97997997997998	0.013514077891273202	0.018864832913362835
-4.96996996996997	0.01352733837384843	0.01888236849136953
-4.95995995995996	0.013540692648366843	0.0189000271936777
-4.94994994994995	0.013554141626485217	0.01891781020695444
-4.93993993993994	0.013567686231217048	0.018935718732509113
-4.92992992992993	0.013581327397098622	0.018953753986510904
-4.91991991991992	0.013595066070373425	0.018971917200221775
-4.90990990990991	0.013608903209162363	0.01899020962021587
-4.8998998998999	0.01362283978365536	0.019008632508618662
-4.88988988988989	0.013636876776291017	0.019027187143343727
-4.87987987987988	0.013651015181948204	0.019045874818331834
-4.86986986986987	0.013665256008140073	0.019064696843800525
-4.85985985985986	0.013679600275209385	0.019083654546489873
-4.84984984984985	0.01369404901652592	0.019102749269921598
-4.83983983983984	0.013708603278694598	0.019121982374657634
-4.82982982982983	0.013723264121761043	0.01914135523856249
-4.81981981981982	0.013738032619421572	0.019160869257075833
-4.80980980980981	0.013752909859241647	0.019180525843484737
-4.7997997997998	0.0137678969428706	0.01920032642920299
-4.78978978978979	0.013782994986269899	0.019220272464056026
-4.77977977977978	0.013798205119936494	0.019240365416571925
-4.76976976976977	0.013813528489139654	0.01926060677427393
-4.75975975975976	0.013828966254150027	0.01928099804398299
-4.74974974974975	0.01384451959048813	0.019301540752124625
-4.73973973973974	0.01386018968916505	0.019322236445039206
-4.72972972972973	0.013875977756933673	0.01934308668930243
-4.71971971971972	0.013891885016541995	0.01936409307204673
-4.70970970970971	0.013907912706995347	0.01938525720129279
-4.6996996996997	0.013924062083821088	0.019406580706285984
-4.68968968968969	0.013940334419334417	0.01942806523784045
-4.67967967967968	0.013956731002918119	0.019449712468685453
-4.66966966966967	0.013973253141300166	0.019471524093824494
-4.65965965965966	0.01398990215884071	0.01949350183089791
-4.64964964964965	0.01400667939782246	0.01951564742055007
-4.63963963963964	0.014023586218747665	0.019537962626809974
-4.62962962962963	0.014040624000643912	0.01956044923747625
-4.61961961961962	0.01405779414136962	0.019583109064504795
-4.60960960960961	0.014075098057928597	0.019605943944412986
-4.5995995995996	0.014092537186796181	0.019628955738684613
-4.58958958958959	0.014110112984240536	0.01965214633418694
-4.57957957957958	0.014127826926661693	0.019675517643592502
-4.56956956956957	0.014145680510929692	0.019699071605814147
-4.55955955955956	0.014163675254734973	0.019722810186441987
-4.54954954954955	0.01418181269693957	0.0197467353781975
-4.53953953953954	0.014200094397941032	0.019770849201387154
-4.52952952952953	0.014218521940041447	0.019795153704373288
-4.51951951951952	0.014237096927825139	0.01981965096405002
-4.50950950950951	0.014255820988540918	0.019844343086329968
-4.4994994994995	0.014274695772495478	0.019869232206640757
-4.48948948948949	0.014293722953453524	0.019894320490431706
-4.47947947947948	0.01431290422904695	0.01991961013368843
-4.46946946946947	0.014332241321191203	0.019945103363466127
-4.45945945945946	0.014351735976511288	0.019970802438421007
-4.44944944944945	0.014371389966774051	0.01999670964936254
-4.43943943943944	0.01439120508933624	0.02002282731981495
-4.42942942942943	0.014411183167593076	0.02004915780658894
-4.41941941941942	0.014431326051442653	0.02007570350036143
-4.40940940940941	0.014451635617756597	0.0201024668262788
-4.3993993993994	0.014472113770863132	0.020129450244559324
-4.38938938938939	0.014492762443038681	0.020156656251118982
-4.37937937937938	0.014513583595013207	0.02018408737820234
-4.36936936936937	0.014534579216476972	0.020211746195031913
-4.35935935935936	0.014555751326613926	0.020239635308469808
-4.34934934934935	0.014577101974627592	0.02026775736369181
-4.33933933933934	0.014598633240297627	0.02029611504487725
-4.32932932932933	0.014620347234530857	0.020324711075916938
-4.31931931931932	0.01464224609993829	0.02035354822112579
-4.3093093093093096	0.014664332011414998	0.02038262928598635
-4.2992992992992995	0.014686607176737646	0.020411957117890334
-4.2892892892892895	0.014709073837173318	0.020441534606916056
-4.2792792792792795	0.014731734268103659	0.020471364686600754
-4.2692692692692695	0.014754590779658662	0.020501450334752445
-4.2592592592592595	0.014777645717370587	0.020531794574258914
-4.2492492492492495	0.014800901462834914	0.02056240047393154
-4.2392392392392395	0.014824360434392883	0.0205932711493528
-4.2292292292292295	0.014848025087827179	0.02062440976375618
-4.2192192192192195	0.014871897917069204	0.020655819528913533
-4.2092092092092095	0.014895981454926913	0.020687503706050776
-4.1991991991991995	0.014920278273829857	0.020719465606780955
-4.1891891891891895	0.014944790986586125	0.020751708594055805
-4.1791791791791795	0.014969522247160442	0.0207842360831426
-4.1691691691691695	0.014994474751469521	0.02081705154262121
-4.1591591591591595	0.015019651238193658	0.020850158495402074
-4.1491491491491495	0.015045054489608346	0.02088356051977134
-4.1391391391391394	0.015070687332437098	0.02091726125045581
-4.129129129129129	0.01509655263872032	0.02095126437971385
-4.119119119119119	0.015122653326704092	0.020985573658452005
-4.109109109109109	0.015148992361756946	0.02102019289736507
-4.099099099099099	0.015175572757297836	0.021055125968106773
-4.089089089089089	0.015202397575750523	0.021090376804478034
-4.079079079079079	0.015229469929526146	0.021125949403659965
-4.069069069069069	0.015256792982015936	0.02116184782745296
-4.059059059059059	0.015284369948622383	0.021198076203566864
-4.049049049049049	0.015312204097802078	0.021234638726926887
-4.039039039039039	0.015340298752142325	0.021271539661015002
-4.029029029029029	0.015368657289459216	0.021308783339244106
-4.019019019019019	0.015397283143921307	0.021346374166360853
-4.009009009009009	0.015426179807207745	0.021384316619889616
-3.998998998998999	0.015455350829682251	0.02142261525160177
-3.988988988988989	0.0154847998216079	0.021461274689027136
-3.978978978978979	0.015514530454384624	0.021500299636995894
-3.968968968968969	0.01554454646181691	0.021539694879226016
-3.958958958958959	0.015574851641418695	0.02157946527993894
-3.948948948948949	0.015605449855740066	0.02161961578552427
-3.938938938938939	0.015636345033738296	0.021660151426238023
-3.928928928928929	0.015667541172176	0.021701077317947227
-3.918918918918919	0.015699042337056848	0.021742398663913916
-3.908908908908909	0.015730852665095704	0.02178412075662749
-3.898898898898899	0.015762976365224314	0.021826248979674636
-3.888888888888889	0.015795417720142365	0.021868788809667927
-3.878878878878879	0.015828181087899913	0.021911745818212716
-3.868868868868869	0.015861270903523267	0.02195512567392437
-3.858858858858859	0.015894691680681014	0.021998934144501575
-3.848848848848849	0.015928448013398464	0.022043177098850456
-3.838838838838839	0.015962544577804678	0.022087860509254455
-3.828828828828829	0.01599698613394257	0.022132990453615158
-3.818818818818819	0.016031777527604277	0.02217857311773407
-3.808808808808809	0.016066923692231456	0.022224614797663605
-3.798798798798799	0.016102429650861592	0.022271121902117285
-3.7887887887887888	0.01613830051811642	0.02231810095493785
-3.7787787787787788	0.016174541502256654	0.022365558597631997
-3.7687687687687688	0.016211157907280498	0.02241350159197322
-3.7587587587587588	0.016248155135082553	0.02246193682267293
-3.7487487487487487	0.01628553868767077	0.022510871300115858
-3.7387387387387387	0.016323314169441876	0.022560312163174303
-3.7287287287287287	0.016361487289514122	0.02261026668209389
-3.7187187187187187	0.016400063864134413	0.022660742261458554
-3.7087087087087087	0.016439049819137293	0.02271174644323202
-3.6986986986986987	0.016478451192480707	0.02276328690987955
-3.6886886886886887	0.0165182741368447	0.022815371487580723
-3.6786786786786787	0.016558524922307125	0.022868008149521744
-3.6686686686686687	0.016599209939090753	0.02292120501928082
-3.6586586586586587	0.01664033570038626	0.02297497037430733
-3.6486486486486487	0.016681908845252193	0.023029312649489445
-3.6386386386386387	0.016723936141602076	0.02308424044082887
-3.6286286286286287	0.016766424489267625	0.023139762509213176
-3.6186186186186187	0.016809380923154593	0.023195887784288258
-3.6086086086086087	0.016852812616483952	0.023252625368447334
-3.5985985985985987	0.016896726884129777	0.02330998454092565
-3.5885885885885886	0.016941131186045733	0.023367974762009344
-3.5785785785785786	0.016986033130798793	0.02342660567737218
-3.5685685685685686	0.017031440479195453	0.023485887122519505
-3.5585585585585586	0.017077361148019162	0.02354582912737379
-3.5485485485485486	0.017123803213877204	0.023606441920986036
-3.5385385385385386	0.01717077491715546	0.02366773593637565
-3.5285285285285286	0.017218284666088594	0.023729721815519206
-3.5185185185185186	0.017266341040958463	0.023792410414481425
-3.5085085085085086	0.01731495279840696	0.02385581280869286
-3.4984984984984986	0.017364128875885718	0.023919940298380602
-3.4884884884884886	0.017413878396228735	0.023984804414167116
-3.4784784784784786	0.017464210672372804	0.024050416922818667
-3.4684684684684686	0.01751513521221415	0.02411678983318184
-3.4584584584584586	0.01756666172361297	0.024183935402283245
-3.4484484484484486	0.017618800119550512	0.02425186614161599
-3.4384384384384385	0.017671560523443933	0.024320594823614816
-3.4284284284284285	0.017724953274626462	0.024390134488330852
-3.4184184184184185	0.017778988933991626	0.024460498450296828
-3.4084084084084085	0.01783367828981781	0.02453170030561397
-3.3983983983983985	0.017889032363770402	0.024603753939246617
-3.3883883883883885	0.017945062417092362	0.024676673532546756
-3.3783783783783785	0.018001779956993393	0.024750473571004558
-3.3683683683683685	0.0180591967432349	0.024825168852247257
-3.3583583583583585	0.018117324794926223	0.024900774494278865
-3.3483483483483485	0.018176176397539028	0.024977305943980316
-3.3383383383383385	0.018235764110148038	0.025054778985880943
-3.3283283283283285	0.01829610077289914	0.02513320975120131
-3.3183183183183185	0.018357199514721586	0.02521261472718642
-3.3083083083083085	0.018419073761294983	0.02529301076673405
-3.2982982982982985	0.018481737243275495	0.025374415098333696
-3.2882882882882885	0.01854520400477905	0.0254568453363249
-3.2782782782782784	0.018609488412168352	0.025540319491483887
-3.2682682682682684	0.018674605163114713	0.025624855981966583
-3.2582582582582584	0.018740569295959037	0.025710473644586757
-3.2482482482482484	0.01880739619940227	0.02579719174648841
-3.2382382382382384	0.018875101622507454	0.025885029997187836
-3.2282282282282284	0.0189437016850472	0.025974008561019432
-3.2182182182182184	0.01901321288820201	0.02606414806999894
-3.2082082082082084	0.019083652125622585	0.026155469637112037
-3.1981981981981984	0.019155036694875484	0.02624799487005516
-3.1881881881881884	0.01922738430928268	0.026341745885436165
-3.1781781781781784	0.01930071311016791	0.02643674532346262
-3.1681681681681684	0.0193750416795395	0.026533016363128624
-3.1581581581581584	0.019450389053208842	0.026630582737928045
-3.1481481481481484	0.019526774734380716	0.026729468752100447
-3.1381381381381384	0.019604218707713977	0.026829699297452922
-3.1281281281281283	0.019682741453899266	0.026931299870758985
-3.118118118118118	0.019762363964740532	0.027034296591775166
-3.108108108108108	0.01984310775879876	0.02713871622188634
-3.098098098098098	0.019924994897586916	0.027244586183416512
-3.088088088088088	0.020008048002363284	0.027351934579625568
-3.078078078078078	0.020092290271540577	0.02746079021542143
-3.068068068068068	0.020177745498732278	0.027571182618821997
-3.058058058058058	0.020264438091467527	0.027683142063187477
-3.048048048048048	0.02035239309060598	0.027796699590271968
-3.038038038038038	0.020441636190477133	0.027911887034107193
-3.028028028028028	0.020532193759780583	0.028028737045772936
-3.018018018018018	0.02062409286327493	0.02814728311908759
-3.008008008008008	0.020717361284295903	0.028267559617239407
-2.997997997997998	0.02081202754813303	0.028389601800432963
-2.987987987987988	0.020908120946310605	0.02851344585456326
-2.977977977977978	0.02100567156181032	0.028639128920981204
-2.967967967967968	0.021104710295273638	0.028766689127388036
-2.957957957957958	0.02120526889223082	0.02889616561991504
-2.947947947947948	0.021307379971409496	0.029027598596436978
-2.937937937937938	0.021411077054161006	0.02916102934117563
-2.9279279279279278	0.021516394595061005	0.029296500260649748
-2.9179179179179178	0.0216233680137409	0.029434054921033324
-2.9079079079079078	0.021732033728007565	0.02957373808698924
-2.8978978978978978	0.02184242918829606	0.029715595762034298
-2.8878878878878878	0.021954592913548263	0.02985967523052068
-2.8778778778778777	0.022068564528556017	0.030006025101298704
-2.8678678678678677	0.022184384802847203	0.030154695353135138
-2.8578578578578577	0.02230209569120263	0.0303057373819869
-2.8478478478478477	0.02242174037585634	0.030459204050190116
-2.8378378378378377	0.022543363310485454	0.030615149737684092
-2.8278278278278277	0.022667010266062344	0.03077363039534199
-2.8178178178178177	0.022792728378664532	0.030934703600521706
-2.8078078078078077	0.022920566199335513	0.03109842861494412
-2.7977977977977977	0.023050573746108263	0.03126486644500599
-2.7877877877877877	0.023182802558290805	0.03143407990464998
-2.7777777777777777	0.023317305753118706	0.031606133680907485
-2.7677677677677677	0.02345413808492388	0.03178109440226438
-2.7577577577577577	0.02359335600691785	0.03195903070997523
-2.7477477477477477	0.023735017735730186	0.0321400133324677
-2.7377377377377377	0.02387918331886312	0.03232411516301498
-2.7277277277277276	0.024025914705189534	0.03251141134081865
-2.7177177177177176	0.024175275818664573	0.0327019793356855
-2.7077077077077076	0.02432733263542793	0.03289589903648191
-2.6976976976976976	0.024482153264451443	0.033093252843560496
-2.6876876876876876	0.024639808031959885	0.03329412576536349
-2.6776776776776776	0.024800369569784753	0.03349860551941661
-2.6676676676676676	0.02496391290789961	0.033706782637956394
-2.6576576576576576	0.02513051557134338	0.03391875057842745
-2.6476476476476476	0.025300257681785152	0.03413460583910046
-2.6376376376376376	0.025473222063971547	0.03435444808011357
-2.6276276276276276	0.025649494357349655	0.034578380250193566
-2.6176176176176176	0.025829163133136664	0.03480650871939292
-2.6076076076076076	0.026012320017151543	0.03503894341816742
-2.5975975975975976	0.026199059818745447	0.035275797983129256
-2.5875875875875876	0.02638948066615792	0.03551718990986254
-2.5775775775775776	0.02658368414869205	0.03576324071319378
-2.5675675675675675	0.02678177546609613	0.036014076095324796
-2.5575575575575575	0.02698386358556824	0.03626982612229491
-2.5475475475475475	0.027190061406846152	0.03653062540922127
-2.5375375375375375	0.027400485935849244	0.03679661331485566
-2.5275275275275275	0.02761525846740463	0.03706793414596706
-2.5175175175175175	0.02783450477757763	0.037344737372140085
-2.5075075075075075	0.028058355326221307	0.03762717785160361
-2.4974974974974975	0.028286945470347706	0.03791541606873677
-2.4874874874874875	0.028520415689004947	0.03820961838394563
-2.4774774774774775	0.02875891182037407	0.03850995729667712
-2.4674674674674675	0.029002585311841144	0.03881661172233722
-2.4574574574574575	0.029251593483880827	0.039129767283985956
-2.4474474474474475	0.02950609980863481	0.03944961661970832
-2.4374374374374375	0.02976627420410617	0.0397763597066443
-2.4274274274274275	0.030032293345012763	0.040110204202700686
-2.4174174174174174	0.03030434099137047	0.04045136580708967
-2.4074074074074074	0.030582608335983023	0.04080006864086491
-2.3973973973973974	0.030867294372091042	0.04115654564874895
-2.3873873873873874	0.03115860628253467	0.04152103902362428
-2.3773773773773774	0.03145675985188967	0.04189380065517889
-2.3673673673673674	0.03176197990313427	0.04227509260425929
-2.3573573573573574	0.03207450076054801	0.042665187604678134
-2.3473473473473474	0.032394566740647	0.04306436959427442
-2.3373373373373374	0.03272243267314148	0.043472934277216956
-2.3273273273273274	0.03305836445401667	0.043891189719666636
-2.3173173173173174	0.03340263963303338	0.044319456981080536
-2.3073073073073074	0.033755548038145684	0.044758070783643564
-2.2972972972972974	0.034117392439473364	0.045207380222448516
-2.2872872872872874	0.03448848925577855	0.04566774951932966
-2.2772772772772774	0.034869169306544295	0.04613955882342676
-2.2672672672672673	0.03525977861310593	0.0466232050618307
-2.2572572572572573	0.03566067925248658	0.04711910284394284
-2.2472472472472473	0.03607225026798968	0.04762768542343891
-2.2372372372372373	0.03649488864087832	0.04814940572211553
-2.2272272272272273	0.03692901032790858	0.048684737420183664
-2.2172172172172173	0.03737505136985582	0.04923417611801857
-2.2072072072072073	0.03783346907666309	0.04979824057475017
-2.1971971971971973	0.038304743295340164	0.05037747402960387
-2.1871871871871873	0.03878937776729656	0.05097244561234545
-2.1771771771771773	0.03928790158239258	0.05158375184979516
-2.1671671671671673	0.039800870737695566	0.05221201827596042
-2.1571571571571573	0.040328869809675934	0.05285790115404528
-2.1471471471471473	0.040872513749343115	0.053522089319285274
-2.1371371371371373	0.04143244981085921	0.0542053061524539
-2.1271271271271273	0.04200935962503568	0.054908311694695976
-2.1171171171171173	0.04260396143035996	0.05563190491544352
-2.1071071071071072	0.04321701247538612	0.056376926146174414
-2.0970970970970972	0.04384931160771493	0.05714425969406855
-2.0870870870870872	0.044501702066352	0.057934836650918024
-2.0770770770770772	0.04517507449592058	0.0587496379141535
-2.067067067067067	0.045870370203157984	0.05958969743851705
-2.057057057057057	0.046588584678217616	0.06045610573874119
-2.047047047047047	0.04733077140570792	0.061350013665635944
-2.037037037037037	0.048098045993097686	0.06227263648025312
-2.027027027027027	0.048891590647069764	0.06322525825337368
-2.017017017017017	0.04971265903178432	0.06420923662031319
-2.007007007007007	0.05056258154681048	0.06522600792429047
-1.996996996996997	0.05144277106669417	0.06627709278503904
-1.986986986986987	0.05235472918894674	0.0673641021333736
-1.976976976976977	0.053300053042648836	0.06848874375679177
-1.966966966966967	0.05428044271592125	0.06965282940620117
-1.956956956956957	0.055297709367476765	0.07085828251939724
-1.946946946946947	0.05635378409526873	0.07210714662327954
-1.936936936936937	0.05745072764412464	0.07340159448378644
-1.926926926926927	0.058590741044399125	0.07474393808059177
-1.916916916916917	0.05977617728516091	0.07613663949258896
-1.906906906906907	0.06100955413854729	0.07758232279045917
-1.896896896896897	0.06229356826697647	0.07908378704416398
-1.8868868868868869	0.06363111076204318	0.08064402056640227
-1.8768768768768769	0.06502528428364181	0.08226621652800443
-1.8668668668668669	0.06647942199055105	0.08395379009831236
-1.8568568568568569	0.06799710847974193	0.0857103972830293
-1.8468468468468469	0.06958220298181059	0.08753995565425217
-1.8368368368368369	0.07123886509471226	0.08944666719289289
-1.8268268268268268	0.07297158337830313	0.09143504349286356
-1.8168168168168168	0.07478520717900584	0.09350993360998916
-1.8068068068068068	0.07668498210841794	0.09567655487729235
-1.7967967967967968	0.07867658966321035	0.09794052705284981
-1.7867867867867868	0.08076619154803685	0.10030791021803775
-1.7767767767767768	0.08296047935025071	0.10278524690374201
-1.7667667667667668	0.08526673031763993	0.10537960899146373
-1.7567567567567568	0.08769287011100699	0.1080986500170175
-1.7467467467467468	0.09024754354602563	0.11095066359872123
-1.7367367367367368	0.09294019450752522	0.11394464882207435
-1.7267267267267268	0.09578115642024189	0.11709038354194698
-1.7167167167167168	0.0987817548990172	0.1203985067150211
-1.7067067067067068	0.10195442448746532	0.12388061105373077
-1.6966966966966968	0.10531284173699755	0.1275493475039857
-1.6866866866866868	0.10887207729070678	0.13141854329878233
-1.6766766766766767	0.11264877013493568	0.13550333563657985
-1.6666666666666667	0.11666132778508143	0.13982032338674377
-1.6566566566566567	0.12093015690667008	0.14438773964678792
-1.6466466466466467	0.12547792976954056	0.14922564848226127
-1.6366366366366367	0.13032989303224662	0.15435616978884265
-1.6266266266266267	0.13551422670738553	0.1598037369504746
-1.6166166166166167	0.14106246283178023	0.16559539285640765
-1.6066066066066067	0.14700997544392239	0.17176113092014947
-1.5965965965965967	0.15339655606470154	0.17833428906050922
-1.5865865865865867	0.16026709212972132	0.18535200621762926
-1.5765765765765767	0.1676723699213799	0.1928557529589501
-1.5665665665665667	0.17567002874404092	0.2008919501765601
-1.5565565565565564	0.18432569970669294	0.20951269291003444
-1.5465465465465464	0.1937143709646684	0.21877660010483327
-1.5365365365365364	0.20392203221936808	0.22874981584017717
-1.5265265265265264	0.2150476654858046	0.2395071934980539
-1.5165165165165164	0.22720566771171669	0.2511337018468068
-1.5065065065065064	0.2405288152813644	0.2637261015398434
-1.4964964964964964	0.25517191286206525	0.2773949526958385
-1.4864864864864864	0.27131631239519793	0.2922670298498357
-1.4764764764764764	0.28917554645494387	0.3084882407472186
-1.4664664664664664	0.3090023996366489	0.3262271716848416
-1.4564564564564564	0.3310978506574186	0.34567941641920324
-1.4464464464464464	0.35582246894108405	0.36707289084979
-1.4364364364364364	0.3836110610291338	0.3906743956058707
-1.4264264264264264	0.4149916616780989	0.41679776869139756
-1.4164164164164164	0.4506103934749525	0.4458140780220411
-1.4064064064064064	0.4912643407536747	0.47816444969421174
-1.3963963963963963	0.5379454971190546	0.5143763273769142
-1.3863863863863863	0.5919002061808809	0.5550842331736271
-1.3763763763763763	0.6547105701419431	0.6010564823001008
-1.3663663663663663	0.7284074528942107	0.6532298390630653
-1.3563563563563563	0.8156296157350915	0.7127548574757107
-1.3463463463463463	0.9198513021574541	0.7810557258964189
-1.3363363363363363	1.0457131100746733	0.8599099780882026
-1.3263263263263263	1.199511470319553	0.9515556590844508
-1.3163163163163163	1.389936025638722	1.0588367581993556
-1.3063063063063063	1.6292011461122795	1.1854023925750954
-1.2962962962962963	1.9348134109378174	1.335981952822673
-1.2862862862862863	2.332374639072934	1.5167679480606864
-1.2762762762762763	2.8600643351388464	1.7359512479093262
-1.2662662662662663	3.5757505041054456	2.004469496591404
-1.2562562562562563	4.567727901145569	2.337044806326435
-1.2462462462462462	5.9682926431472625	2.7535867015323134
-1.2362362362362362	7.959366400355133	3.280975444006568
-1.2262262262262262	10.720928513038292	3.9549934229173416
-1.2162162162162162	14.176052342770772	4.821414920994358
-1.2062062062062062	17.391477525736608	5.933259557624163
-1.1961961961961962	18.45108489049526	7.3366865432699
-1.1861861861861862	16.483462610232078	9.030623307866868
-1.1761761761761762	13.000227687808666	10.884130599072773
-1.1661661661661662	9.71283620694649	12.538507022125149
-1.1561561561561562	7.207452752918365	13.444475552635561
-1.1461461461461462	5.427708146499722	13.200544095211342
-1.1361361361361362	4.177659510605415	11.924006791063423
-1.1261261261261262	3.2891021764450556	10.13357130181599
-1.1161161161161162	2.644706980308317	8.322024037979116
-1.1061061061061062	2.1670607487063	6.745479873646742
-1.0960960960960962	1.8054629164491567	5.468767450284461
-1.0860860860860861	1.5263449714264081	4.46641470344106
-1.0760760760760761	1.307081797476404	3.68676921884343
-1.0660660660660661	1.132116232453422	3.079204772568526
-1.0560560560560561	0.9905345254630098	2.6022033180599817
-1.0460460460460461	0.874532230873367	2.2239610365122204
-1.0360360360360361	0.77842746649559	1.9207628163973676
-1.026026026026026	0.6980145684587037	1.6750662509268026
-1.016016016016016	0.6301328194989977	1.4738765954827429
-1.006006006006006	0.57237346281165	1.3075075336013187
-0.995995995995996	0.5228772219100438	1.1686760327068932
-0.985985985985986	0.48019209325810286	1.0518523593755393
-0.975975975975976	0.4431719519722121	0.9527953379301091
-0.965965965965966	0.4109032338437769	0.8682192873389023
-0.955955955955956	0.38265122175306004	0.7955539127654608
-0.9459459459459459	0.3578202141253857	0.732769848647998
-0.9359359359359359	0.3359236537271043	0.6782507837574492
-0.9259259259259259	0.3165614921152184	0.630698866607792
-0.9159159159159159	0.2994028722431105	0.5890640828371623
-0.9059059059059059	0.2841727634797729	0.5524910526861737
-0.8958958958958959	0.2706415653546	0.5202786034071297
-0.8858858858858859	0.25861696416755636	0.49184879689008076
-0.8758758758758759	0.2479375165940047	0.4667230203752189
-0.8658658658658659	0.23846757075034475	0.4445034023174231
-0.8558558558558559	0.2300932341538638	0.4248582807578939
-0.8458458458458459	0.222719170708192	0.40751078546034486
-0.8358358358358359	0.21626606294194103	0.392229836967599
-0.8258258258258259	0.21066861658985891	0.37882304278839757
-0.8158158158158159	0.20587401605492056	0.36713110202757576
-0.8058058058058059	0.20184076410218982	0.3570234282102527
-0.7957957957957958	0.19853785939079505	0.34839477529318313
-0.7857857857857858	0.1959442827753009	0.34116271078485777
-0.7757757757757757	0.19404877906262882	0.33526582765707635
-0.7657657657657657	0.19284993633976386	0.33066262734897545
-0.7557557557557557	0.1923565813622958	0.3273310430107168
-0.7457457457457457	0.1925885282655203	0.32526860831688487
-0.7357357357357357	0.19357774085324045	0.3244933159213539
-0.7257257257257257	0.195369998396565	0.32504525468417256
-0.7157157157157157	0.19802719473407143	0.3269891710199169
-0.7057057057057057	0.20163045564827006	0.3304181738086174
-0.6956956956956957	0.20628433777307228	0.3354589040602054
-0.6856856856856857	0.2121224856665925	0.3422786347193094
-0.6756756756756757	0.2193152910927571	0.3510949756014247
-0.6656656656656657	0.22808035045907757	0.36218916998013906
-0.6556556556556556	0.23869690284288794	0.3759244421813886
-0.6456456456456456	0.25152603632749376	0.3927715884845156
-0.6356356356356356	0.26703941962136296	0.4133451650729003
-0.6256256256256256	0.2858609061305144	0.43845551128266486
-0.6156156156156156	0.3088280374585255	0.4691849841590752
-0.6056056056056056	0.33708512604307744	0.5070021562117694
-0.5955955955955956	0.37222794970732737	0.5539372371365878
-0.5855855855855856	0.4165356657129759	0.6128594146063152
-0.5755755755755756	0.47335587438412313	0.6879301061582298
-0.5655655655655656	0.5477708138332992	0.7853727552478343
-0.5555555555555556	0.6478072572992799	0.9148406317981618
-0.5455455455455456	0.7867654495452638	1.0919813473948032
-0.5355355355355356	0.9880322703204231	1.3435682563812161
-0.5255255255255256	1.2959540905483606	1.7186282045268788
-0.5155155155155156	1.8033919194252543	2.315172271238872
-0.5055055055055055	2.733288601356848	3.3536875148588203
-0.4954954954954955	4.740661837906129	5.4208682821853635
-0.4854854854854855	10.512471086364465	10.540799852246835
-0.4754754754754755	41.93592275863193	29.776785922926894
-0.46546546546546547	391.8191198058092	201.9935040497709
-0.45545545545545546	27.280843670647435	74.63507685233148
-0.44544544544544545	7.605913990559932	15.771886437518676
-0.43543543543543545	3.4224741389399735	6.271506410900567
-0.42542542542542544	1.9093117274861136	3.268129972951701
-0.41541541541541543	1.2035693388716078	1.9709830772447725
-0.40540540540540543	0.8210883904620603	1.3024392900733386
-0.3953953953953954	0.592124777275611	0.916350276596043
-0.38538538538538536	0.44499594643140433	0.6749438093671325
-0.37537537537537535	0.34529634153001265	0.5148829448703877
-0.36536536536536535	0.2748868114228937	0.4038600226291488
-0.35535535535535534	0.22349040792837824	0.3240454089275226
-0.34534534534534533	0.1849429578525005	0.26497259314337157
-0.3353353353353353	0.15537182828605367	0.22018375709349045
-0.3253253253253253	0.13224877023012105	0.18552760686405903
-0.3153153153153153	0.1138689017124617	0.15824219490639252
-0.3053053053053053	0.09905031263636017	0.1364353909494814
-0.2952952952952953	0.08695380915028242	0.11877788557717554
-0.2852852852852853	0.0769709621179901	0.10431508132524667
-0.2752752752752753	0.06865246288097805	0.09234814669743213
-0.2652652652652653	0.06166105116731941	0.08235670200368397
-0.2552552552552553	0.05573985803126294	0.07394732725328348
-0.24524524524524524	0.05069066837688177	0.06681851683487375
-0.23523523523523523	0.046358713595283665	0.06073636054711227
-0.22522522522522523	0.042621851884802754	0.055517370458699394
-0.21521521521521522	0.03938275181080042	0.051016160511066846
-0.20520520520520522	0.03656316639166352	0.04711647952928583
-0.19519519519519518	0.03409968493198655	0.04372459865723315
-0.18518518518518517	0.03194054428766584	0.040764376065437646
-0.17517517517517517	0.03004320960401098	0.03817353264288477
-0.16516516516516516	0.028372520693670782	0.03590081290062754
-0.15515515515515516	0.026899258894122414	0.03390380042759332
-0.14514514514514515	0.0255990297806265	0.03214722255489631
-0.13513513513513514	0.024451385484392654	0.030601624344486145
-0.12512512512512514	0.02343913046994703	0.02924232405537112
-0.11511511511511512	0.022547769034041876	0.028048585084648255
-0.10510510510510511	0.021765063226609916	0.027002955849606096
-0.09509509509509509	0.021080677533580366	0.026090741074690393
-0.08508508508508508	0.02048589230778361	0.025299576775167133
-0.07507507507507508	0.01997337214726231	0.024619087788374776
-0.06506506506506507	0.019536978594025166	0.024040611623673224
-0.055055055055055056	0.019171618940365457	0.023556976129667777
-0.04504504504504504	0.01887312478504754	0.023162321330359364
-0.035035035035035036	0.018638155423980115	0.022851957991165673
-0.025025025025025027	0.018464122296312398	0.02262225720967217
-0.015015015015015015	0.018349131617036208	0.022470566709273106
-0.005005005005005005	0.01829194307140864	0.022395150640911084
0.005005005005005005	0.01829194307140832	0.022395150640910896
0.015015015015015015	0.01834913161703616	0.02247056670927276
0.025025025025025027	0.018464122296312897	0.022622257209672106
0.035035035035035036	0.018638155423979907	0.022851957991166367
0.04504504504504504	0.018873124785047903	0.023162321330359593
0.055055055055055056	0.01917161894036651	0.023556976129667895
0.06506506506506507	0.01953697859402602	0.02404061162367368
0.07507507507507508	0.01997337214726242	0.024619087788375116
0.08508508508508508	0.02048589230778497	0.02529957677516753
0.09509509509509509	0.02108067753358184	0.02609074107469062
0.10510510510510511	0.021765063226610027	0.027002955849606432
0.11511511511511512	0.022547769034043808	0.02804858508464871
0.12512512512512514	0.02343913046994896	0.029242324055372835
0.13513513513513514	0.024451385484394586	0.03060162434448752
0.14514514514514515	0.02559902978062866	0.032147222554898366
0.15515515515515516	0.02689925889412451	0.03390380042759335
0.16516516516516516	0.028372520693674224	0.035900812900629436
0.17517517517517517	0.03004320960401429	0.03817353264288765
0.18518518518518517	0.03194054428766972	0.040764376065439714
0.19519519519519518	0.03409968493199236	0.04372459865723568
0.20520520520520522	0.03656316639166825	0.047116479529288754
0.21521521521521522	0.03938275181080612	0.0510161605110702
0.22522522522522523	0.042621851884810324	0.05551737045870259
0.23523523523523523	0.04635871359529467	0.060736360547118125
0.24524524524524524	0.050690668376892095	0.06681851683487583
0.2552552552552553	0.0557398580312754	0.07394732725328708
0.2652652652652653	0.06166105116733434	0.08235670200369055
0.2752752752752753	0.06865246288099694	0.09234814669744094
0.2852852852852853	0.07697096211800954	0.10431508132525351
0.2952952952952953	0.08695380915031052	0.11877788557718193
0.3053053053053053	0.09905031263639227	0.13643539094950025
0.3153153153153153	0.11386890171249935	0.15824219490641125
0.3253253253253253	0.13224877023017478	0.18552760686407663
0.3353353353353353	0.15537182828612622	0.22018375709352264
0.34534534534534533	0.18494295785258852	0.2649725931434141
0.35535535535535534	0.2234904079284831	0.3240454089275809
0.36536536536536535	0.274886811423038	0.40386002262921594
0.37537537537537535	0.3452963415302184	0.5148829448704823
0.38538538538538536	0.44499594643166157	0.6749438093672737
0.3953953953953954	0.5921247772760385	0.9163502765962495
0.40540540540540543	0.8210883904627672	1.30243929007361
0.41541541541541543	1.2035693388727515	1.9709830772452708
0.42542542542542544	1.9093117274883142	3.2681299729526527
0.43543543543543545	3.4224741389447035	6.271506410902765
0.44544544544544545	7.605913990574159	15.771886437526856
0.45545545545545546	27.28084367073308	74.63507685238913
0.46546546546546547	391.8191198070157	201.99350404960273
0.4754754754754755	41.93592275850413	29.776785922916122
0.4854854854854855	10.51247108635105	10.540799852245527
0.4954954954954955	4.740661837902905	5.420868282185227
0.5055055055055055	2.733288601355701	3.3536875148589207
0.5155155155155156	1.8033919194249002	2.3151722712391125
0.5255255255255256	1.2959540905483236	1.7186282045270473
0.5355355355355356	0.9880322703205354	1.3435682563813895
0.5455455455455456	0.7867654495453849	1.0919813473949684
0.5555555555555556	0.6478072572994621	0.9148406317983152
0.5655655655655656	0.547770813833465	0.7853727552479793
0.5755755755755756	0.47335587438431376	0.6879301061583614
0.5855855855855856	0.41653566571315903	0.6128594146064424
0.5955955955955956	0.37222794970750583	0.5539372371367027
0.6056056056056056	0.33708512604325996	0.5070021562118958
0.6156156156156156	0.30882803745871773	0.46918498415919924
0.6256256256256256	0.28586090613069814	0.4384555112827785
0.6356356356356356	0.26703941962154537	0.4133451650730117
0.6456456456456456	0.25152603632768383	0.3927715884846274
0.6556556556556556	0.23869690284308684	0.37592444218150767
0.6656656656656657	0.22808035045927297	0.3621891699802608
0.6756756756756757	0.21931529109295347	0.35109497560153713
0.6856856856856857	0.21212248566679345	0.3422786347194321
0.6956956956956957	0.2062843377732758	0.3354589040603296
0.7057057057057057	0.2016304556484855	0.33041817380874405
0.7157157157157157	0.19802719473429234	0.3269891710200483
0.7257257257257257	0.19536999839678956	0.32504525468430967
0.7357357357357357	0.19357774085347695	0.32449331592149955
0.7457457457457457	0.19258852826576622	0.32526860831702853
0.7557557557557557	0.1923565813625508	0.32733104301087207
0.7657657657657657	0.19284993634003458	0.33066262734914076
0.7757757757757757	0.19404877906291076	0.33526582765725044
0.7857857857857858	0.19594428277559814	0.3411627107850391
0.7957957957957958	0.19853785939110705	0.3483947752933781
0.8058058058058059	0.20184076410252128	0.3570234282104612
0.8158158158158159	0.20587401605527642	0.36713110202779414
0.8258258258258259	0.21066861659024	0.3788230427886344
0.8358358358358359	0.2162660629423432	0.3922298369678579
0.8458458458458459	0.22271917070862565	0.4075107854606254
0.8558558558558559	0.23009323415433197	0.4248582807581968
0.8658658658658659	0.23846757075085348	0.44450340231775465
0.8758758758758759	0.24793751659455418	0.46672302037558644
0.8858858858858859	0.2586169641681586	0.49184879689048266
0.8958958958958959	0.2706415653552555	0.520278603407575
0.9059059059059059	0.28417276348048953	0.5524910526866715
0.9159159159159159	0.29940287224390105	0.5890640828377148
0.9259259259259259	0.31656149211609713	0.630698866608414
0.9359359359359359	0.3359236537280806	0.6782507837581533
0.9459459459459459	0.3578202141264743	0.7327698486487993
0.955955955955956	0.382651221754282	0.795553912766376
0.965965965965966	0.41090323384515987	0.868219287339955
0.975975975975976	0.44317195197378095	0.9527953379313311
0.985985985985986	0.48019209325989287	1.0518523593769702
0.995995995995996	0.5228772219121031	1.1686760327085755
1.006006006006006	0.5723734628140332	1.3075075336033208
1.016016016016016	0.6301328195017781	1.4738765954851436
1.026026026026026	0.698014568461978	1.6750662509297205
1.0360360360360361	0.7784274664994765	1.920762816400941
1.0460460460460461	0.8745322308780334	2.2239610365166573
1.0560560560560561	0.9905345254686604	2.6022033180655564
1.0660660660660661	1.132116232460368	3.0792047725755802
1.0760760760760761	1.3070817974850524	3.6867692188524863
1.0860860860860861	1.526344971437349	4.4664147034527435
1.0960960960960962	1.805462916463217	5.468767450299487
1.1061061061061062	2.1670607487247384	6.74547987366574
1.1161161161161162	2.644706980332961	8.322024038002095
1.1261261261261262	3.289102176478779	10.13357130184107
1.1361361361361362	4.1776595106526235	11.92400679108555
1.1461461461461462	5.427708146566885	13.200544095222801
1.1561561561561562	7.207452753014582	13.444475552630964
1.1661661661661662	9.712836207080189	12.538507022106682
1.1761761761761762	13.000227687973709	10.884130599047857
1.1861861861861862	16.483462610376748	9.030623307842097
1.1961961961961962	18.451084890523703	7.3366865432485096
1.2062062062062062	17.39147752562531	5.933259557606822
1.2162162162162162	14.17605234260518	4.821414920980727
1.2262262262262262	10.720928512890943	3.9549934229066546
1.2362362362362362	7.959366400244805	3.280975443998171
1.2462462462462462	5.968292643068738	2.753586701525698
1.2562562562562563	4.567727901089876	2.337044806321149
1.2662662662662663	3.5757505040653927	2.0044694965871246
1.2762762762762763	2.8600643351094557	1.735951247905815
1.2862862862862863	2.3323746390508635	1.5167679480577911
1.2962962962962963	1.93481341092087	1.3359819528202583
1.3063063063063063	1.6292011460990075	1.1854023925730581
1.3163163163163163	1.389936025628201	1.0588367581976315
1.3263263263263263	1.1995114703110348	0.9515556590829655
1.3363363363363363	1.0457131100676993	0.859909978086925
1.3463463463463463	0.9198513021516763	0.7810557258953069
1.3563563563563563	0.8156296157302313	0.7127548574747374
1.3663663663663663	0.7284074528901028	0.653229839062212
1.3763763763763763	0.6547105701384264	0.6010564822993415
1.3863863863863863	0.5919002061778516	0.5550842331729517
1.3963963963963963	0.5379454971164185	0.5143763273763132
1.4064064064064064	0.4912643407513756	0.4781644496936682
1.4164164164164164	0.4506103934729289	0.4458140780215507
1.4264264264264264	0.41499166167630613	0.41679776869095214
1.4364364364364364	0.38361106102754405	0.39067439560546835
1.4464464464464464	0.3558224689396594	0.3670728908494294
1.4564564564564564	0.3310978506561413	0.3456794164188634
1.4664664664664664	0.30900239963549136	0.3262271716845325
1.4764764764764764	0.2891755464538954	0.30848824074693343
1.4864864864864864	0.2713163123942419	0.29226702984957287
1.4964964964964964	0.2551719128611931	0.2773949526955945
1.5065065065065064	0.24052881528056988	0.2637261015396201
1.5165165165165164	0.227205667710986	0.2511337018465958
1.5265265265265264	0.21504766548513285	0.2395071934978605
1.5365365365365364	0.20392203221874997	0.2287498158399929
1.5465465465465464	0.19371437096409097	0.21877660010466415
1.5565565565565564	0.18432569970615784	0.20951269290987254
1.5665665665665667	0.17567002874354484	0.20089195017641023
1.5765765765765767	0.1676723699209153	0.19285575295880783
1.5865865865865867	0.1602670921292901	0.18535200621749687
1.5965965965965967	0.15339655606429914	0.17833428906038332
1.6066066066066067	0.1470099754435452	0.17176113092003095
1.6166166166166167	0.14106246283142174	0.16559539285629737
1.6266266266266267	0.13551422670704966	0.15980373695036754
1.6366366366366367	0.1303298930319276	0.15435616978874256
1.6466466466466467	0.12547792976924	0.14922564848216652
1.6566566566566567	0.12093015690638918	0.14438773964669768
1.6666666666666667	0.11666132778481227	0.13982032338665792
1.6766766766766767	0.11264877013468143	0.13550333563649783
1.6866866866866868	0.10887207729046595	0.13141854329870395
1.6966966966966968	0.10531284173676835	0.1275493475039105
1.7067067067067068	0.10195442448724873	0.12388061105366036
1.7167167167167168	0.09878175489881112	0.12039850671495234
1.7267267267267268	0.09578115642004396	0.1170903835418797
1.7367367367367368	0.09294019450733523	0.11394464882200893
1.7467467467467468	0.0902475435458453	0.11095066359866161
1.7567567567567568	0.08769287011083583	0.10809865001695788
1.7667667667667668	0.08526673031747262	0.10537960899140703
1.7767767767767768	0.0829604793500907	0.10278524690368777
1.7867867867867868	0.08076619154788392	0.10030791021798642
1.7967967967967968	0.07867658966306375	0.09794052705279943
1.8068068068068068	0.07668498210827507	0.09567655487724436
1.8168168168168168	0.07478520717887181	0.09350993360994198
1.8268268268268268	0.0729715833781728	0.09143504349281854
1.8368368368368369	0.07123886509458655	0.08944666719284997
1.8468468468468469	0.06958220298169031	0.0875399556542112
1.8568568568568569	0.06799710847962574	0.08571039728298975
1.8668668668668669	0.06647942199043747	0.08395379009827265
1.8768768768768769	0.06502528428353271	0.08226621652796688
1.8868868868868869	0.06363111076193899	0.08064402056636483
1.896896896896897	0.06229356826687564	0.07908378704412812
1.906906906906907	0.061009554138448926	0.07758232279042503
1.916916916916917	0.059776177285065735	0.07613663949255654
1.926926926926927	0.05859074104430782	0.07474393808055897
1.936936936936937	0.057450727644035464	0.07340159448375469
1.946946946946947	0.05635378409518192	0.07210714662324756
1.956956956956957	0.05529770936739405	0.07085828251936674
1.966966966966967	0.054280442715838685	0.06965282940617203
1.976976976976977	0.053300053042568456	0.06848874375676371
1.986986986986987	0.052354729188870436	0.06736410213334662
1.996996996996997	0.05144277106661968	0.06627709278501237
2.007007007007007	0.05056258154673815	0.06522600792426435
2.017017017017017	0.04971265903171382	0.0642092366202869
2.027027027027027	0.04889159064700057	0.06322525825334813
2.037037037037037	0.04809804599303051	0.0622726364802293
2.047047047047047	0.04733077140564347	0.061350013665612164
2.057057057057057	0.04658858467815474	0.060456105738718735
2.067067067067067	0.04587037020309607	0.05958969743849426
2.0770770770770772	0.045175074495858926	0.05874963791413147
2.0870870870870872	0.044501702066291594	0.0579348366508966
2.0970970970970972	0.043849311607657766	0.05714425969404698
2.1071071071071072	0.043217012475329435	0.05637692614615245
2.1171171171171173	0.042603961430304774	0.055631904915422914
2.1271271271271273	0.04200935962498149	0.05490831169467719
2.1371371371371373	0.04143244981080698	0.0542053061524347
2.1471471471471473	0.04087251374929218	0.05352208931926819
2.1571571571571573	0.040328869809626064	0.05285790115402669
2.1671671671671673	0.039800870737646855	0.05221201827594254
2.1771771771771773	0.0392879015823441	0.05158375184977693
2.1871871871871873	0.03878937776724972	0.05097244561232816
2.1971971971971973	0.038304743295294624	0.050377474029586256
2.2072072072072073	0.037833469076617665	0.04979824057473314
2.2172172172172173	0.03737505136981147	0.04923417611800192
2.2272272272272273	0.03692901032786448	0.048684737420167816
2.2372372372372373	0.03649488864083469	0.04814940572209865
2.2472472472472473	0.03607225026794756	0.047627685423422855
2.2572572572572573	0.03566067925244621	0.0471191028439276
2.2672672672672673	0.035259778613065694	0.046623205061816275
2.2772772772772774	0.03486916930650429	0.04613955882341119
2.2872872872872874	0.034488489255740634	0.04566774951931562
2.2972972972972974	0.03411739243943661	0.045207380222433764
2.3073073073073074	0.033755548038109866	0.04475807078362964
2.3173173173173174	0.03340263963299747	0.044319456981067075
2.3273273273273274	0.033058364453980874	0.04389118971965319
2.3373373373373374	0.032722432673106955	0.04347293427720409
2.3473473473473474	0.032394566740612724	0.04306436959426121
2.3573573573573574	0.03207450076051364	0.04266518760466551
2.3673673673673674	0.03176197990310059	0.04227509260424644
2.3773773773773774	0.031456759851855774	0.0418938006551664
2.3873873873873874	0.031158606282502267	0.04152103902361271
2.3973973973973974	0.03086729437205945	0.04115654564873693
2.4074074074074074	0.030582608335952586	0.04080006864085313
2.4174174174174174	0.03030434099134061	0.04045136580707823
2.4274274274274275	0.030032293344982447	0.040110204202688085
2.4374374374374375	0.029766274204075405	0.03977635970663218
2.4474474474474475	0.029506099808604854	0.03944961661969713
2.4574574574574575	0.029251593483852714	0.039129767283974985
2.4674674674674675	0.029002585311812573	0.03881661172232545
2.4774774774774775	0.028758911820345963	0.0385099572966665
2.4874874874874875	0.028520415688977077	0.038209618383935606
2.4974974974974975	0.0282869454703195	0.037915416068726164
2.5075075075075075	0.028058355326194363	0.03762717785159313
2.5175175175175175	0.02783450477755127	0.03734473737213006
2.5275275275275275	0.02761525846737827	0.037067934145956695
2.5375375375375375	0.027400485935823005	0.036796613314845766
2.5475475475475475	0.027190061406820374	0.03653062540921125
2.5575575575575575	0.026983863585543603	0.03626982612228409
2.5675675675675675	0.02678177546607128	0.03601407609531491
2.5775775775775776	0.026583684148667314	0.035763240713183424
2.5875875875875876	0.026389480666133874	0.03551718990985287
2.5975975975975976	0.02619905981872163	0.035275797983119944
2.6076076076076076	0.026012320017128075	0.0350389434181581
2.6176176176176176	0.025829163133112856	0.034806508719384184
2.6276276276276276	0.02564949435732687	0.034578380250184726
2.6376376376376376	0.025473222063948323	0.03435444808010439
2.6476476476476476	0.025300257681762955	0.03413460583909207
2.6576576576576576	0.025130515571322096	0.03391875057841849
2.6676676676676676	0.024963912907877306	0.03370678263794836
2.6776776776776776	0.024800369569763017	0.03349860551940846
2.6876876876876876	0.024639808031938725	0.03329412576535568
2.6976976976976976	0.024482153264430512	0.03309325284355257
2.7077077077077076	0.024327332635406665	0.03289589903647295
2.7177177177177176	0.024175275818644336	0.03270197933567725
2.7277277277277276	0.02402591470516804	0.03251141134081063
2.7377377377377377	0.023879183318842086	0.03232411516300707
2.7477477477477477	0.023735017735709726	0.032140013332459916
2.7577577577577577	0.023593356006897617	0.03195903070996709
2.7677677677677677	0.023454138084904562	0.03178109440225727
2.7777777777777777	0.023317305753099163	0.03160613368089993
2.7877877877877877	0.02318280255827104	0.03143407990464265
2.7977977977977977	0.023050573746089178	0.03126486644499993
2.8078078078078077	0.02292056619931723	0.031098428614937022
2.8178178178178177	0.022792728378645565	0.030934703600514035
2.8278278278278277	0.022667010266044174	0.03077363039533524
2.8378378378378377	0.022543363310466944	0.030615149737677455
2.8478478478478477	0.022421740375838183	0.03045920405018416
2.8578578578578577	0.022302095691185377	0.03030573738197992
2.8678678678678677	0.02218438480283018	0.030154695353128615
2.8778778778778777	0.022068564528538878	0.030006025101291845
2.8878878878878878	0.021954592913531464	0.029859675230514384
2.8978978978978978	0.02184242918827847	0.029715595762027897
2.9079079079079078	0.021732033727990208	0.02957373808698261
2.9179179179179178	0.021623368013725133	0.02943405492102681
2.9279279279279278	0.021516394595044452	0.029296500260643007
2.937937937937938	0.021411077054145015	0.029161029341169
2.947947947947948	0.02130737997139384	0.029027598596430584
2.957957957957958	0.021205268892214833	0.02889616561990853
2.967967967967968	0.021104710295257532	0.02876668912738129
2.977977977977978	0.02100567156179479	0.0286391289209747
2.987987987987988	0.02090812094629564	0.028513445854556632
2.997997997997998	0.020812027548117503	0.02838960180042737
3.008008008008008	0.020717361284279923	0.02826755961723336
3.018018018018018	0.02062409286325975	0.02814728311908131
3.028028028028028	0.020532193759764943	0.028028737045768026
3.038038038038038	0.020441636190462062	0.027911887034101034
3.048048048048048	0.02035239309059103	0.027796699590266493
3.058058058058058	0.020264438091452234	0.027683142063182228
3.068068068068068	0.020177745498717668	0.027571182618816397
3.078078078078078	0.020092290271525627	0.027460790215415837
3.088088088088088	0.02000804800234845	0.02735193457961998
3.098098098098098	0.019924994897572306	0.027244586183411607
3.108108108108108	0.019843107758784943	0.02713871622188098
3.118118118118118	0.019762363964727057	0.027034296591769577
3.1281281281281283	0.019682741453884996	0.026931299870753968
3.1381381381381384	0.019604218707700394	0.026829699297447676
3.1481481481481484	0.019526774734366342	0.02672946875209521
3.1581581581581584	0.019450389053195034	0.026630582737922688
3.1681681681681684	0.01937504167952603	0.026533016363123836
3.1781781781781784	0.019300713110154664	0.026436745323457606
3.1881881881881884	0.019227384309269097	0.026341745885430805
3.1981981981981984	0.019155036694862237	0.026247994870050372
3.2082082082082084	0.019083652125608783	0.026155469637107017
3.2182182182182184	0.01901321288818866	0.02606414806999427
3.2282282282282284	0.018943701685034304	0.025974008561014082
3.2382382382382384	0.018875101622494787	0.025885029997182594
3.2482482482482484	0.01880739619938971	0.0257971917464834
3.2582582582582584	0.018740569295946818	0.02571047364458163
3.2682682682682684	0.01867460516310193	0.025624855981961573
3.2782782782782784	0.018609488412155914	0.025540319491479564
3.2882882882882885	0.018545204004766613	0.025456845336319207
3.2982982982982985	0.0184817372432626	0.02537441509832892
3.3083083083083085	0.018419073761283676	0.025293010766729036
3.3183183183183185	0.018357199514709148	0.025212614727181525
3.3283283283283285	0.018296100772887038	0.025133209751196643
3.3383383383383385	0.01823576411013617	0.025054778985875933
3.3483483483483485	0.018176176397527836	0.02497730594397531
3.3583583583583585	0.018117324794914583	0.02490077449427397
3.3683683683683685	0.018059196743223597	0.024825168852243104
3.3783783783783785	0.018001779956982537	0.02475047357100046
3.3883883883883885	0.017945062417081287	0.024676673532541462
3.3983983983983985	0.017889032363759213	0.02460375393924252
3.4084084084084085	0.017833678289806677	0.024531700305609878
3.4184184184184185	0.01777898893397982	0.02446049845029296
3.4284284284284285	0.01772495327461567	0.024390134488327497
3.4384384384384385	0.017671560523432578	0.024320594823610833
3.4484484484484486	0.017618800119540343	0.024251866141611324
3.4584584584584586	0.017566661723602064	0.024183935402279325
3.4684684684684686	0.017515135212203475	0.02411678983317809
3.4784784784784786	0.01746421067236235	0.024050416922814226
3.4884884884884886	0.017413878396217893	0.023984804414162793
3.4984984984984986	0.017364128875874935	0.02391994029837628
3.5085085085085086	0.01731495279839674	0.023855812808688367
3.5185185185185186	0.017266341040947562	0.02379241041447699
3.5285285285285286	0.01721828466607826	0.023729721815514655
3.5385385385385386	0.01717077491714473	0.023667735936371444
3.5485485485485486	0.01712380321386744	0.023606441920981665
3.5585585585585586	0.017077361148009056	0.02354582912737089
3.5685685685685686	0.017031440479184895	0.023485887122515245
3.5785785785785786	0.01698603313078886	0.02342660567736758
3.5885885885885886	0.016941131186035966	0.023367974762005708
3.5985985985985987	0.016896726884119844	0.023309984540920994
3.6086086086086087	0.016852812616474245	0.023252625368443528
3.6186186186186187	0.01680938092314443	0.023195887784284056
3.6286286286286287	0.016766424489257463	0.02313976250920965
3.6386386386386387	0.016723936141592087	0.023084240440825632
3.6486486486486487	0.016681908845242992	0.023029312649485406
3.6586586586586587	0.01664033570037621	0.022974970374303585
3.6686686686686687	0.016599209939081497	0.022921205019276907
3.6786786786786787	0.016558524922297646	0.022868008149517827
3.6886886886886887	0.01651827413683471	0.022815371487576692
3.6986986986986987	0.016478451192471336	0.02276328690987529
3.7087087087087087	0.016439049819128092	0.022711746443228157
3.7187187187187187	0.01640006386412488	0.022660742261455313
3.7287287287287287	0.016361487289504414	0.02261026668209037
3.7387387387387387	0.016323314169431946	0.02256031216317044
3.7487487487487487	0.01628553868766163	0.02251087130011155
3.7587587587587588	0.01624815513507375	0.022461936822669292
3.7687687687687688	0.01621115790727113	0.02241350159196936
3.7787787787787788	0.016174541502248133	0.022365558597627743
3.7887887887887888	0.016138300518108124	0.022318100954933827
3.798798798798799	0.01610242965085324	0.022271121902114166
3.808808808808809	0.016066923692222942	0.022224614797660427
3.818818818818819	0.016031777527595194	0.02217857311773072
3.828828828828829	0.015996986133933886	0.02213299045361175
3.838838838838839	0.015962544577795768	0.022087860509251107
3.848848848848849	0.01592844801338972	0.022043177098847053
3.858858858858859	0.015894691680672667	0.021998934144498113
3.868868868868869	0.01586127090351458	0.021955125673920852
3.878878878878879	0.015828181087891396	0.021911745818209198
3.888888888888889	0.015795417720134354	0.02186878880966498
3.898898898898899	0.015762976365215293	0.021826248979671063
3.908908908908909	0.015730852665087072	0.021784120756623917
3.918918918918919	0.015699042337048837	0.021742398663911026
3.928928928928929	0.015667541172167544	0.021701077317943764
3.938938938938939	0.01563634503373001	0.021660151426234966
3.948948948948949	0.015605449855731158	0.021619615785521493
3.958958958958959	0.015574851641410127	0.021579465279935192
3.968968968968969	0.015544546461809751	0.02153969487922289
3.978978978978979	0.015514530454376504	0.02150029963699323
3.988988988988989	0.01548479982160012	0.021461274689023795
3.998998998998999	0.015455350829673628	0.02142261525159882
4.009009009009009	0.015426179807199063	0.021384316619886608
4.019019019019019	0.015397283143913131	0.02134637416635734
4.029029029029029	0.015368657289451323	0.021308783339241105
4.039039039039039	0.015340298752135054	0.021271539661012112
4.049049049049049	0.015312204097794865	0.021234638726924278
4.059059059059059	0.015284369948614885	0.021198076203564144
4.069069069069069	0.015256792982007538	0.021161847827450012
4.079079079079079	0.015229469929518258	0.021125949403656953
4.089089089089089	0.01520239757574258	0.02109037680447525
4.099099099099099	0.015175572757289665	0.021055125968103595
4.109109109109109	0.01514899236174917	0.021020192897362573
4.119119119119119	0.015122653326696876	0.020985573658448997
4.129129129129129	0.015096552638712433	0.020951264379710965
4.1391391391391394	0.01507068733242983	0.020917261250452467
4.1491491491491495	0.015045054489600905	0.02088356051976839
4.1591591591591595	0.015019651238186275	0.020850158495398566
4.1691691691691695	0.014994474751463155	0.020817051542618207
4.1791791791791795	0.014969522247153456	0.020784236083139597
4.1891891891891895	0.014944790986578745	0.02075170859405252
4.1991991991991995	0.014920278273822814	0.020719465606778068
4.2092092092092095	0.014895981454918465	0.020687503706047713
4.2192192192192195	0.014871897917061937	0.02065581952891053
4.2292292292292295	0.014848025087819402	0.02062440976375284
4.2392392392392395	0.014824360434385278	0.020593271149350306
4.2492492492492495	0.014800901462827592	0.02056240047392905
4.2592592592592595	0.014777645717362984	0.020531794574256197
4.2692692692692695	0.014754590779651392	0.020501450334749385
4.2792792792792795	0.014731734268096501	0.02047136468659855
4.2892892892892895	0.014709073837166783	0.020441534606912774
4.2992992992992995	0.014686607176730888	0.020411957117887954
4.3093093093093096	0.01466433201140818	0.020382629285983347
4.31931931931932	0.014642246099931363	0.02035354822112284
4.32932932932933	0.014620347234524211	0.02032471107591354
4.33933933933934	0.014598633240290758	0.020296115044874642
4.34934934934935	0.014577101974620945	0.020267757363688355
4.35935935935936	0.014555751326607335	0.020239635308467372
4.36936936936937	0.014534579216470323	0.020211746195029023
4.37937937937938	0.014513583595006168	0.020184087378199565
4.38938938938939	0.014492762443031925	0.020156656251116543
4.3993993993994	0.0144721137708557	0.020129450244556438
4.40940940940941	0.014451635617749838	0.02010246682627597
4.41941941941942	0.014431326051436514	0.020075703500358824
4.42942942942943	0.014411183167586937	0.02004915780658599
4.43943943943944	0.014391205089329425	0.02002282731981302
4.44944944944945	0.01437138996676724	0.019996709649359706
4.45945945945946	0.014351735976504925	0.019970802438418627
4.46946946946947	0.014332241321184446	0.01994510336346375
4.47947947947948	0.014312904229040472	0.019919610133686053
4.48948948948949	0.014293722953446995	0.019894320490428993
4.4994994994995	0.014274695772488607	0.019869232206638325
4.50950950950951	0.01425582098853433	0.01984434308632708
4.51951951951952	0.01423709692781855	0.019819650964046965
4.52952952952953	0.014218521940034803	0.019795153704370176
4.53953953953954	0.0142000943979345	0.01977084920138461
4.54954954954955	0.014181812696933097	0.019746735378194893
4.55955955955956	0.014163675254728385	0.019722810186439437
4.56956956956957	0.014145680510923667	0.01969907160581104
4.57957957957958	0.014127826926655334	0.019675517643590063
4.58958958958959	0.014110112984233892	0.01965214633418434
4.5995995995996	0.014092537186789876	0.019628955738682178
4.60960960960961	0.014075098057922687	0.01960594394440987
4.61961961961962	0.014057794141363144	0.019583109064502755
4.62962962962963	0.014040624000638111	0.01956044923747376
4.63963963963964	0.014023586218741417	0.019537962626807823
4.64964964964965	0.01400667939781649	0.019515647420547583
4.65965965965966	0.01398990215883435	0.01949350183089559
4.66966966966967	0.013973253141294197	0.019471524093822343
4.67967967967968	0.013956731002912377	0.019449712468683305
4.68968968968969	0.013940334419328619	0.01942806523783762
4.6996996996997	0.0139240620838149	0.01940658070628361
4.70970970970971	0.013907912706989716	0.019385257201289904
4.71971971971972	0.013891885016535863	0.019364093072044578
4.72972972972973	0.013875977756927652	0.019343086689299654
4.73973973973974	0.013860189689159308	0.01932223644503689
4.74974974974975	0.013844519590482446	0.019301540752122304
4.75975975975976	0.013828966254144006	0.019280998043981125
4.76976976976977	0.013813528489133411	0.019260606774271265
4.77977977977978	0.013798205119931147	0.01924036541656955
4.78978978978979	0.013782994986263597	0.019220272464053764
4.7997997997998	0.013767896942864857	0.0192003264292005
4.80980980980981	0.013752909859235454	0.01918052584348225
4.81981981981982	0.013738032619415553	0.01916086925707323
4.82982982982983	0.013723264121755585	0.019141355238560226
4.83983983983984	0.013708603278688409	0.019121982374655032
4.84984984984985	0.013694049016520014	0.019102749269919565
4.85985985985986	0.01367960027520325	0.01908365454648733
4.86986986986987	0.013665256008134502	0.01906469684379815
4.87987987987988	0.013651015181942125	0.019045874818329516
4.88988988988989	0.013636876776284883	0.01902718714334135
4.8998998998999	0.013622839783649903	0.019008632508616393
4.90990990990991	0.01360890320915707	0.018990209620213496
4.91991991991992	0.013595066070367683	0.018971917200218943
4.92992992992993	0.013581327397093557	0.01895375398650853
4.93993993993994	0.013567686231211813	0.018935718732506684
4.94994994994995	0.013554141626479645	0.01891781020695229
4.95995995995996	0.013540692648360936	0.018900027193675492
4.96996996996997	0.013527338373843085	0.018882368491367266
4.97997997997998	0.013514077891267575	0.01886483291336108
4.98998998998999	0.013500910300161293	0.018847419287414385
5.0	0.01348783471106581	0.018830126455496404
