-5.0	0.04261462529461555	0.05044605492729288
-4.98998998998999	0.04266947115052059	0.050510490272360126
-4.97997997997998	0.04272471158420785	0.050575388313410366
-4.96996996996997	0.0427803504935545	0.05064075361035026
-4.95995995995996	0.04283639182564922	0.05070659078048936
-4.94994994994995	0.04289283957754669	0.05077290449942257
-4.93993993993994	0.04294969779704399	0.05083969950192614
-4.92992992992993	0.043006970583461986	0.05090698058287175
-4.91991991991992	0.0430646620884461	0.05097475259815347
-4.90990990990991	0.043122776516782764	0.05104302046563798
-4.8998998998999	0.043181318127227655	0.051111789166127415
-4.88988988988989	0.043240291233350166	0.05118106374434038
-4.87987987987988	0.04329970020439374	0.05125084930991301
-4.86986986986987	0.04335954946615372	0.05132115103841655
-4.85985985985986	0.04341984350187153	0.05139197417239639
-4.84984984984985	0.04348058685313646	0.051463324022424504
-4.83983983983984	0.04354178412082258	0.05153520596817987
-4.82982982982983	0.04360343996602344	0.05160762545954411
-4.81981981981982	0.04366555911101937	0.051680588017713594
-4.80980980980981	0.04372814634025448	0.05175409923634325
-4.7997997997998	0.04379120650133506	0.05182816478270252
-4.78978978978979	0.04385474450604552	0.05190279039885642
-4.77977977977978	0.04391876533138638	0.0519779819028685
-4.76976976976977	0.043983274020631104	0.052053745190029616
-4.75975975975976	0.04404827568439882	0.052130086234103715
-4.74974974974975	0.04411377550175303	0.05220701108860124
-4.73973973973974	0.044179778721321464	0.05228452588808394
-4.72972972972973	0.04424629066243274	0.052362636849477104
-4.71971971971972	0.04431331671627897	0.05244135027342417
-4.70970970970971	0.04438086234710032	0.0525206725456593
-4.6996996996997	0.04444893309339	0.05260061013840797
-4.68968968968969	0.044517534569127194	0.05268116961181387
-4.67967967967968	0.04458667246503176	0.052762357615396334
-4.66966966966967	0.044656352549840836	0.05284418088953363
-4.65965965965966	0.04472658067161509	0.05292664626697537
-4.64964964964965	0.04479736275907022	0.05300976067438688
-4.63963963963964	0.044868704822930316	0.053093531133923996
-4.62962962962963	0.04494061295731214	0.05317796476482836
-4.61961961961962	0.04501309334113921	0.053263068785078554
-4.60960960960961	0.04508615223957642	0.053348850513043694
-4.5995995995996	0.04515979600550014	0.053435317369196725
-4.58958958958959	0.04523403108099619	0.053522476877843755
-4.57957957957958	0.04530886399888496	0.053610336668898716
-4.56956956956957	0.04538430138428346	0.05369890447968572
-4.55955955955956	0.045460349956190686	0.053788188156784114
-4.54954954954955	0.04553701652911493	0.05387819565791158
-4.53953953953954	0.04561430801472394	0.05396893505383407
-4.52952952952953	0.04569223142353933	0.054060414530332196
-4.51951951951952	0.04577079386665558	0.054152642390193094
-4.50950950950951	0.04585000255750298	0.054245627055248796
-4.4994994994995	0.0459298648136418	0.05433937706845929
-4.48948948948949	0.04601038805859479	0.05443390109603003
-4.47947947947948	0.04609157982371713	0.054529207929584614
-4.46946946946947	0.04617344775011019	0.054625306488371037
-4.45945945945946	0.04625599959056557	0.05472220582152295
-4.44944944944945	0.04633924321156034	0.054819915110359746
-4.43943943943944	0.04642318659528668	0.05491844367074823
-4.42942942942943	0.04650783784172844	0.0550178009554912
-4.41941941941942	0.04659320517077835	0.05511799655679323
-4.40940940940941	0.04667929692440656	0.05521904020875665
-4.3993993993994	0.04676612156886424	0.05532094178994351
-4.38938938938939	0.04685368769694639	0.0554237113259842
-4.37937937937938	0.04694200403029672	0.055527358992247436
-4.36936936936937	0.047031079421758645	0.05563189511656309
-4.35935935935936	0.04712092285778681	0.05573733018200503
-4.34934934934935	0.04721154346090057	0.05584367482973623
-4.33933933933934	0.04730295049219931	0.05595093986190862
-4.32932932932933	0.0473951533539278	0.056059136244634995
-4.31931931931932	0.04748816159209108	0.0561682751110145
-4.3093093093093096	0.047581984899147174	0.05627836776423678
-4.2992992992992995	0.0476766331167322	0.05638942568074161
-4.2892892892892895	0.047772116238469484	0.05650146051345543
-4.2792792792792795	0.04786844441282235	0.05661448409509878
-4.2692692692692695	0.04796562794602228	0.05672850844155864
-4.2592592592592595	0.04806367730505702	0.05684354575534938
-4.2492492492492495	0.04816260312072787	0.05695960842914058
-4.2392392392392395	0.048262416190772185	0.05707670904936178
-4.2292292292292295	0.04836312748305838	0.057194860399894916
-4.2192192192192195	0.04846474813885482	0.057314075465849657
-4.2092092092092095	0.04856728947616656	0.057434367437412585
-4.1991991991991995	0.04867076299315611	0.0575557497137984
-4.1891891891891895	0.04877518037163438	0.057678235907280585
-4.1791791791791795	0.04888055348063748	0.05780183984731776
-4.1691691691691695	0.048986894380081504	0.05792657558476714
-4.1591591591591595	0.04909421532450358	0.05805245739620889
-4.1491491491491495	0.04920252876688784	0.058179499788356674
-4.1391391391391394	0.04931184736258141	0.05830771750257196
-4.129129129129129	0.049422183973303585	0.058437125519488056
-4.119119119119119	0.049533551671238796	0.058567739063738335
-4.109109109109109	0.04964596374324062	0.05869957360878966
-4.099099099099099	0.04975943369512087	0.05883264488189943
-4.089089089089089	0.04987397525604797	0.05896696886917858
-4.079079079079079	0.04998960238304499	0.059102561820776375
-4.069069069069069	0.050106329265599533	0.059239440256194494
-4.059059059059059	0.050224170330374227	0.05937762096971444
-4.049049049049049	0.05034314024604091	0.05951712103596246
-4.039039039039039	0.05046325392822397	0.059657957815608
-4.029029029029029	0.050584526544562955	0.05980014896119145
-4.019019019019019	0.05070697351990065	0.059943712423099135
-4.009009009009009	0.05083061054159262	0.060088666455674844
-3.998998998998999	0.050955453564951056	0.06023502962348575
-3.988988988988989	0.05108151881881554	0.060382820807738324
-3.978978978978979	0.05120882281126785	0.06053205921284685
-3.968968968968969	0.051337382335478465	0.0606827643731672
-3.958958958958959	0.05146721447570384	0.060834956159892435
-3.948948948948949	0.05159833661343145	0.060988654788119136
-3.938938938938939	0.051730766433672866	0.061143880824086935
-3.928928928928929	0.05186452193142267	0.0613006551926038
-3.918918918918919	0.051999621418264814	0.06145899918464154
-3.908908908908909	0.05213608352916565	0.06161893446513883
-3.898898898898899	0.05227392722941724	0.06178048308098557
-3.888888888888889	0.05241317182176873	0.06194366746921458
-3.878878878878879	0.052553836953733765	0.0621085104653972
-3.868868868868869	0.05269594262509427	0.06227503531225475
-3.858858858858859	0.052839509195574216	0.0624432656684846
-3.848848848848849	0.05298455739274035	0.06261322561781371
-3.838838838838839	0.053131108320079085	0.06278493967828498
-3.828828828828829	0.05327918346529974	0.06295843281177836
-3.818818818818819	0.05342880470884743	0.06313373043377991
-3.808808808808809	0.05357999433263839	0.06331085842340624
-3.798798798798799	0.05373277502902099	0.06348984313368329
-3.7887887887887888	0.053887169909985176	0.06367071140209872
-3.7787787787787788	0.054043202516593176	0.06385349056142747
-3.7687687687687688	0.05420089682867807	0.06403820845084088
-3.7587587587587588	0.054360277274795255	0.06422489342731279
-3.7487487487487487	0.054521368742433185	0.06441357437732322
-3.7387387387387387	0.05468419658850749	0.06460428072887746
-3.7287287287287287	0.05484878665012978	0.06479704246383772
-3.7187187187187187	0.05501516525567062	0.0649918901305958
-3.7087087087087087	0.05518335923611951	0.06518885485707944
-3.6986986986986987	0.055353395936760676	0.06538796836411091
-3.6886886886886887	0.05552530322915639	0.06558926297912308
-3.6786786786786787	0.055699109523470985	0.06579277165026193
-3.6686686686686687	0.05587484378112699	0.06599852796085752
-3.6586586586586587	0.05605253552781306	0.06620656614429994
-3.6486486486486487	0.0562322148668493	0.06641692109933041
-3.6386386386386387	0.05641391249293283	0.0666296284057355
-3.6286286286286287	0.056597659706261565	0.06684472434049918
-3.6186186186186187	0.05678348842705681	0.0670622458943909
-3.6086086086086087	0.05697143121049391	0.0672822307890176
-3.5985985985985987	0.057161521262058326	0.06750471749436297
-3.5885885885885886	0.057353792453333004	0.06772974524680661
-3.5785785785785786	0.05754827933824888	0.06795735406767087
-3.5685685685685686	0.0577450171697811	0.0681875847822762
-3.5585585585585586	0.0579440419171457	0.06842047903955364
-3.5485485485485486	0.058145390283481875	0.06865607933221014
-3.5385385385385386	0.05834909972404757	0.0688944290174792
-3.5285285285285286	0.05855520846495535	0.06913557233846519
-3.5185185185185186	0.058763755522441924	0.06937955444611432
-3.5085085085085086	0.05897478072271427	0.06962642142181302
-3.4984984984984986	0.05918832472237797	0.06987622030065822
-3.4884884884884886	0.059404429029474494	0.07012899909540386
-3.4784784784784786	0.059623136025135845	0.07038480682111463
-3.4684684684684686	0.05984448898589707	0.07064369352055035
-3.4584584584584586	0.06006853210666846	0.07090571029029784
-3.4484484484484486	0.06029531052441386	0.07117090930769923
-3.4384384384384385	0.06052487034252809	0.0714393438585629
-3.4284284284284285	0.06075725865596965	0.07171106836572967
-3.4184184184184185	0.06099252357715347	0.07198613841848997
-3.4084084084084085	0.06123071426264501	0.07226461080289528
-3.3983983983983985	0.06147188094066533	0.07254654353299873
-3.3883883883883885	0.06171607493946059	0.07283199588304812
-3.3783783783783785	0.061963348716541355	0.07312102842066376
-3.3683683683683685	0.06221375588884158	0.07341370304105063
-3.3583583583583585	0.06246735126382225	0.07371008300225827
-3.3483483483483485	0.06272419087154926	0.07401023296155397
-3.3383383383383385	0.06298433199779807	0.07431421901292284
-3.3283283283283285	0.06324783321819237	0.07462210872574031
-3.3183183183183185	0.06351475443345209	0.07493397118468738
-3.3083083083083085	0.06378515690575352	0.07524987703089923
-3.2982982982982985	0.064059103296274	0.07556989850445679
-3.2882882882882885	0.06433665770394612	0.07589410948820388
-3.2782782782782784	0.06461788570546828	0.07622258555299831
-3.2682682682682684	0.064902854396627	0.07655540400440894
-3.2582582582582584	0.06519163243497503	0.07689264393092629
-3.2482482482482484	0.06548429008390805	0.07723438625374596
-3.2382382382382384	0.06578089925821372	0.07758071377818106
-3.2282282282282284	0.06608153357111933	0.07793171124675084
-3.2182182182182184	0.06638626838293073	0.07828746539404237
-3.2082082082082084	0.06669518085128599	0.07864806500336742
-3.1981981981981984	0.06700834998311751	0.07901360096532392
-3.1881881881881884	0.06732585668837086	0.07938416633830485
-3.1781781781781784	0.06764778383554924	0.07975985641104376
-3.1681681681681684	0.06797421630916431	0.08014076876727447
-3.1581581581581584	0.06830524106916194	0.08052700335258114
-3.1481481481481484	0.06864094721240115	0.08091866254352297
-3.1381381381381384	0.06898142603625708	0.08131585121913516
-3.1281281281281283	0.0693267711044603	0.08171867683487671
-3.118118118118118	0.06967707831523391	0.08212724949914613
-3.108108108108108	0.07003244597182648	0.08254168205244043
-3.098098098098098	0.07039297485555857	0.08296209014929123
-3.088088088088088	0.0707587683014415	0.08338859234305757
-3.078078078078078	0.07112993227653468	0.08382131017371708
-3.068068068068068	0.07150657546108286	0.08426036825876292
-3.058058058058058	0.0718888093326065	0.08470589438731842
-3.048048048048048	0.07227674825303732	0.08515801961764552
-3.038038038038038	0.07267050955903097	0.08561687837811856
-3.028028028028028	0.07307021365558641	0.08608260857186589
-3.018018018018018	0.07347598411312943	0.08655535168520583
-3.008008008008008	0.07388794776817027	0.08703525290002041
-2.997997997997998	0.07430623482772952	0.08752246121024891
-2.987987987987988	0.07473097897765606	0.08801712954268369
-2.977977977977978	0.07516231749502322	0.08851941488220616
-2.967967967967968	0.07560039136477868	0.08902947840170952
-2.957957957957958	0.07604534540082003	0.08954748559684167
-2.947947947947948	0.0764973283717011	0.0900736064258402
-2.937937937937938	0.07695649313116378	0.09060801545461684
-2.9279279279279278	0.0774229967537069	0.09115089200735993
-2.9179179179179178	0.07789700067541812	0.09170242032286932
-2.9079079079079078	0.0783786708403039	0.09226278971689389
-2.8978978978978978	0.07886817785235761	0.09283219475070212
-2.8878878878878878	0.07936569713361626	0.09341083540619144
-2.8778778778778777	0.0798714090885005	0.09399891726780533
-2.8678678678678677	0.08038549927468593	0.09459665171156804
-2.8578578578578577	0.08090815858084646	0.09520425610154498
-2.8478478478478477	0.08143958341153996	0.09582195399407646
-2.8378378378378377	0.08197997587959485	0.09644997535011456
-2.8278278278278277	0.08252954400633838	0.09708855675604612
-2.8178178178178177	0.08308850193002183	0.0977379416533736
-2.8078078078078077	0.08365707012283669	0.09839838057767354
-2.7977977977977977	0.08423547561692253	0.09907013140724495
-2.7877877877877877	0.08482395223978323	0.0997534596219018
-2.7777777777777777	0.08542274085958128	0.10044863857236708
-2.7677677677677677	0.08603208964074935	0.10115594976079195
-2.7577577577577577	0.08665225431044618	0.10187568313288281
-2.7477477477477477	0.08728349843636155	0.10260813738221135
-2.7377377377377377	0.08792609371642904	0.10335362026727385
-2.7277277277277276	0.0885803202810279	0.10411244894190298
-2.7177177177177176	0.08924646700828806	0.10488495029967244
-2.7077077077077076	0.08992483185313743	0.10567146133297835
-2.6976976976976976	0.09061572219079823	0.10647232950748287
-2.6876876876876876	0.09131945517541822	0.10728791315269041
-2.6776776776776776	0.09203635811463229	0.10811858186942527
-2.6676676676676676	0.09276676886083556	0.10896471695505891
-2.6576576576576576	0.09351103622004103	0.10982671184733266
-2.6476476476476476	0.09426952037918221	0.11070497258774441
-2.6376376376376376	0.09504259335286001	0.1115999183054178
-2.6276276276276276	0.09583063945050092	0.11251198172253521
-2.6176176176176176	0.09663405576500049	0.11344160968237894
-2.6076076076076076	0.09745325268398115	0.1143892637011498
-2.5975975975975976	0.09828865442485626	0.11535542054476822
-2.5875875875875876	0.09914069959494333	0.11634057283193398
-2.5775775775775776	0.10000984177797931	0.11734522966479112
-2.5675675675675675	0.10089655014846108	0.1183699172886492
-2.5575575575575575	0.10180131011526718	0.11941517978223794
-2.5475475475475475	0.1027246239962069	0.12048157978011868
-2.5375375375375375	0.1036670117251364	0.12156969922893622
-2.5275275275275275	0.104629011593457	0.1226801401792984
-2.5175175175175175	0.10561118102787925	0.1238135256151697
-2.5075075075075075	0.10661409740647988	0.12497050032279773
-2.4974974974974975	0.10763835891517073	0.12615173180128603
-2.4874874874874875	0.10868458544688821	0.1273579112170624
-2.4774774774774775	0.10975341954586229	0.12858975440462123
-2.4674674674674675	0.11084552739959777	0.12984800291608894
-2.4574574574574575	0.1119615998812494	0.1311334251222469
-2.4474474474474475	0.11310235364531783	0.13244681736790567
-2.4374374374374375	0.11426853227973974	0.13378900518458026
-2.4274274274274275	0.11546090751769206	0.13516084456372648
-2.4174174174174174	0.1166802805125823	0.1365632232938713
-2.4074074074074074	0.11792748317996281	0.137997062365285
-2.3973973973973974	0.11920337961037263	0.13946331744598353
-2.3873873873873874	0.12050886755730864	0.14096298043313385
-2.3773773773773774	0.12184488000487145	0.14249708108418643
-2.3673673673673674	0.12321238681990358	0.14406668873229708
-2.3573573573573574	0.12461239649376009	0.1456729140909211
-2.3473473473473474	0.1260459579792203	0.14731691115276394
-2.3373373373373374	0.12751416262838855	0.14899987918857607
-2.3273273273273274	0.12901814623787428	0.15072306485167908
-2.3173173173173174	0.13055909120793352	0.15248776439442138
-2.3073073073073074	0.13213822882275086	0.15429532600322862
-2.2972972972972974	0.13375684165949836	0.15614715225926082
-2.2872872872872874	0.1354162661344035	0.1580447027322589
-2.2772772772772774	0.13711789519455847	0.1599894967154959
-2.2672672672672673	0.1388631811648908	0.1619831161104208
-2.2572572572572573	0.140653638760346	0.16402720847003646
-2.2472472472472473	0.14249084827404962	0.166123490210671
-2.2372372372372373	0.14437645895303616	0.16827375000247288
-2.2272272272272273	0.14631219257386188	0.17047985234957522
-2.2172172172172173	0.148299847231479	0.17274374137162865
-2.2072072072072073	0.15034130135554707	0.17506744479918618
-2.1971971971971973	0.15243851796951388	0.17745307819621037
-2.1871871871871873	0.1545935492089136	0.17990284942388518
-2.1771771771771773	0.15680854111647766	0.18241906336080396
-2.1671671671671673	0.15908573873305795	0.18500412689567355
-2.1571571571571573	0.1614274915047258	0.18766055420966177
-2.1471471471471473	0.1638362590279309	0.19039097236670632
-2.1371371371371373	0.16631461715630477	0.19319812723127405
-2.1271271271271273	0.16886526449443875	0.1960848897343762
-2.1171171171171173	0.17149102930589274	0.19905426250997116
-2.1071071071071072	0.17419487686480348	0.2021093869253833
-2.0970970970970972	0.17697991728266244	0.2052535505308601
-2.0870870870870872	0.17984941384432826	0.20849019495507085
-2.0770770770770772	0.18280679188987367	0.2118229242750338
-2.067067067067067	0.1858556482817822	0.2152555138908195
-2.057057057057057	0.18899976150002548	0.21879191993729072
-2.047047047047047	0.19224310241085216	0.222436289267192
-2.037037037037037	0.19558984575871868	0.22619297004199593
-2.027027027027027	0.19904438243458203	0.2300665229691951
-2.017017017017017	0.20261133257801078	0.2340617332270706
-2.007007007007007	0.2062955595749288	0.2381836231203248
-1.996996996996997	0.21010218501774305	0.24243746551264
-1.986986986986987	0.2140366046996972	0.2468287980846219
-1.976976976976977	0.21810450572094484	0.25136343846848835
-1.966966966966967	0.2223118847897777	0.25604750031338497
-1.956956956956957	0.2266650678089235	0.2608874103380268
-1.946946946946947	0.23117073084366138	0.26588992643015785
-1.936936936936937	0.23583592257594477	0.2710621568548464
-1.926926926926927	0.2406680883565533	0.27641158063640814
-1.916916916916917	0.24567509597564605	0.2819460691809832
-1.906906906906907	0.25086526328107933	0.2876739092091865
-1.896896896896897	0.25624738778313966	0.29360382706992383
-1.8868868868868869	0.2618307783944126	0.29974501450802243
-1.8768768768768769	0.26762528946379344	0.30610715595914767
-1.8668668668668669	0.2736413572745798	0.3127004574454917
-1.8568568568568569	0.2798900391878361	0.3195356771449635
-1.8468468468468469	0.2863830556236426	0.3266241577044843
-1.8368368368368369	0.2931328350847981	0.3339778603644958
-1.8268268268268268	0.30015256243892496	0.3416094009563412
-1.8168168168168168	0.3074562306867846	0.3495320878265526
-1.8068068068068068	0.3150586964552763	0.3577599617316683
-1.7967967967967968	0.32297573946396974	0.36630783773337466
-1.7867867867867868	0.33122412622256214	0.3751913491058993
-1.7767767767767768	0.33982167822355747	0.3844269932448062
-1.7667667667667668	0.34878734489840424	0.39403217953765673
-1.7567567567567568	0.3581412816056867	0.40402527912116604
-1.7467467467467468	0.36790493291535376	0.41442567640526584
-1.7367367367367368	0.37810112144192404	0.4252538221901648
-1.7267267267267268	0.38875414246034007	0.4365312881361619
-1.7167167167167168	0.39988986450824077	0.4482808222655464
-1.7067067067067068	0.41153583613514033	0.46052640507864195
-1.6966966966966968	0.42372139889886146	0.4732933057492933
-1.6866866866866868	0.4364778066282618	0.4866081377249096
-1.6766766766766767	0.4498383508637694	0.5004989128894488
-1.6666666666666667	0.4638384922469856	0.5149950932490925
-1.6566566566566567	0.47851599745032725	0.5301276388657535
-1.6466466466466467	0.49391108100772396	0.5459290504865825
-1.6366366366366367	0.5100665511171093	0.562433404992627
-1.6266266266266267	0.5270279581212622	0.5796763814098688
-1.6166166166166167	0.5448437439197977	0.5976952747836173
-1.6066066066066067	0.5635653900030049	0.6165289947053361
-1.5965965965965967	0.5832475611057979	0.6362180446917172
-1.5865865865865867	0.6039482406314689	0.6568044779416378
-1.5765765765765767	0.6257288529606378	0.6783318242312648
-1.5665665665665667	0.6486543665067183	0.7008449818456486
-1.5565565565565564	0.6727933698674698	0.7243900674846214
-1.5465465465465464	0.6982181116104433	0.7490142160228596
-1.5365365365365364	0.7250044920740893	0.7747653208562106
-1.5265265265265264	0.7532319930186229	0.8016917043444466
-1.5165165165165164	0.7829835279775214	0.829841706590654
-1.5065065065065064	0.8143451927018412	0.859263179521981
-1.4964964964964964	0.8474058911281408	0.8900028720151079
-1.4864864864864864	0.882256807831498	0.9221056907291585
-1.4764764764764764	0.9189906929762353	0.9556138204835144
-1.4664664664664664	0.9577009204296854	0.990565687601416
-1.4564564564564564	0.998480274116446	1.0269947498274425
-1.4464464464464464	1.0414194121253018	1.064928097461973
-1.4364364364364364	1.0866049529475224	1.1043848525346258
-1.4264264264264264	1.1341171241216084	1.1453743565093064
-1.4164164164164164	1.1840269113267732	1.1878941425684308
-1.4064064064064064	1.2363926467389035	1.2319276963874126
-1.3963963963963963	1.2912559807165969	1.2774420199069711
-1.3863863863863863	1.3486371924687148	1.3243850263243442
-1.3763763763763763	1.4085298154787045	1.3726828116298004
-1.3663663663663663	1.47089458462238	1.4222368685935973
-1.3563563563563563	1.5356527567165277	1.4729213329345479
-1.3463463463463463	1.6026789170597393	1.5245803778141165
-1.3363363363363363	1.6717934630166709	1.5770259005652099
-1.3263263263263263	1.7427550520139805	1.6300356727504552
-1.3163163163163163	1.8152534131745475	1.6833521485379959
-1.3063063063063063	1.8889030433608822	1.736682143491864
-1.2962962962962963	1.9632384290949398	1.7896976020589468
-1.2862862862862863	2.0377115396493046	1.8420376628213766
-1.2762762762762763	2.1116924020022356	1.8933122016757669
-1.2662662662662663	2.184473569441022	1.9431069811210495
-1.2562562562562563	2.255279205225906	1.9909904571993309
-1.2462462462462462	2.3232792975659273	2.036522195481125
-1.2362362362362362	2.3876091896614686	2.079262728453573
-1.2262262262262262	2.4473941546930864	2.118784557283918
-1.2162162162162162	2.501778201350831	2.1546838733682274
-1.2062062062062062	2.549955719440396	2.186592464146967
-1.1961961961961962	2.5912040497429034	2.214189188983487
-1.1861861861861862	2.624914682203177	2.2372103784221244
-1.1761761761761762	2.650620639546052	2.2554585335366277
-1.1661661661661662	2.6680177487676175	2.2688087844321467
-1.1561561561561562	2.676977952141297	2.2772127034531153
-1.1461461461461462	2.677553516910663	2.2806992466156992
-1.1361361361361362	2.6699718709678693	2.2793727973326297
-1.1261261261261262	2.6546216896057095	2.2734084873865914
-1.1161161161161162	2.63203165017641	2.2630451493098676
-1.1061061061061062	2.602843846170563	2.248576393517916
-1.0960960960960962	2.567784145416222	2.230340390743339
-1.0860860860860861	2.5276317796077814	2.2087089711993326
-1.0760760760760761	2.48319020479073	2.1840766296239917
-1.0660660660660661	2.4352608490590164	2.156849959115806
-1.0560560560560561	2.384620852123527	2.127437939466846
-1.0460460460460461	2.332005383559182	2.0962433918756798
-1.0360360360360361	2.2780946658168055	2.0636557949651855
-1.026026026026026	2.2235054634991465	2.030045547995475
-1.016016016016016	2.168786547187113	1.9957596738233578
-1.006006006006006	2.1144174945453513	1.9611188808595195
-0.995995995995996	2.060810137456757	1.9264158512922442
-0.985985985985986	2.0083119795197475	1.891914591084761
-0.975975975975976	1.9572109705345144	1.8578506630308556
-0.965965965965966	1.9077411132448252	1.8244321239591226
-0.955955955955956	1.860088476418929	1.7918409972862497
-0.9459459459459459	1.8143972857922406	1.7602351290367255
-0.9359359359359359	1.7707758531362892	1.7297502961705116
-0.9259259259259259	1.7293021798886512	1.7005024582066657
-0.9159159159159159	1.690029134039149	1.6725900649490193
-0.9059059059059059	1.6529891476714145	1.6460963534309567
-0.8958958958958959	1.618198419055344	1.6210915853058927
-0.8858858858858859	1.5856606293035818	1.5976351914981224
-0.8758758758758759	1.5553702012968933	1.575777803949924
-0.8658658658658659	1.527315139708357	1.5555631648939647
-0.8558558558558559	1.5014794971622376	1.53702991249803
-0.8458458458458459	1.4778455142374771	1.5202132482801776
-0.8358358358358359	1.456395481291293	1.5051464967084107
-0.8258258258258259	1.4371133688178044	1.4918625712012248
-0.8158158158158159	1.4199862709423594	1.4803953636397278
-0.8058058058058059	1.4050057041897328	1.4707810767628207
-0.7957957957957958	1.392168801223339	1.463059520692789
-0.7857857857857858	1.3814794371060668	1.4572753965520941
-0.7757757757757757	1.3729493239823545	1.4534795918840966
-0.7657657657657657	1.3665991090834095	1.451730514571345
-0.7557557557557557	1.362459510744004	1.4520954943382396
-0.7457457457457457	1.3605725278183758	1.4546522839214144
-0.7357357357357357	1.3609927596289544	1.4594906957972449
-0.7257257257257257	1.363788876539189	1.4667144152078506
-0.7157157157157157	1.3690452856145787	1.4764430364068903
-0.7057057057057057	1.3768640418897138	1.488814376899577
-0.6956956956956957	1.3873670638425148	1.5039871344127653
-0.6856856856856857	1.4006987222486325	1.5221439639549486
-0.6756756756756757	1.4170288852555395	1.5434950683285276
-0.6656656656656657	1.4365565200808712	1.5682824157690822
-0.6556556556556556	1.4595139742669125	1.5967847242323385
-0.6456456456456456	1.4861720883315455	1.6293233848437323
-0.6356356356356356	1.5168463288414447	1.6662695393149751
-0.6256256256256256	1.551904178944057	1.708052580592112
-0.6156156156156156	1.5917740856762959	1.755170416499691
-0.6056056056056056	1.636956344609483	1.8082019279394759
-0.5955955955955956	1.6880364090187667	1.8678221734636589
-0.5855855855855856	1.7457012516551467	1.9348210506488843
-0.5755755755755756	1.8107595947093287	2.010126335351912
-0.5655655655655656	1.8841670750350938	2.0948323017918167
-0.5555555555555556	1.9670577517293582	2.190235506508989
-0.5455455455455456	2.0607838268951686	2.2978798360504156
-0.5355355355355356	2.166966088605505	2.419613626935027
-0.5255255255255256	2.287558471801677	2.557662647055507
-0.5155155155155156	2.424931377311501	2.714724097190409
-0.5055055055055055	2.5819801541858496	2.894088722530737
-0.4954954954954955	2.7622676816801235	3.099800874697285
-0.4854854854854855	2.970213659071915	3.336870322291061
-0.4754754754754755	3.2113486024270466	3.611555360973523
-0.46546546546546547	3.4926585606188985	3.931745222191041
-0.45545545545545546	3.823058624857779	4.307482306476517
-0.44544544544544545	4.214051692361545	4.751683504147089
-0.43543543543543545	4.680657314640153	5.2811480822147985
-0.42542542542542544	5.242739719966225	5.91798224523935
-0.41541541541541543	5.92693374343441	6.691634675727294
-0.40540540540540543	6.769477407684747	7.6418325528850595
-0.3953953953953954	7.820432713321395	8.822843030774505
-0.38538538538538536	9.150040996302936	10.30965897625507
-0.37537537537537535	10.858337304399976	12.206867740430177
-0.36536536536536535	13.089584474692717	14.66088203643401
-0.35535535535535534	16.05319133538318	17.875126539699064
-0.34534534534534533	20.050936218224788	22.123367139805893
-0.3353353353353353	25.500899856075726	27.742410214478426
-0.3253253253253253	32.91456185375464	35.04857001612004
-0.3153153153153153	42.68713392428401	44.05191169131383
-0.3053053053053053	54.39376544294319	53.81988030377593
-0.2952952952952953	65.45716029034776	61.77885925945569
-0.2852852852852853	70.87693366714147	64.4335225775443
-0.2752752752752753	67.26081269098569	60.366437023226496
-0.2652652652652653	57.06771838605088	51.829398782734344
-0.2552552552552553	45.396384005911386	42.26448988633849
-0.24524524524524524	35.313540523258155	33.77894698413362
-0.23523523523523523	27.541476063681177	26.99118234487821
-0.22522522522522523	21.78585497559179	21.78459772340296
-0.21521521521521522	17.55059869846953	17.837102444538544
-0.20520520520520522	14.407958062314039	14.835462073332689
-0.19519519519519518	12.042808096959796	12.531252621493184
-0.18518518518518517	10.23445016589043	10.740989860496123
-0.17517517517517517	8.830175908404621	9.332459220346841
-0.16516516516516516	7.723883865647205	8.210820259739304
-0.15515515515515516	6.84102503560785	7.3077070413887695
-0.14514514514514515	6.128479819070242	6.573376587967063
-0.13513513513513514	5.547834368378521	5.971229643800732
-0.12512512512512514	5.070904609140194	5.474022610015228
-0.11511511511511512	4.676729482795661	5.061245374125877
-0.10510510510510511	4.349526565476394	4.717294304613427
-0.09509509509509509	4.077283541224292	4.430187708575052
-0.08508508508508508	3.8507748301527585	4.190653604680452
-0.07507507507507508	3.6628663743105503	3.991475410996376
-0.06506506506506507	3.5080185748892267	3.827018314604391
-0.055055055055055056	3.3819275697824196	3.692883830602769
-0.04504504504504504	3.28126466059331	3.5856566042363096
-0.035035035035035036	3.20348661817358	3.502718672840711
-0.025025025025025027	3.146698236454071	3.442114027099876
-0.015015015015015015	3.109554390937302	3.402451600386415
-0.005005005005005005	3.091192964660661	3.382838565909599
0.005005005005005005	3.09119296466066	3.3828385659095774
0.015015015015015015	3.1095543909372907	3.402451600386353
0.025025025025025027	3.1466982364540534	3.442114027099774
0.035035035035035036	3.2034866181735544	3.5027186728405675
0.04504504504504504	3.281264660593279	3.5856566042361147
0.055055055055055056	3.381927569782378	3.6928838306025336
0.06506506506506507	3.5080185748891757	3.8270183146040817
0.07507507507507508	3.6628663743104886	3.9914754109960198
0.08508508508508508	3.8507748301526803	4.190653604679996
0.09509509509509509	4.077283541224202	4.430187708574536
0.10510510510510511	4.349526565476288	4.717294304612812
0.11511511511511512	4.676729482795539	5.061245374125138
0.12512512512512514	5.070904609140041	5.474022610014334
0.13513513513513514	5.547834368378345	5.971229643799661
0.14514514514514515	6.12847981907003	6.573376587965793
0.15515515515515516	6.841025035607591	7.307707041387223
0.16516516516516516	7.723883865646884	8.210820259737417
0.17517517517517517	8.83017590840424	9.33245922034452
0.18518518518518517	10.234450165889957	10.740989860493185
0.19519519519519518	12.042808096959206	12.531252621489514
0.20520520520520522	14.407958062313316	14.835462073328054
0.21521521521521522	17.550598698468665	17.837102444532558
0.22522522522522523	21.785854975590674	21.784597723395525
0.23523523523523523	27.541476063679863	26.99118234486866
0.24524524524524524	35.3135405232566	33.77894698412179
0.2552552552552553	45.39638400591009	42.26448988632542
0.2652652652652653	57.06771838605056	51.82939878272228
0.2752752752752753	67.26081269098728	60.366437023221344
0.2852852852852853	70.87693366714511	64.43352257755008
0.2952952952952953	65.45716029035208	61.77885925947113
0.3053053053053053	54.393765442946915	53.81988030379528
0.3153153153153153	42.68713392428639	44.05191169133125
0.3253253253253253	32.91456185375607	35.04857001613359
0.3353353353353353	25.500899856076668	27.742410214487965
0.34534534534534533	20.05093621822527	22.123367139812867
0.35535535535535534	16.05319133538346	17.875126539703764
0.36536536536536535	13.089584474692703	14.660882036437505
0.37537537537537535	10.858337304400054	12.206867740432383
0.38538538538538536	9.150040996302868	10.309658976256648
0.3953953953953954	7.8204327133213125	8.822843030775642
0.40540540540540543	6.769477407684616	7.641832552885845
0.41541541541541543	5.926933743434265	6.691634675727807
0.42542542542542544	5.242739719966074	5.917982245239653
0.43543543543543545	4.680657314639992	5.281148082214982
0.44544544544544545	4.214051692361353	4.75168350414716
0.45545545545545546	3.8230586248576355	4.307482306476493
0.46546546546546547	3.4926585606187044	3.931745222190963
0.4754754754754755	3.211348602426881	3.6115553609733406
0.4854854854854855	2.970213659071762	3.3368703222908653
0.4954954954954955	2.762267681679967	3.0998008746970496
0.5055055055055055	2.581980154185688	2.8940887225304803
0.5155155155155156	2.4249313773113554	2.714724097190101
0.5255255255255256	2.287558471801508	2.5576626470552135
0.5355355355355356	2.1669660886053523	2.4196136269347104
0.5455455455455456	2.060783826895001	2.2978798360500856
0.5555555555555556	1.9670577517292014	2.1902355065086376
0.5655655655655656	1.8841670750349326	2.094832301791477
0.5755755755755756	1.8107595947091726	2.0101263353515386
0.5855855855855856	1.7457012516549877	1.9348210506485164
0.5955955955955956	1.688036409018607	1.867822173463276
0.6056056056056056	1.6369563446093258	1.8082019279390964
0.6156156156156156	1.5917740856761373	1.7551704164992936
0.6256256256256256	1.5519041789439052	1.7080525805917015
0.6356356356356356	1.5168463288412832	1.6662695393145504
0.6456456456456456	1.4861720883313803	1.629323384843301
0.6556556556556556	1.459513974266742	1.5967847242318953
0.6656656656656657	1.4365565200807031	1.5682824157686186
0.6756756756756757	1.417028885255363	1.5434950683280653
0.6856856856856857	1.4006987222484626	1.5221439639544623
0.6956956956956957	1.3873670638423357	1.503987134412275
0.7057057057057057	1.3768640418895282	1.488814376899075
0.7157157157157157	1.3690452856143955	1.4764430364063683
0.7257257257257257	1.3637888765389992	1.4667144152073066
0.7357357357357357	1.3609927596287597	1.4594906957966904
0.7457457457457457	1.3605725278181855	1.454652283920854
0.7557557557557557	1.3624595107438033	1.452095494337656
0.7657657657657657	1.366599109083199	1.451730514570744
0.7757757757757757	1.3729493239821446	1.453479591883486
0.7857857857857858	1.381479437105845	1.4572753965514602
0.7957957957957958	1.392168801223113	1.4630595206921324
0.8058058058058059	1.4050057041894966	1.4707810767621432
0.8158158158158159	1.4199862709421207	1.4803953636390332
0.8258258258258259	1.4371133688175561	1.491862571200506
0.8358358358358359	1.4563954812910378	1.5051464967076615
0.8458458458458459	1.4778455142372091	1.5202132482794042
0.8558558558558559	1.5014794971619685	1.5370299124972315
0.8658658658658659	1.5273151397080718	1.555563164893147
0.8758758758758759	1.5553702012965978	1.5757778039490746
0.8858858858858859	1.5856606293032716	1.5976351914972462
0.8958958958958959	1.6181984190550274	1.6210915853049808
0.9059059059059059	1.6529891476710843	1.6460963534300213
0.9159159159159159	1.6900291340388083	1.672590064948058
0.9259259259259259	1.7293021798882977	1.700502458205677
0.9359359359359359	1.7707758531359246	1.7297502961694937
0.9459459459459459	1.814397285791868	1.7602351290356817
0.955955955955956	1.8600884764185428	1.7918409972851737
0.965965965965966	1.9077411132444286	1.8244321239580237
0.975975975975976	1.9572109705341048	1.8578506630297296
0.985985985985986	2.008311979519332	1.8919145910836173
0.995995995995996	2.060810137456331	1.9264158512910816
1.006006006006006	2.1144174945449197	1.9611188808583382
1.016016016016016	2.1687865471866803	1.9957596738221626
1.026026026026026	2.2235054634987175	2.030045547994278
1.0360360360360361	2.2780946658163743	2.063655794963989
1.0460460460460461	2.332005383558753	2.096243391874482
1.0560560560560561	2.3846208521231063	2.1274379394656613
1.0660660660660661	2.435260849058609	2.1568499591146395
1.0760760760760761	2.4831902047903354	2.184076629622858
1.0860860860860861	2.527631779607412	2.208708971198229
1.0960960960960962	2.5677841454158714	2.2303403907422874
1.1061061061061062	2.6028438461702526	2.2485763935169136
1.1161161161161162	2.632031650176128	2.2630451493089274
1.1261261261261262	2.6546216896054715	2.2734084873857197
1.1361361361361362	2.6699718709676743	2.279372797331832
1.1461461461461462	2.677553516910524	2.2806992466149816
1.1561561561561562	2.6769779521412036	2.2772127034524927
1.1661661661661662	2.668017748767574	2.2688087844316147
1.1761761761761762	2.6506206395460667	2.25545853353619
1.1861861861861862	2.6249146822032423	2.237210378421786
1.1961961961961962	2.591204049743022	2.214189188983249
1.2062062062062062	2.5499557194405615	2.186592464146829
1.2162162162162162	2.5017782013510286	2.154683873368178
1.2262262262262262	2.4473941546933347	2.118784557283963
1.2362362362362362	2.387609189661751	2.0792627284537093
1.2462462462462462	2.323279297566242	2.036522195481346
1.2562562562562563	2.2552792052262487	1.9909904571996258
1.2662662662662663	2.18447356944138	1.9431069811214179
1.2762762762762763	2.111692402002621	1.8933122016761992
1.2862862862862863	2.037711539649698	1.8420376628218582
1.2962962962962963	1.9632384290953337	1.789697602059474
1.3063063063063063	1.8889030433612792	1.7366821434924313
1.3163163163163163	1.815253413174959	1.683352148538604
1.3263263263263263	1.7427550520143766	1.630035672751077
1.3363363363363363	1.67179346301706	1.5770259005658616
1.3463463463463463	1.6026789170601283	1.5245803778147822
1.3563563563563563	1.5356527567169072	1.472921332935219
1.3663663663663663	1.4708945846227484	1.4222368685942717
1.3763763763763763	1.4085298154790602	1.372682811630475
1.3863863863863863	1.3486371924690599	1.324385026325019
1.3963963963963963	1.2912559807169333	1.2774420199076417
1.4064064064064064	1.2363926467392221	1.2319276963880736
1.4164164164164164	1.1840269113270872	1.1878941425690848
1.4264264264264264	1.1341171241219057	1.1453743565099477
1.4364364364364364	1.0866049529478135	1.1043848525352584
1.4464464464464464	1.04141941212558	1.0649280974625879
1.4564564564564564	0.998480274116707	1.0269947498280498
1.4664664664664664	0.9577009204299363	0.9905656876019994
1.4764764764764764	0.9189906929764724	0.9556138204840782
1.4864864864864864	0.8822568078317234	0.9221056907297092
1.4964964964964964	0.8474058911283554	0.890002872015643
1.5065065065065064	0.814345192702053	0.8592631795224983
1.5165165165165164	0.78298352797772	0.8298417065911577
1.5265265265265264	0.7532319930188094	0.8016917043449359
1.5365365365365364	0.7250044920742704	0.7747653208566815
1.5465465465465464	0.6982181116106156	0.7490142160233144
1.5565565565565564	0.6727933698676317	0.7243900674850636
1.5665665665665667	0.6486543665068759	0.700844981846074
1.5765765765765767	0.625728852960785	0.6783318242316765
1.5865865865865867	0.6039482406316128	0.6568044779420361
1.5965965965965967	0.5832475611059371	0.6362180446921001
1.6066066066066067	0.5635653900031373	0.6165289947057068
1.6166166166166167	0.5448437439199239	0.5976952747839764
1.6266266266266267	0.5270279581213856	0.5796763814102163
1.6366366366366367	0.510066551117227	0.5624334049929608
1.6466466466466467	0.4939110810078362	0.5459290504869027
1.6566566566566567	0.4785159974504367	0.5301276388660635
1.6666666666666667	0.463838492247089	0.51499509324939
1.6766766766766767	0.4498383508638679	0.5004989128897402
1.6866866866866868	0.4364778066283568	0.4866081377251947
1.6966966966966968	0.4237213988989502	0.47329330574956574
1.7067067067067068	0.41153583613522854	0.460526405078906
1.7167167167167168	0.39988986450832514	0.4482808222657978
1.7267267267267268	0.38875414246042156	0.43653128813640785
1.7367367367367368	0.37810112144200214	0.4252538221904043
1.7467467467467468	0.3679049329154299	0.41442567640549804
1.7567567567567568	0.3581412816057607	0.40402527912138875
1.7667667667667668	0.3487873448984744	0.3940321795378733
1.7767767767767768	0.3398216782236243	0.3844269932450147
1.7867867867867868	0.3312241262226284	0.3751913491061026
1.7967967967967968	0.3229757394640313	0.3663078377335729
1.8068068068068068	0.31505869645533846	0.3577599617318589
1.8168168168168168	0.30745623068684347	0.34953208782673645
1.8268268268268268	0.300152562438983	0.3416094009565207
1.8368368368368369	0.29313283508485033	0.3339778603646708
1.8468468468468469	0.28638305562369604	0.3266241577046542
1.8568568568568569	0.27989003918788596	0.3195356771451269
1.8668668668668669	0.2736413572746315	0.31270045744565234
1.8768768768768769	0.26762528946383907	0.3061071559593036
1.8868868868868869	0.2618307783944601	0.2997450145081742
1.896896896896897	0.2562473877831842	0.2936038270700728
1.906906906906907	0.2508652632811238	0.28767390920933034
1.916916916916917	0.245675095975691	0.2819460691811232
1.926926926926927	0.2406680883565963	0.2764115806365442
1.936936936936937	0.23583592257598485	0.27106215685497925
1.946946946946947	0.23117073084370177	0.2658899264302864
1.956956956956957	0.226665067808962	0.26088741033815294
1.966966966966967	0.22231188478981628	0.2560475003135069
1.976976976976977	0.21810450572098108	0.2513634384686082
1.986986986986987	0.21403660469973285	0.2468287980847371
1.996996996996997	0.2101021850177772	0.24243746551275286
2.007007007007007	0.20629555957496135	0.238183623120435
2.017017017017017	0.20261133257804495	0.23406173322717744
2.027027027027027	0.19904438243461323	0.23006652296930177
2.037037037037037	0.19558984575874788	0.2261929700420984
2.047047047047047	0.19224310241088202	0.22243628926729303
2.057057057057057	0.1889997615000556	0.21879191993738978
2.067067067067067	0.18585564828181228	0.21525551389091357
2.0770770770770772	0.18280679188990293	0.21182292427512767
2.0870870870870872	0.1798494138443567	0.2084901949551625
2.0970970970970972	0.17697991728268986	0.2052535505309495
2.1071071071071072	0.17419487686482843	0.20210938692547117
2.1171171171171173	0.17149102930591875	0.19905426251005884
2.1271271271271273	0.1688652644944638	0.19608488973446186
2.1371371371371373	0.16631461715632812	0.19319812723135713
2.1471471471471473	0.16383625902795396	0.19039097236678718
2.1571571571571573	0.1614274915047501	0.18766055420974215
2.1671671671671673	0.1590857387330809	0.18500412689575157
2.1771771771771773	0.15680854111650097	0.18241906336088068
2.1871871871871873	0.15459354920893656	0.17990284942395965
2.1971971971971973	0.15243851796953561	0.17745307819628364
2.2072072072072073	0.1503413013555681	0.1750674447992569
2.2172172172172173	0.14829984723150008	0.1727437413716993
2.2272272272272273	0.14631219257388112	0.17047985234964477
2.2372372372372373	0.14437645895305543	0.16827375000254122
2.2472472472472473	0.14249084827407066	0.1661234902107363
2.2572572572572573	0.1406536387603645	0.16402720847009958
2.2672672672672673	0.13886318116491034	0.16198311611048563
2.2772772772772774	0.13711789519457676	0.15998949671555848
2.2872872872872874	0.13541626613442165	0.1580447027323201
2.2972972972972974	0.13375684165951662	0.15614715225932085
2.3073073073073074	0.13213822882276813	0.1542953260032872
2.3173173173173174	0.1305590912079502	0.15248776439448145
2.3273273273273274	0.12901814623789123	0.15072306485173612
2.3373373373373374	0.1275141626284049	0.14899987918863333
2.3473473473473474	0.12604595797923507	0.1473169111528193
2.3573573573573574	0.12461239649377648	0.14567291409097752
2.3673673673673674	0.12321238681991797	0.1440666887323503
2.3773773773773774	0.12184488000488711	0.14249708108423878
2.3873873873873874	0.1205088675573232	0.14096298043318606
2.3973973973973974	0.11920337961038746	0.13946331744603357
2.4074074074074074	0.11792748317997721	0.13799706236533682
2.4174174174174174	0.1166802805125962	0.1365632232939212
2.4274274274274275	0.11546090751770642	0.13516084456377553
2.4374374374374375	0.11426853227975277	0.13378900518462827
2.4474474474474475	0.11310235364533035	0.13244681736795316
2.4574574574574575	0.111961599881264	0.13113342512229367
2.4674674674674675	0.11084552739961108	0.1298480029161347
2.4774774774774775	0.10975341954587493	0.1285897544046666
2.4874874874874875	0.10868458544690138	0.12735791121710613
2.4974974974974975	0.1076383589151849	0.1261517318013299
2.5075075075075075	0.10661409740649183	0.12497050032284153
2.5175175175175175	0.10561118102789102	0.12381352561521221
2.5275275275275275	0.10462901159346913	0.12268014017934072
2.5375375375375375	0.10366701172514863	0.12156969922897758
2.5475475475475475	0.10272462399621936	0.12048157978015961
2.5575575575575575	0.10180131011527867	0.11941517978227816
2.5675675675675675	0.1008965501484721	0.11836991728868823
2.5775775775775776	0.10000984177799054	0.11734522966482935
2.5875875875875876	0.09914069959495408	0.1163405728319719
2.5975975975975976	0.09828865442486782	0.11535542054480585
2.6076076076076076	0.0974532526839931	0.11438926370118645
2.6176176176176176	0.0966340557650108	0.11344160968241578
2.6276276276276276	0.09583063945051203	0.11251198172257246
2.6376376376376376	0.0950425933528715	0.11159991830545413
2.6476476476476476	0.09426952037919234	0.11070497258777902
2.6576576576576576	0.09351103622005154	0.10982671184736792
2.6676676676676676	0.09276676886084648	0.10896471695509234
2.6776776776776776	0.09203635811464086	0.10811858186945993
2.6876876876876876	0.09131945517542688	0.10728791315272382
2.6976976976976976	0.09061572219080813	0.10647232950751583
2.7077077077077076	0.08992483185314686	0.10567146133301175
2.7177177177177176	0.0892464670082969	0.1048849502997054
2.7277277277277276	0.08858032028103793	0.10411244894193522
2.7377377377377377	0.08792609371643875	0.10335362026730653
2.7477477477477477	0.08728349843637068	0.10260813738224321
2.7577577577577577	0.08665225431045526	0.10187568313291451
2.7677677677677677	0.086032089640758	0.10115594976082344
2.7777777777777777	0.08542274085958936	0.10044863857239816
2.7877877877877877	0.08482395223979235	0.09975345962193244
2.7977977977977977	0.08423547561693011	0.09907013140727602
2.8078078078078077	0.0836570701228456	0.09839838057770339
2.8178178178178177	0.08308850193002937	0.09773794165340279
2.8278278278278277	0.08252954400634654	0.09708855675607547
2.8378378378378377	0.08197997587960362	0.0964499753501448
2.8478478478478477	0.08143958341154818	0.09582195399410369
2.8578578578578577	0.08090815858085464	0.09520425610157265
2.8678678678678677	0.08038549927469353	0.09459665171159531
2.8778778778778777	0.07987140908850748	0.09399891726783327
2.8878878878878878	0.07936569713362356	0.09341083540621875
2.8978978978978978	0.07886817785236537	0.09283219475072868
2.9079079079079078	0.07837867084031125	0.09226278971692062
2.9179179179179178	0.07789700067542608	0.09170242032289569
2.9279279279279278	0.07742299675371409	0.091150892007385
2.937937937937938	0.07695649313117144	0.0906080154546417
2.947947947947948	0.0764973283717091	0.09007360642586608
2.957957957957958	0.07604534540082684	0.08954748559686712
2.967967967967968	0.07560039136478601	0.08902947840173445
2.977977977977978	0.07516231749503025	0.08851941488223156
2.987987987987988	0.07473097897766293	0.08801712954270734
2.997997997997998	0.07430623482773649	0.0875224612102742
3.008008008008008	0.0738879477681771	0.08703525290004349
3.018018018018018	0.07347598411313626	0.08655535168523017
3.028028028028028	0.07307021365559416	0.08608260857188964
3.038038038038038	0.07267050955903734	0.08561687837814114
3.048048048048048	0.0722767482530443	0.08515801961766764
3.058058058058058	0.07188880933261232	0.08470589438734168
3.068068068068068	0.07150657546108954	0.08426036825878465
3.078078078078078	0.07112993227654107	0.08382131017373971
3.088088088088088	0.07075876830144752	0.0833885923430796
3.098098098098098	0.0703929748555637	0.08296209014931345
3.108108108108108	0.07003244597183342	0.0825416820524622
3.118118118118118	0.06967707831524012	0.08212724949916722
3.1281281281281283	0.06932677110446657	0.08171867683489797
3.1381381381381384	0.06898142603626346	0.081315851219156
3.1481481481481484	0.06864094721240747	0.08091866254354349
3.1581581581581584	0.0683052410691685	0.08052700335260016
3.1681681681681684	0.06797421630916922	0.08014076876729567
3.1781781781781784	0.0676477838355547	0.07975985641106381
3.1881881881881884	0.06732585668837701	0.07938416633832542
3.1981981981981984	0.06700834998312351	0.0790136009653436
3.2082082082082084	0.0666951808512913	0.07864806500338668
3.2182182182182184	0.06638626838293646	0.07828746539406169
3.2282282282282284	0.06608153357112467	0.07793171124676954
3.2382382382382384	0.06578089925821905	0.07758071377819986
3.2482482482482484	0.06548429008391408	0.07723438625376537
3.2582582582582584	0.06519163243498033	0.07689264393094533
3.2682682682682684	0.06490285439663303	0.07655540400442713
3.2782782782782784	0.06461788570547325	0.07622258555301638
3.2882882882882885	0.06433665770395201	0.07589410948822231
3.2982982982982985	0.06405910329627909	0.07556989850447449
3.3083083083083085	0.06378515690575837	0.07524987703091836
3.3183183183183185	0.06351475443345751	0.0749339711847053
3.3283283283283285	0.0632478332181977	0.07462210872575868
3.3383383383383385	0.0629843319978028	0.07431421901293957
3.3483483483483485	0.06272419087155492	0.07401023296157176
3.3583583583583585	0.06246735126382721	0.07371008300227619
3.3683683683683685	0.062213755888846776	0.07341370304106819
3.3783783783783785	0.06196334871654631	0.07312102842068094
3.3883883883883885	0.06171607493946626	0.07283199588306566
3.3983983983983985	0.06147188094067111	0.07254654353301639
3.4084084084084085	0.06123071426264983	0.0722646108029116
3.4184184184184185	0.060992523577158536	0.07198613841850605
3.4284284284284285	0.06075725865597448	0.07171106836574719
3.4384384384384385	0.060524870342532795	0.0714393438585797
3.4484484484484486	0.06029531052441916	0.07117090930771615
3.4584584584584586	0.060068532106673296	0.07090571029031369
3.4684684684684686	0.059844488985900945	0.07064369352056629
3.4784784784784786	0.05962313602514021	0.07038480682113094
3.4884884884884886	0.05940442902947874	0.07012899909542089
3.4984984984984986	0.05918832472238291	0.06987622030067382
3.5085085085085086	0.058974780722718396	0.06962642142182872
3.5185185185185186	0.058763755522446164	0.06937955444613036
3.5285285285285286	0.05855520846496006	0.06913557233848086
3.5385385385385386	0.058349099724052514	0.06889442901749418
3.5485485485485486	0.05814539028348682	0.0686560793322257
3.5585585585585586	0.0579440419171497	0.0684204790395692
3.5685685685685686	0.05774501716978522	0.06818758478229162
3.5785785785785786	0.05754827933825393	0.0679573540676863
3.5885885885885886	0.057353792453337576	0.06772974524682204
3.5985985985985987	0.05716152126206185	0.0675047174943778
3.6086086086086087	0.05697143121049826	0.06728223078903289
3.6186186186186187	0.056783488427061136	0.06706224589440571
3.6286286286286287	0.056597659706266026	0.06684472434051436
3.6386386386386387	0.05641391249293658	0.06662962840575054
3.6486486486486487	0.056232214866853404	0.0664169210993444
3.6586586586586587	0.05605253552781681	0.06620656614431487
3.6686686686686687	0.0558748437811318	0.06599852796087126
3.6786786786786787	0.05569910952347462	0.0657927716502753
3.6886886886886887	0.05552530322915991	0.06558926297913788
3.6986986986986987	0.05535339593676372	0.06538796836412415
3.7087087087087087	0.055183359236122796	0.06518885485709378
3.7187187187187187	0.05501516525567449	0.06499189013061021
3.7287287287287287	0.05484878665013377	0.0647970424638511
3.7387387387387387	0.05468419658851125	0.06460428072889106
3.7487487487487487	0.05452136874243646	0.06441357437733763
3.7587587587587588	0.05436027727479936	0.0642248934273265
3.7687687687687688	0.0542008968286817	0.06403820845085459
3.7787787787787788	0.05404320251659681	0.06385349056144095
3.7887887887887888	0.053887169909989284	0.06367071140211207
3.798798798798799	0.05373277502902497	0.06348984313369616
3.808808808808809	0.053579994332641774	0.06331085842341912
3.818818818818819	0.05342880470885082	0.06313373043379325
3.828828828828829	0.05327918346530325	0.06295843281179135
3.838838838838839	0.05313110832008235	0.06278493967829785
3.848848848848849	0.05298455739274421	0.06261322561782728
3.858858858858859	0.052839509195577956	0.06244326566849747
3.868868868868869	0.05269594262509743	0.062275035312267385
3.878878878878879	0.052553836953737616	0.06210851046540935
3.888888888888889	0.05241317182177224	0.06194366746922673
3.898898898898899	0.052273927229421105	0.061780483080997955
3.908908908908909	0.05213608352916916	0.06161893446515158
3.918918918918919	0.05199962141826796	0.061458999184654264
3.928928928928929	0.051864521931426176	0.06130065519261631
3.938938938938939	0.051730766433676134	0.06114388082409943
3.948948948948949	0.05159833661343462	0.06098865478813116
3.958958958958959	0.05146721447570711	0.06083495615990421
3.968968968968969	0.051337382335481616	0.060682764373179224
3.978978978978979	0.051208822811271246	0.06053205921285863
3.988988988988989	0.0510815188188188	0.06038282080774974
3.998998998998999	0.050955453564954435	0.06023502962349765
4.009009009009009	0.05083061054159614	0.06008866645568603
4.019019019019019	0.05070697351990451	0.05994371242311116
4.029029029029029	0.050584526544566105	0.05980014896120346
4.039039039039039	0.05046325392822688	0.05965795781561953
4.049049049049049	0.05034314024604371	0.059517121035974
4.059059059059059	0.05022417033037738	0.059377620969725736
4.069069069069069	0.050106329265602566	0.05923944025620567
4.079079079079079	0.049989602383048136	0.05910256182078779
4.089089089089089	0.04987397525605181	0.05896696886918964
4.099099099099099	0.049759433695124713	0.05883264488191049
4.109109109109109	0.04964596374324342	0.05869957360880013
4.119119119119119	0.04953355167124172	0.05856773906374892
4.129129129129129	0.04942218397330662	0.05843712551949935
4.1391391391391394	0.049311847362584676	0.058307717502582554
4.1491491491491495	0.049202528766890984	0.05817949978836703
4.1591591591591595	0.04909421532450684	0.05805245739621971
4.1691691691691695	0.048986894380084536	0.05792657558477736
4.1791791791791795	0.04888055348064076	0.057801839847328104
4.1891891891891895	0.048775180371637056	0.05767823590729152
4.1991991991991995	0.04867076299315914	0.057555749713809334
4.2092092092092095	0.04856728947616947	0.05743436743742245
4.2192192192192195	0.04846474813885786	0.0573140754658594
4.2292292292292295	0.048363127483061395	0.05719486039990514
4.2392392392392395	0.04826241619077545	0.0570767090493719
4.2492492492492495	0.048162603120730424	0.05695960842915068
4.2592592592592595	0.04806367730505947	0.056843545755360055
4.2692692692692695	0.047965627946025075	0.05672850844156873
4.2792792792792795	0.047868444412825256	0.05661448409510877
4.2892892892892895	0.04777211623847264	0.05650146051346635
4.2992992992992995	0.04767663311673581	0.056389425680751705
4.3093093093093096	0.047581984899149735	0.05627836776424664
4.31931931931932	0.047488161592093986	0.05616827511102413
4.32932932932933	0.04739515335393071	0.056059136244644384
4.33933933933934	0.04730295049220303	0.055950939861918354
4.34934934934935	0.047211543460903116	0.05584367482974609
4.35935935935936	0.047120922857789724	0.05573733018201546
4.36936936936937	0.047031079421761206	0.055631895116573536
4.37937937937938	0.046942004030299155	0.055527358992257046
4.38938938938939	0.04685368769694964	0.05542371132599429
4.3993993993994	0.046766121568866566	0.055320941789953136
4.40940940940941	0.04667929692440912	0.055219040208766605
4.41941941941942	0.04659320517078149	0.05511799655680238
4.42942942942943	0.04650783784173099	0.05501780095550057
4.43943943943944	0.046423186595289705	0.054918443670757364
4.44944944944945	0.04633924321156314	0.05481991511036972
4.45945945945946	0.04625599959056823	0.0547222058215315
4.46946946946947	0.04617344775011286	0.054625306488380876
4.47947947947948	0.04609157982371945	0.05452920792959422
4.48948948948949	0.04601038805859711	0.05443390109603975
4.4994994994995	0.04592986481364459	0.05433937706846853
4.50950950950951	0.04585000255750567	0.05424562705525852
4.51951951951952	0.045770793866657784	0.05415264239020222
4.52952952952953	0.045692231423541424	0.054060414530341445
4.53953953953954	0.0456143080147265	0.05396893505384331
4.54954954954955	0.045537016529117375	0.05387819565792037
4.55955955955956	0.04546034995619289	0.05378818815679371
4.56956956956957	0.04538430138428612	0.05369890447969473
4.57957957957958	0.04530886399888728	0.05361033666890738
4.58958958958959	0.04523403108099793	0.053522476877853456
4.5995995995996	0.04515979600550246	0.053435317369205745
4.60960960960961	0.04508615223957932	0.05334885051305284
4.61961961961962	0.04501309334114177	0.05326306878508733
4.62962962962963	0.044940612957314344	0.05317796476483725
4.63963963963964	0.04486870482293241	0.0530935311339323
4.64964964964965	0.04479736275907242	0.05300976067439589
4.65965965965966	0.044726580671617534	0.052926646266984026
4.66966966966967	0.044656352549843514	0.05284418088954229
4.67967967967968	0.044586672465034186	0.052762357615404876
4.68968968968969	0.044517534569129526	0.05268116961182195
4.6996996996997	0.04444893309339198	0.05260061013841663
4.70970970970971	0.04438086234710219	0.05252067254566854
4.71971971971972	0.0443133167162813	0.05244135027343306
4.72972972972973	0.044246290662435066	0.052362636849486215
4.73973973973974	0.044179778721323434	0.05228452588809293
4.74974974974975	0.04411377550175466	0.052207011088610124
4.75975975975976	0.04404827568440103	0.05213008623411189
4.76976976976977	0.04398327402063354	0.05205374519003803
4.77977977977978	0.0439187653313887	0.051977981902877154
4.78978978978979	0.04385474450604761	0.051902790398864716
4.7997997997998	0.04379120650133738	0.05182816478271116
4.80980980980981	0.043728146340256804	0.05175409923635166
4.81981981981982	0.043665559111021796	0.051680588017721664
4.82982982982983	0.04360343996602611	0.05160762545955241
4.83983983983984	0.0435417841208242	0.05153520596818888
4.84984984984985	0.043480586853138666	0.05146332402243234
4.85985985985986	0.043419843501873494	0.05139197417240445
4.86986986986987	0.043359549466155924	0.05132115103842473
4.87987987987988	0.04329970020439606	0.051250849309920944
4.88988988988989	0.043240291233351665	0.05118106374434833
4.8998998998999	0.04318131812722962	0.051111789166135596
4.90990990990991	0.043122776516784964	0.05104302046564603
4.91991991991992	0.043064662088447954	0.050974752598161296
4.92992992992993	0.043006970583464185	0.05090698058288004
4.93993993993994	0.042949697797045966	0.05083969950193466
4.94994994994995	0.04289283957754901	0.050772904499430865
4.95995995995996	0.04283639182565061	0.05070659078049741
4.96996996996997	0.04278035049355704	0.050640753610357844
4.97997997997998	0.04272471158420969	0.05057538831341832
4.98998998998999	0.04266947115052245	0.05051049027236806
5.0	0.04261462529461798	0.0504460549273008
