-5.0	0.006592102797377992	0.00872388368269029
-4.98998998998999	0.0066248948528193265	0.008756950230260938
-4.97997997997998	0.0066608089309723815	0.008793944095427166
-4.96996996996997	0.006699953905948098	0.008834986619891069
-4.95995995995996	0.006742447563734324	0.008880209569447212
-4.94994994994995	0.006788417273348071	0.00892975587502052
-4.93993993993994	0.00683800072676652	0.008983780449633345
-4.92992992992993	0.006891346755449634	0.009042451089517572
-4.91991991991992	0.006948616232132674	0.009105949468657556
-4.90990990990991	0.007009983067977655	0.009174472237548765
-4.8998998998999	0.0070756353162372805	0.009248232237945506
-4.88988988988989	0.0071457763954495355	0.009327459847455465
-4.87987987987988	0.007220626446731332	0.009412404469322044
-4.86986986986987	0.007300423842020497	0.009503336185146554
-4.85985985985986	0.007385426862415859	0.009600547590749835
-4.84984984984985	0.00747591556869253	0.009704355838186147
-4.83983983983984	0.007572193889209412	0.009815104910393902
-4.82982982982983	0.007674591954531133	0.009933168158896543
-4.81981981981982	0.007783468712288872	0.010058951139452354
-4.80980980980981	0.007899214861360814	0.010192894786057833
-4.7997997997998	0.008022256150592022	0.010335478969915546
-4.78978978978979	0.008153057094624645	0.010487226497375492
-4.77977977977978	0.008292125168266115	0.010648707609832423
-4.76976976976977	0.00844001555109922	0.010820545058507356
-4.75975975975976	0.008597336506580136	0.011003419839839667
-4.74974974974975	0.008764755494514082	0.01119807769140837
-4.73973973973974	0.008943006133821268	0.011405336466152344
-4.72972972972973	0.009132896153732003	0.01162609452337381
-4.71971971971972	0.009335316497628322	0.01186134030028981
-4.70970970970971	0.009551251775034795	0.012112163258447554
-4.6996996996997	0.009781792295687042	0.012379766435915547
-4.68968968968969	0.01002814796625258	0.012665480881151244
-4.67967967967968	0.010291664387834435	0.012970782299055688
-4.66966966966967	0.010573841563403977	0.01329731030665477
-4.65965965965966	0.010876355711731673	0.01364689077852879
-4.64964964964965	0.011201084794207965	0.014021561863859984
-4.63963963963964	0.011550138497328007	0.014423604383943828
-4.62962962962963	0.011925893585855446	0.014855577476968636
-4.61961961961962	0.012331035759172571	0.015320360555623573
-4.60960960960961	0.012768609419948961	0.01582120289322298
-4.5995995995996	0.013242077118413737	0.016361782472269496
-4.58958958958959	0.013755390891232774	0.01694627613428018
-4.57957957957958	0.014313078305245364	0.017579443591098913
-4.56956956956957	0.014920346787487763	0.01826672853054453
-4.55955955955956	0.01558321083779767	0.019014380925755393
-4.54954954954955	0.016308648065346983	0.019829605805909024
-4.53953953953954	0.017104791787944825	0.02072074526340521
-4.52952952952953	0.01798117035745797	0.02169750249365079
-4.51951951951952	0.01894900667409448	0.022771219378046065
-4.50950950950951	0.02002159588896064	0.023955222801432283
-4.4994994994995	0.021214785597481692	0.025265259932760253
-4.48948948948949	0.02254759168559485	0.02672004966629616
-4.47947947947948	0.02404299559385658	0.028341987165728656
-4.46946946946947	0.025728986932597217	0.030158052244849524
-4.45945945945946	0.02763994194205068	0.032200992085568404
-4.44944944944945	0.02981846772113465	0.03451087751673557
-4.43943943943944	0.032317901659251545	0.037137174432566686
-4.42942942942943	0.03520574695911722	0.040141535397431906
-4.41941941941942	0.03856846847533599	0.043601613250766294
-4.40940940940941	0.04251830265334658	0.04761634888727661
-4.3993993993994	0.04720311186727268	0.05231342391886877
-4.38938938938939	0.05282094750263779	0.057859956055112946
-4.37937937937938	0.059642085730860106	0.06447815937547659
-4.36936936936937	0.06804327086285987	0.07246879453936787
-4.35935935935936	0.07856256809233796	0.08224718172260663
-4.34934934934935	0.09199034585937454	0.0944001122596285
-4.33933933933934	0.10952641942244122	0.10977877931916799
-4.32932932932933	0.13306470356047215	0.129656370377729
-4.31931931931932	0.1657390068982694	0.15600738274473153
-4.3093093093093096	0.21304448437219045	0.19202926954561272
-4.2992992992992995	0.2853490396041384	0.2431799945491643
-4.2892892892892895	0.4041733600007027	0.31940770060202234
-4.2792792792792795	0.6203816924049762	0.4404322517203581
-4.2692692692692695	1.078979323908216	0.6499431995211915
-4.2592592592592595	2.3352817855583123	1.060894694452024
-4.2492492492492495	7.954796028547548	2.0399079141220717
-4.2392392392392395	34.408991597582705	5.281024615509005
-4.2292292292292295	6.7454969164797145	20.777842363383453
-4.2192192192192195	2.026554714689189	13.360932515115197
-4.2092092092092095	0.9301860743228378	3.596786918060731
-4.1991991991991995	0.5253055698679536	1.500614176656175
-4.1891891891891895	0.3344436216922397	0.8007190887505264
-4.1791791791791795	0.23013876634960168	0.49149431409684025
-4.1691691691691695	0.16721476572108138	0.3297133916002977
-4.1591591591591595	0.12647328594537185	0.23510593529167698
-4.1491491491491495	0.0986562782711553	0.17526152112361226
-4.1391391391391394	0.0788626303475497	0.1351357119854534
-4.129129129129129	0.06430463734027686	0.10699541445400994
-4.119119119119119	0.053303676061575496	0.08654406020600058
-4.109109109109109	0.044800973316183185	0.07124343683800026
-4.099099099099099	0.0381025114877491	0.05951782846928331
-4.089089089089089	0.03273835336070651	0.05034813990987393
-4.079079079079079	0.02838133387859078	0.04305220875750617
-4.069069069069069	0.024798148278638864	0.03715983548685686
-4.059059059059059	0.0218188972171269	0.03233863413006219
-4.049049049049049	0.019317546413788095	0.028348414990640555
-4.039039039039039	0.017199054089539836	0.025012224244013847
-4.029029029029029	0.015390690362323996	0.022197444447244932
-4.019019019019019	0.013836060084942883	0.019803156538580297
-4.009009009009009	0.012490909348504001	0.01775150347205869
-3.998998998998999	0.011320133183487093	0.015981672513566685
-3.988988988988989	0.010295607345187006	0.014445628013690625
-3.978978978978979	0.009394595079350528	0.01310503700027317
-3.968968968968969	0.008598561289111267	0.011929021885439876
-3.958958958958959	0.007892279469826177	0.010892495894561965
-3.948948948948949	0.007263151785526969	0.009974915057935635
-3.938938938938939	0.006700686189524089	0.009159331996880037
-3.928928928928929	0.006196090549639342	0.008431671071411729
-3.918918918918919	0.005741954850786698	0.007780167758382275
-3.908908908908909	0.005332000340187083	0.007194931171799273
-3.898898898898899	0.004960880010266134	0.006667599832202545
-3.888888888888889	0.004624018784193927	0.00619106870098409
-3.878878878878879	0.004317484648670087	0.0057592711490863265
-3.868868868868869	0.004037884088481501	0.0053670036145082685
-3.858858858858859	0.0037822767379432974	0.005009783684725694
-3.848848848848849	0.0035481053283236163	0.00468373453765658
-3.838838838838839	0.003333137886354984	0.004385490308653864
-3.828828828828829	0.003135419802739101	0.004112118176370407
-3.818818818818819	0.0029532338967663105	0.0038610538863835552
-3.808808808808809	0.002785066993343241	0.0036300481371154283
-3.798798798798799	0.0026295818305436774	0.003417121793274961
-3.7887887887887888	0.00248559335138884	0.003220528310342144
-3.7787787787787788	0.0023520486178380965	0.0030387220781154483
-3.7687687687687688	0.002228009730457451	0.0028703316455132165
-3.7587587587587588	0.0021126392526564287	0.0027141369884897647
-3.7487487487487487	0.0020051877300358866	0.002569050141083278
-3.7387387387387387	0.0019049829690545445	0.002434098635203789
-3.7287287287287287	0.00181142079850032	0.0023084112952503344
-3.7187187187187187	0.0017239570848766469	0.0021912060142023743
-3.7087087087087087	0.0016421008118648473	0.0020817792030611813
-3.6986986986986987	0.001565408065564279	0.0019794966581309103
-3.6886886886886887	0.001493476793205096	0.0018837856335610515
-3.6786786786786787	0.0014259422241954995	0.0017941279416867825
-3.6686686686686687	0.0013624728601218763	0.0017100539324647146
-3.6586586586586587	0.001302766954682629	0.0016311372269662869
-3.6486486486486487	0.0012465494166882963	0.0015569900994863541
-3.6386386386386387	0.001193569079350738	0.0014872594190888167
-3.6286286286286287	0.0011435962874074511	0.001421623074889978
-3.6186186186186187	0.0010964207607564499	0.0013597868206919237
-3.6086086086086087	0.0010518496991923035	0.0013014814840117388
-3.5985985985985987	0.0010097060977981606	0.001246460492495769
-3.5885885885885886	0.000969827246854811	0.0011944976773807458
-3.5785785785785786	0.0009320633936168458	0.0011453853193479696
-3.5685685685685686	0.0008962765464978577	0.0010989324068826445
-3.5585585585585586	0.0008623394046202991	0.0010549630812798551
-3.5485485485485486	0.0008301343981417384	0.0010133152459823485
-3.5385385385385386	0.0007995528264326345	0.0009738393208027328
-3.5285285285285286	0.0007704940830308497	0.0009363971241869406
-3.5185185185185186	0.0007428649575232916	0.0009008608687992391
-3.5085085085085086	0.0007165790058787866	0.0008671122575553579
-3.4984984984984986	0.0006915559816826971	0.0008350416689271663
-3.4884884884884886	0.0006677213216987151	0.0008045474216226868
-3.4784784784784786	0.0006450056799397095	0.0007755351099990791
-3.4684684684684686	0.0006233445051633643	0.0007479170026278172
-3.4584584584584586	0.0006026776572031871	0.0007216114972581521
-3.4484484484484486	0.0005829490582146627	0.0006965426263118782
-3.4384384384384385	0.0005641063752197398	0.0006726396076453073
-3.4284284284284285	0.000546100730835648	0.0006498364359425235
-3.4184184184184185	0.000528886439399694	0.0006280715106448021
-3.4084084084084085	0.0005124207659520667	0.0006072872967531276
-3.3983983983983985	0.0004966637059197265	0.0005874300152726545
-3.3883883883883885	0.000481577783447328	0.000568449360372002
-3.3783783783783785	0.0004671278666736582	0.0005502982407131328
-3.3683683683683685	0.0004532809983071956	0.0005329325426190417
-3.3583583583583585	0.0004400062401155904	0.0005163109130336062
-3.3483483483483485	0.0004272745300354961	0.0005003945604128965
-3.3383383383383385	0.00041505855076902554	0.0004851470718951392
-3.3283283283283285	0.0004033326088118949	0.0004705342452713251
-3.3183183183183185	0.00039207252301676915	0.0004565239343937171
-3.3083083083083085	0.00038125552182201956	0.0004430859068532673
-3.2982982982982985	0.000370860148415194	0.00043019171280384477
-3.2882882882882885	0.00036086617312862715	0.0004178145639886117
-3.2782782782782784	0.00035125451246013293	0.0004059292220502135
-3.2682682682682684	0.0003420071541519918	0.00039451189536154766
-3.2582582582582584	0.0003331070878395576	0.0003835401436199947
-3.2482482482482484	0.000324538240763719	0.00037299278958029047
-3.2382382382382384	0.0003162854181955495	0.00036284983730210487
-3.2282282282282284	0.0003083342481181453	0.00035309239639675196
-3.2182182182182184	0.00030067112989232093	0.00034370261176981713
-3.2082082082082084	0.0002932831865277892	0.0003346635984201204
-3.1981981981981984	0.00028615822031869315	0.00032595938087575814
-3.1881881881881884	0.0002792846715555386	0.0003175748369239073
-3.1781781781781784	0.0002726515800756824	0.00030949564526922967
-3.1681681681681684	0.00026624854944912765	0.0003017082368231917
-3.1581581581581584	0.0002600657135877458	0.0002941997493460997
-3.1481481481481484	0.00025409370558253635	0.00028695798518785405
-3.1381381381381384	0.0002483236286363	0.00027997137187689224
-3.1281281281281283	0.0002427470288880702	0.00027322892535940394
-3.118118118118118	0.00023735587004050564	0.0002667202156717671
-3.108108108108108	0.0002321425096184178	0.0002604353348875992
-3.098098098098098	0.00022709967675883444	0.00025436486714997247
-3.088088088088088	0.00022222045142210843	0.0002484998606590145
-3.078078078078078	0.00021749824491666713	0.0002428318014480924
-3.068068068068068	0.00021292678164923853	0.00023735258884688033
-3.058058058058058	0.00020850008201138325	0.00023205451248533874
-3.048048048048048	0.0002042124463221244	0.00022693023075008798
-3.038038038038038	0.00020005843976603677	0.0002219727505833045
-3.028028028028028	0.00019603287823265314	0.0002171754085293387
-3.018018018018018	0.00019213081502765603	0.00021253185294291084
-3.008008008008008	0.00018834752836926802	0.00020803602728452814
-2.997997997997998	0.00018467850964170153	0.00020368215442245223
-2.987987987987988	0.00018111945232178583	0.00019946472188367472
-2.977977977977978	0.00017766624158340916	0.00019537846797257916
-2.967967967967968	0.00017431494448361037	0.00019141836871967274
-2.957957957957958	0.00017106180072780247	0.0001875796255924189
-2.947947947947948	0.00016790321396339765	0.0001838576539237024
-2.937937937937938	0.0001648357435662359	0.00018024807201087468
-2.9279279279279278	0.00016185609689660352	0.00017674669083729064
-2.9179179179179178	0.00015896112199122607	0.00017334950438674412
-2.9079079079079078	0.00015614780065213962	0.00017005268049749079
-2.8978978978978978	0.0001534132419379327	0.00016685255224669853
-2.8878878878878878	0.00015075467599263574	0.00016374560979621195
-2.8778778778778777	0.00014816944822922356	0.00016072849270715511
-2.8678678678678677	0.0001456550138147073	0.000157797982672732
-2.8578578578578577	0.00014320893246829824	0.0001549509966467167
-2.8478478478478477	0.00014082886352379076	0.000152184580350849
-2.8378378378378377	0.0001385125612636503	0.00014949590212989092
-2.8278278278278277	0.00013625787049548218	0.000146882247137793
-2.8178178178178177	0.00013406272236755692	0.00014434101183404723
-2.8078078078078077	0.00013192513039108535	0.000141869698771899
-2.7977977977977977	0.00012984318668533612	0.00013946591166201343
-2.7877877877877877	0.0001278150583998296	0.0001371273506930072
-2.7777777777777777	0.00012583898433082624	0.00013485180809808312
-2.7677677677677677	0.00012391327170694266	0.0001326371639468813
-2.7577577577577577	0.00012203629313677909	0.00013048138215785733
-2.7477477477477477	0.00012020648370899627	0.00012838250671180329
-2.7377377377377377	0.00011842233824379244	0.00012633865805747262
-2.7277277277277276	0.00011668240867036792	0.0001243480297024681
-2.7177177177177176	0.00011498530154620947	0.0001224088849694478
-2.7077077077077076	0.00011332967568600338	0.00012051955391735154
-2.6976976976976976	0.00011171423991583016	0.00011867843041640867
-2.6876876876876876	0.00011013775093320022	0.00011688396936350468
-2.6776776776776776	0.00010859901126634801	0.00011513468403764817
-2.6676676676676676	0.00010709686734165167	0.00011342914358287141
-2.6576576576576576	0.00010563020762894583	0.00011176597061275724
-2.6476476476476476	0.00010419796088734526	0.00011014383892881938
-2.6376376376376376	0.00010279909448973188	0.00010856147135515439
-2.6276276276276276	0.00010143261282086727	0.00010701763766466357
-2.6176176176176176	0.00010009755575913637	0.00010551115261497441
-2.6076076076076076	9.879299721951627e-5	0.00010404087406958918
-2.5975975975975976	9.751804377329073e-5	0.00010260570120956514
-2.5875875875875876	9.627183332236741e-5	0.0001012045728288664
-2.5775775775775776	9.505353383859141e-5	9.983646570667006e-5
-2.5675675675675675	9.386234215950795e-5	9.85003930589389e-5
-2.5575575575575575	9.269748284027038e-5	9.719540305402896e-5
-2.5475475475475475	9.15582070522496e-5	9.592057740397163e-5
-2.5375375375375375	9.044379153475482e-5	9.4675030014975e-5
-2.5275275275275275	8.935353759628334e-5	9.345790569898316e-5
-2.5175175175175175	8.828677014763826e-5	9.226837894115732e-5
-2.5075075075075075	8.72428367951937e-5	9.110565273122331e-5
-2.4974974974974975	8.622110695757645e-5	8.996895743585423e-5
-2.4874874874874875	8.522097103301027e-5	8.885754972672777e-5
-2.4774774774774775	8.424183959119226e-5	8.777071155422458e-5
-2.4674674674674675	8.328314261369839e-5	8.670774916681843e-5
-2.4574574574574575	8.234432875336654e-5	8.566799217361278e-5
-2.4474474474474475	8.142486463299286e-5	8.465079264606735e-5
-2.4374374374374375	8.052423417612218e-5	8.36555242571359e-5
-2.4274274274274275	7.964193795511458e-5	8.268158146048657e-5
-2.4174174174174174	7.877749257798554e-5	8.172837870649433e-5
-2.4074074074074074	7.793043009635296e-5	8.079534968238005e-5
-2.3973973973973974	7.710029743816667e-5	7.988194659609901e-5
-2.3873873873873874	7.628665585976166e-5	7.898763948200104e-5
-2.3773773773773774	7.548908043080588e-5	7.811191553838475e-5
-2.3673673673673674	7.470715953005681e-5	7.725427849489058e-5
-2.3573573573573574	7.39404943668292e-5	7.641424800085526e-5
-2.3473473473473474	7.318869852062814e-5	7.559135904521678e-5
-2.3373373373373374	7.245139749872559e-5	7.478516139304137e-5
-2.3273273273273274	7.172822831609192e-5	7.399521905452208e-5
-2.3173173173173174	7.101883908354832e-5	7.322110976460055e-5
-2.3073073073073074	7.032288861981892e-5	7.246242449144406e-5
-2.2972972972972974	6.964004607599627e-5	7.171876696555704e-5
-2.2872872872872874	6.896999057535347e-5	7.098975321960939e-5
-2.2772772772772774	6.831241086672785e-5	7.027501115420634e-5
-2.2672672672672673	6.766700499201226e-5	6.957418012035285e-5
-2.2572572572572573	6.703347996736855e-5	6.888691051372429e-5
-2.2472472472472473	6.641155147377539e-5	6.821286338872011e-5
-2.2372372372372373	6.580094356386078e-5	6.755171008794125e-5
-2.2272272272272273	6.520138837807096e-5	6.690313188426899e-5
-2.2172172172172173	6.461262586788486e-5	6.626681963766775e-5
-2.2072072072072073	6.403440353848573e-5	6.56424734656279e-5
-2.1971971971971973	6.34664761893116e-5	6.502980242456853e-5
-2.1871871871871873	6.290860567811845e-5	6.442852420738535e-5
-2.1771771771771773	6.236056068031251e-5	6.383836484891636e-5
-2.1671671671671673	6.182211646885231e-5	6.325905844156742e-5
-2.1571571571571573	6.1293054693784e-5	6.26903468682964e-5
-2.1471471471471473	6.0773163172775234e-5	6.213197953814773e-5
-2.1371371371371373	6.0262235694183625e-5	6.158371313578854e-5
-2.1271271271271273	5.9760071819692416e-5	6.104531137977916e-5
-2.1171171171171173	5.9266476697709116e-5	6.0516544789524556e-5
-2.1071071071071072	5.878126088475951e-5	5.999719046031546e-5
-2.0970970970970972	5.830424017303388e-5	5.9487031849621114e-5
-2.0870870870870872	5.783523541962957e-5	5.8985858567233596e-5
-2.0770770770770772	5.7374072390226277e-5	5.849346617298763e-5
-2.067067067067067	5.6920581598845544e-5	5.800965598786024e-5
-2.057057057057057	5.647459816269282e-5	5.753423490699418e-5
-2.047047047047047	5.603596165638358e-5	5.706701521663151e-5
-2.037037037037037	5.560451596892979e-5	5.660781442661359e-5
-2.027027027027027	5.518010917652642e-5	5.615645510028094e-5
-2.017017017017017	5.4762593405374746e-5	5.571276469391214e-5
-2.007007007007007	5.435182471291218e-5	5.5276575405315955e-5
-1.996996996996997	5.394766296213094e-5	5.484772402018953e-5
-1.986986986986987	5.354997170848606e-5	5.4426051769770874e-5
-1.976976976976977	5.315861808556804e-5	5.4011404192528265e-5
-1.966966966966967	5.277347269775772e-5	5.360363099938164e-5
-1.956956956956957	5.239440951416174e-5	5.320258594398195e-5
-1.946946946946947	5.202130576761607e-5	5.2808126697950044e-5
-1.936936936936937	5.165404185732342e-5	5.242011473150029e-5
-1.926926926926927	5.1292501253440796e-5	5.203841519475021e-5
-1.916916916916917	5.0936570407343024e-5	5.1662896807042284e-5
-1.906906906906907	5.058613866002163e-5	5.129343174828849e-5
-1.896896896896897	5.024109816256626e-5	5.092989555350113e-5
-1.8868868868868869	4.990134378749605e-5	5.057216701222166e-5
-1.8768768768768769	4.956677305214047e-5	5.0220128069599654e-5
-1.8668668668668669	4.9237286042943756e-5	4.987366373413224e-5
-1.8568568568568569	4.8912785337458424e-5	4.953266198321361e-5
-1.8468468468468469	4.8593175933385265e-5	4.9197013678298826e-5
-1.8368368368368369	4.8278365182921135e-5	4.88666124758649e-5
-1.8268268268268268	4.796826271813491e-5	4.854135474875915e-5
-1.8168168168168168	4.766278039143865e-5	4.822113950440693e-5
-1.8068068068068068	4.7361832212027795e-5	4.790586830861727e-5
-1.7967967967967968	4.706533427991991e-5	4.759544520789417e-5
-1.7867867867867868	4.6773204733330076e-5	4.728977666380344e-5
-1.7767767767767768	4.6485363687820094e-5	4.698877147740149e-5
-1.7667667667667668	4.6201733180606065e-5	4.669234072284826e-5
-1.7567567567567568	4.5922237118730445e-5	4.640039768507739e-5
-1.7467467467467468	4.56468012255701e-5	4.6112857794850066e-5
-1.7367367367367368	4.5375352993396705e-5	4.5829638565885896e-5
-1.7267267267267268	4.5107821630697134e-5	4.555065953930344e-5
-1.7167167167167168	4.4844138017104506e-5	4.5275842223262915e-5
-1.7067067067067068	4.458423465812991e-5	4.500511003929826e-5
-1.6966966966966968	4.432804564062862e-5	4.4738388267510405e-5
-1.6866866866866868	4.407550658932955e-5	4.447560399746868e-5
-1.6766766766766767	4.382655462512385e-5	4.42166860731683e-5
-1.6666666666666667	4.358112832645508e-5	4.3961565048879595e-5
-1.6566566566566567	4.333916768786033e-5	4.3710173139451574e-5
-1.6466466466466467	4.3100614084224684e-5	4.3462444174727996e-5
-1.6366366366366367	4.286541023284326e-5	4.321831355644441e-5
-1.6266266266266267	4.263350015876014e-5	4.297771821420539e-5
-1.6166166166166167	4.240482915969674e-5	4.274059656549216e-5
-1.6066066066066067	4.2179343771859765e-5	4.25068884724076e-5
-1.5965965965965967	4.195699173970756e-5	4.2276535206465416e-5
-1.5865865865865867	4.17377219826444e-5	4.204947940793281e-5
-1.5765765765765767	4.152148456469103e-5	4.182566504900817e-5
-1.5665665665665667	4.130823066573714e-5	4.160503740132061e-5
-1.5565565565565564	4.109791255144591e-5	4.1387542998128234e-5
-1.5465465465465464	4.089048354703648e-5	4.117312960235272e-5
-1.5365365365365364	4.068589800916704e-5	4.096174617462056e-5
-1.5265265265265264	4.048411130014703e-5	4.075334283970371e-5
-1.5165165165165164	4.028507976231549e-5	4.054787085915566e-5
-1.5065065065065064	4.008876069197989e-5	4.034528259930098e-5
-1.4964964964964964	3.989511231797845e-5	4.014553150286835e-5
-1.4864864864864864	3.97040937768018e-5	3.9948572063128175e-5
-1.4764764764764764	3.951566508966127e-5	3.9754359792338927e-5
-1.4664664664664664	3.932978714112236e-5	3.9562851201287635e-5
-1.4564564564564564	3.914642165842802e-5	3.937400376997949e-5
-1.4464464464464464	3.8965531188883194e-5	3.918777592380624e-5
-1.4364364364364364	3.87870790812287e-5	3.9004127010098925e-5
-1.4264264264264264	3.8611029465392745e-5	3.882301727371834e-5
-1.4164164164164164	3.84373472347819e-5	3.8644407835967246e-5
-1.4064064064064064	3.826599802406333e-5	3.846826067131732e-5
-1.3963963963963963	3.809694819709728e-5	3.829453858704729e-5
-1.3863863863863863	3.793016482448856e-5	3.812320520229424e-5
-1.3763763763763763	3.776561566780576e-5	3.795422492643719e-5
-1.3663663663663663	3.7603269164968396e-5	3.778756294349568e-5
-1.3563563563563563	3.744309441263266e-5	3.762318518695906e-5
-1.3463463463463463	3.728506115006833e-5	3.7461058328933656e-5
-1.3363363363363363	3.71291397458401e-5	3.730114975466516e-5
-1.3263263263263263	3.697530118114053e-5	3.714342755131628e-5
-1.3163163163163163	3.682351703764493e-5	3.698786048783709e-5
-1.3063063063063063	3.667375948078581e-5	3.6834417998383655e-5
-1.2962962962962963	3.652600124891239e-5	3.668307016786622e-5
-1.2862862862862863	3.63802156381797e-5	3.6533787715518096e-5
-1.2762762762762763	3.6236376491329855e-5	3.6386541980604534e-5
-1.2662662662662663	3.60944581847222e-5	3.6241304905898314e-5
-1.2562562562562563	3.595443561319576e-5	3.609804902603144e-5
-1.2462462462462462	3.581628418477537e-5	3.595674745148139e-5
-1.2362362362362362	3.567997980291909e-5	3.5817373855978286e-5
-1.2262262262262262	3.554549885860508e-5	3.567990246390392e-5
-1.2162162162162162	3.5412818217909665e-5	3.5544308035902094e-5
-1.2062062062062062	3.528191521297422e-5	3.541056585895015e-5
-1.1961961961961962	3.5152767631796444e-5	3.527865173159628e-5
-1.1861861861861862	3.502535370466094e-5	3.514854195413714e-5
-1.1761761761761762	3.489965209934869e-5	3.502021331693442e-5
-1.1661661661661662	3.477564190874878e-5	3.489364308845963e-5
-1.1561561561561562	3.465330264147998e-5	3.476880900463761e-5
-1.1461461461461462	3.45326142147715e-5	3.464568925998586e-5
-1.1361361361361362	3.4413556943379914e-5	3.452426249506703e-5
-1.1261261261261262	3.429611153307666e-5	3.4404507787676387e-5
-1.1161161161161162	3.418025907128623e-5	3.428640464455454e-5
-1.1061061061061062	3.4065981018530164e-5	3.4169932987948066e-5
-1.0960960960960962	3.3953259201663054e-5	3.405507315138052e-5
-1.0860860860860861	3.384207580621278e-5	3.3941805867051224e-5
-1.0760760760760761	3.373241336746821e-5	3.383011225857296e-5
-1.0660660660660661	3.362425476426097e-5	3.371997383302765e-5
-1.0560560560560561	3.351758321188083e-5	3.361137247147262e-5
-1.0460460460460461	3.341238225614291e-5	3.350429042206141e-5
-1.0360360360360361	3.330863576331652e-5	3.339871029080239e-5
-1.026026026026026	3.320632791758946e-5	3.329461503599509e-5
-1.016016016016016	3.310544321134068e-5	3.319198795961951e-5
-1.006006006006006	3.300596644252713e-5	3.3090812699147606e-5
-0.995995995995996	3.290788270396635e-5	3.2991073222935165e-5
-0.985985985985986	3.281117738191201e-5	3.289275382123236e-5
-0.975975975975976	3.2715836146505605e-5	3.279583910074066e-5
-0.965965965965966	3.2621844951096115e-5	3.270031397810154e-5
-0.955955955955956	3.2529190019316166e-5	3.260616367265666e-5
-0.9459459459459459	3.2437857847888524e-5	3.251337370109458e-5
-0.9359359359359359	3.2347835195463035e-5	3.242192987141224e-5
-0.9259259259259259	3.2259109080906014e-5	3.2331818276698623e-5
-0.9159159159159159	3.21716667758786e-5	3.224302529007749e-5
-0.9059059059059059	3.208549580205698e-5	3.2155537559159424e-5
-0.8958958958958959	3.200058392589145e-5	3.2069341998546474e-5
-0.8858858858858859	3.19169191528375e-5	3.198442578902337e-5
-0.8758758758758759	3.1834489725584494e-5	3.190077636644574e-5
-0.8658658658658659	3.1753284116174854e-5	3.1818381423366916e-5
-0.8558558558558559	3.1673291024172575e-5	3.173722889895052e-5
-0.8458458458458459	3.159449937205349e-5	3.1657306976310804e-5
-0.8358358358358359	3.1516898301175586e-5	3.157860407868219e-5
-0.8258258258258259	3.1440477167384785e-5	3.150110886281501e-5
-0.8158158158158159	3.1365225537921186e-5	3.142481021669126e-5
-0.8058058058058059	3.129113318735194e-5	3.1349697253480126e-5
-0.7957957957957958	3.121819009251306e-5	3.127575930958168e-5
-0.7857857857857858	3.114638643228856e-5	3.12029859375522e-5
-0.7757757757757757	3.1075712580889975e-5	3.113136690564824e-5
-0.7657657657657657	3.100615910571707e-5	3.106089219069249e-5
-0.7557557557557557	3.0937716764904555e-5	3.0991551976810906e-5
-0.7457457457457457	3.087037650288615e-5	3.09233366500172e-5
-0.7357357357357357	3.080412944763592e-5	3.0856236796856304e-5
-0.7257257257257257	3.073896690758538e-5	3.0790243197834174e-5
-0.7157157157157157	3.0674880369030766e-5	3.0725346826485156e-5
-0.7057057057057057	3.061186149305058e-5	3.066153884654065e-5
-0.6956956956956957	3.054990211203622e-5	3.05988106046254e-5
-0.6856856856856857	3.0488994227754206e-5	3.053715363309628e-5
-0.6756756756756757	3.042913000925528e-5	3.047655964268727e-5
-0.6656656656656657	3.0370301787750798e-5	3.0417020520285195e-5
-0.6556556556556556	3.0312502057674572e-5	3.0358528327401793e-5
-0.6456456456456456	3.025572346996553e-5	3.0301075296595158e-5
-0.6356356356356356	3.0199958834221686e-5	3.0244653827635642e-5
-0.6256256256256256	3.014520111271787e-5	3.0189256487569605e-5
-0.6156156156156156	3.0091443420091268e-5	3.0134876005355077e-5
-0.6056056056056056	3.003867901980845e-5	3.0081505270155416e-5
-0.5955955955955956	2.998690132309565e-5	3.0029137329874533e-5
-0.5855855855855856	2.9936103886286617e-5	2.9977765388424468e-5
-0.5755755755755756	2.9886280408917424e-5	2.9927382801364293e-5
-0.5655655655655656	2.9837424731771474e-5	2.987798307793243e-5
-0.5555555555555556	2.9789530834636354e-5	2.9829559873122905e-5
-0.5455455455455456	2.974259283436004e-5	2.9782106991343242e-5
-0.5355355355355356	2.9696604983011453e-5	2.9735618379424322e-5
-0.5255255255255256	2.965156166717775e-5	2.9690088128814615e-5
-0.5155155155155156	2.9607457404496857e-5	2.964551047026578e-5
-0.5055055055055055	2.9564286842991925e-5	2.9601879773061514e-5
-0.4954954954954955	2.9522044758996422e-5	2.9559190544802636e-5
-0.4854854854854855	2.9480726055717304e-5	2.95174374260784e-5
-0.4754754754754755	2.9440325761746174e-5	2.9476615191712968e-5
-0.46546546546546547	2.940083902973446e-5	2.9436718748837917e-5
-0.45545545545545546	2.936226113398547e-5	2.939774313299519e-5
-0.44544544544544545	2.9324587469814083e-5	2.935968350915145e-5
-0.43543543543543545	2.9287813552391696e-5	2.9322535168180626e-5
-0.42542542542542544	2.925193501411821e-5	2.9286293526113836e-5
-0.41541541541541543	2.9216947604746193e-5	2.9250954123264608e-5
-0.40540540540540543	2.9182847189704426e-5	2.9216512622101735e-5
-0.3953953953953954	2.9149629748282487e-5	2.9182964805308233e-5
-0.38538538538538536	2.9117291372429242e-5	2.9150306576216887e-5
-0.37537537537537535	2.9085828266590154e-5	2.9118533954259257e-5
-0.36536536536536535	2.9055236745899403e-5	2.908764307902022e-5
-0.35535535535535534	2.9025513234578088e-5	2.9057630202551995e-5
-0.34534534534534533	2.8996654265342616e-5	2.9028491693956015e-5
-0.3353353353353353	2.8968656479841846e-5	2.9000224034276262e-5
-0.3253253253253253	2.8941516625142774e-5	2.897282381702987e-5
-0.3153153153153153	2.8915231553130162e-5	2.8946287748260187e-5
-0.3053053053053053	2.8889798222444317e-5	2.8920612642058426e-5
-0.2952952952952953	2.8865213693907197e-5	2.8895795423309515e-5
-0.2852852852852853	2.8841475131930335e-5	2.8871833125305423e-5
-0.2752752752752753	2.881857980265311e-5	2.8848722887316513e-5
-0.2652652652652653	2.8796525074224274e-5	2.882646195616988e-5
-0.2552552552552553	2.8775308414550725e-5	2.8805047684733426e-5
-0.24524524524524524	2.8754927391532698e-5	2.878447752890976e-5
-0.23523523523523523	2.8735379673183807e-5	2.8764749050674214e-5
-0.22522522522522523	2.8716663024383308e-5	2.87458599139974e-5
-0.21521521521521522	2.8698775309078723e-5	2.872780788532809e-5
-0.20520520520520522	2.868171448752272e-5	2.8710590833511616e-5
-0.19519519519519518	2.8665478617776445e-5	2.869420672900564e-5
-0.18518518518518517	2.8650065852719963e-5	2.8678653642346377e-5
-0.17517517517517517	2.8635474441133264e-5	2.8663929743917438e-5
-0.16516516516516516	2.8621702727657205e-5	2.8650033303362338e-5
-0.15515515515515516	2.860874914986632e-5	2.86369626906494e-5
-0.14514514514514515	2.8596612240675985e-5	2.8624716372711283e-5
-0.13513513513513514	2.8585290627118103e-5	2.8613292915308906e-5
-0.12512512512512514	2.8574783028265953e-5	2.8602690981272527e-5
-0.11511511511511512	2.8565088257203095e-5	2.859290933111237e-5
-0.10510510510510511	2.855620521861062e-5	2.858394682191013e-5
-0.09509509509509509	2.8548132910537467e-5	2.8575802406826527e-5
-0.08508508508508508	2.8540870422027675e-5	2.8568475135683864e-5
-0.07507507507507508	2.853441693505514e-5	2.856196415407542e-5
-0.06506506506506507	2.852877172222526e-5	2.8556268703007038e-5
-0.055055055055055056	2.8523934147908866e-5	2.8551388117971364e-5
-0.04504504504504504	2.8519903666598032e-5	2.854732183189685e-5
-0.035035035035035036	2.851667982615088e-5	2.8544069370879324e-5
-0.025025025025025027	2.8514262262827024e-5	2.8541630356019698e-5
-0.015015015015015015	2.8512650705438866e-5	2.854000450382447e-5
-0.005005005005005005	2.851184497163423e-5	2.8539191624948835e-5
0.005005005005005005	2.8511844971856277e-5	2.8539191624948845e-5
0.015015015015015015	2.851265070543887e-5	2.854000450360246e-5
0.025025025025025027	2.851426226260497e-5	2.8541630356130774e-5
0.035035035035035036	2.8516679826261897e-5	2.854406937076837e-5
0.04504504504504504	2.8519903667042118e-5	2.8547321831785942e-5
0.055055055055055056	2.8523934147797813e-5	2.8551388118304505e-5
0.06506506506506507	2.8528771722336353e-5	2.8556268702896165e-5
0.07507507507507508	2.8534416935277273e-5	2.8561964154297575e-5
0.08508508508508508	2.8540870422138643e-5	2.8568475135905966e-5
0.09509509509509509	2.8548132910315493e-5	2.8575802407048612e-5
0.10510510510510511	2.8556205218610584e-5	2.8583946821910202e-5
0.11511511511511512	2.856508825720296e-5	2.8592909331445652e-5
0.12512512512512514	2.85747830284881e-5	2.8602690981383783e-5
0.13513513513513514	2.8585290627228922e-5	2.861329291553119e-5
0.14514514514514515	2.859661224078669e-5	2.8624716372822488e-5
0.15515515515515516	2.8608749149644843e-5	2.863696269053894e-5
0.16516516516516516	2.8621702727213272e-5	2.865003330369568e-5
0.17517517517517517	2.863547444124416e-5	2.8663929743584882e-5
0.18518518518518517	2.865006585260886e-5	2.867865364212527e-5
0.19519519519519518	2.8665478617554793e-5	2.8694206729116786e-5
0.20520520520520522	2.868171448763356e-5	2.87105908336221e-5
0.21521521521521522	2.869877530941148e-5	2.872780788499483e-5
0.22522522522522523	2.8716663024494984e-5	2.8745859913555798e-5
0.23523523523523523	2.8735379673296148e-5	2.8764749050564018e-5
0.24524524524524524	2.8754927391755342e-5	2.878447752913302e-5
0.2552552552552553	2.8775308414439252e-5	2.8805047684512835e-5
0.2652652652652653	2.879652507400386e-5	2.8826461956280535e-5
0.2752752752752753	2.8818579802875895e-5	2.8848722887429416e-5
0.2852852852852853	2.884147513192877e-5	2.8871833125084947e-5
0.2952952952952953	2.8865213693684288e-5	2.8895795423200498e-5
0.3053053053053053	2.888979822244244e-5	2.8920612642060025e-5
0.3153153153153153	2.8915231553131338e-5	2.8946287747929075e-5
0.3253253253253253	2.89415166251415e-5	2.897282381747398e-5
0.3353353353353353	2.896865648017438e-5	2.900022403417e-5
0.34534534534534533	2.89966542654574e-5	2.902849169406852e-5
0.35535535535535534	2.902551323424421e-5	2.905763020277653e-5
0.36536536536536535	2.905523674567808e-5	2.9087643079241806e-5
0.37537537537537535	2.9085828266482205e-5	2.9118533954484727e-5
0.38538538538538536	2.911729137198572e-5	2.9150306575884678e-5
0.3953953953953954	2.9149629748281078e-5	2.9182964805419343e-5
0.40540540540540543	2.9182847189924373e-5	2.9216512622325667e-5
0.41541541541541543	2.9216947604854684e-5	2.9250954123374305e-5
0.42542542542542544	2.9251935014005398e-5	2.928629352600511e-5
0.43543543543543545	2.9287813552279315e-5	2.9322535167847627e-5
0.44544544544544545	2.9324587469592767e-5	2.935968350904349e-5
0.45545545545545546	2.9362261133988356e-5	2.9397743132666934e-5
0.46546546546546547	2.940083902984227e-5	2.9436718748622943e-5
0.4754754754754755	2.9440325761859053e-5	2.9476615191716166e-5
0.4854854854854855	2.9480726055611306e-5	2.9517437425858534e-5
0.4954954954954955	2.952204475877489e-5	2.9559190544688883e-5
0.5055055055055055	2.956428684277166e-5	2.9601879773398077e-5
0.5155155155155156	2.9607457404607472e-5	2.9645510470051776e-5
0.5255255255255256	2.965156166717775e-5	2.9690088128820212e-5
0.5355355355355356	2.969660498301373e-5	2.973561837965087e-5
0.5455455455455456	2.9742592834248584e-5	2.978210699101608e-5
0.5555555555555556	2.9789530834635623e-5	2.9829559873351702e-5
0.5655655655655656	2.9837424732107018e-5	2.987798307771751e-5
0.5755755755755756	2.9886280408920135e-5	2.992738280148166e-5
0.5855855855855856	2.9936103886507608e-5	2.9977765388093885e-5
0.5955955955955956	2.9986901323097033e-5	3.002913733010144e-5
0.6056056056056056	3.003867901980815e-5	3.0081505270159373e-5
0.6156156156156156	3.0091443419981702e-5	3.0134876005249337e-5
0.6256256256256256	3.014520111305274e-5	3.01892564874695e-5
0.6356356356356356	3.0199958834443084e-5	3.024465382786545e-5
0.6456456456456456	3.025572347007731e-5	3.0301075296716677e-5
0.6556556556556556	3.0312502057454062e-5	3.0358528327409436e-5
0.6656656656656657	3.0370301787753616e-5	3.041702052039481e-5
0.6756756756756757	3.0429130009141134e-5	3.0476559642919325e-5
0.6856856856856857	3.0488994227646162e-5	3.053715363332882e-5
0.6956956956956957	3.0549902111814084e-5	3.0598810604409965e-5
0.7057057057057057	3.06118614929389e-5	3.066153884654764e-5
0.7157157157157157	3.0674880369360865e-5	3.072534682660233e-5
0.7257257257257257	3.0738966907582154e-5	3.0790243197842386e-5
0.7357357357357357	3.080412944741433e-5	3.0856236796643936e-5
0.7457457457457457	3.08703765027749e-5	3.0923336649803176e-5
0.7557557557557557	3.093771676502002e-5	3.099155197659935e-5
0.7657657657657657	3.100615910571132e-5	3.106089219048258e-5
0.7757757757757757	3.107571258078122e-5	3.113136690521222e-5
0.7857857857857858	3.114638643217699e-5	3.120298593723013e-5
0.7957957957957958	3.121819009239747e-5	3.127575930925684e-5
0.8058058058058059	3.1291133187128524e-5	3.1349697253490535e-5
0.8158158158158159	3.1365225537805393e-5	3.1424810216595254e-5
0.8258258258258259	3.144047716749744e-5	3.1501108863159205e-5
0.8358358358358359	3.151689830061492e-5	3.15786040789204e-5
0.8458458458458459	3.159449937183258e-5	3.165730697643756e-5
0.8558558558558559	3.167329102405429e-5	3.173722889885982e-5
0.8658658658658659	3.175328411584492e-5	3.181838142316232e-5
0.8758758758758759	3.1834489725463816e-5	3.1900776366454357e-5
0.8858858858858859	3.1916919153165097e-5	3.198442578858935e-5
0.8958958958958959	3.200058392611622e-5	3.2069341998680644e-5
0.9059059059059059	3.208549580182647e-5	3.2155537559171404e-5
0.9159159159159159	3.217166677553912e-5	3.2243025290541325e-5
0.9259259259259259	3.225910908112601e-5	3.233181827682179e-5
0.9359359359359359	3.234783519568477e-5	3.242192987131786e-5
0.9459459459459459	3.243785784822074e-5	3.251337370111599e-5
0.955955955955956	3.2529190019650866e-5	3.260616367267146e-5
0.965965965965966	3.2621844950761795e-5	3.270031397856088e-5
0.975975975975976	3.271583614705505e-5	3.2795839101084094e-5
0.985985985985986	3.2811177381460264e-5	3.289275382103297e-5
0.995995995995996	3.290788270395752e-5	3.2991073222627726e-5
1.006006006006006	3.3005966442412094e-5	3.309081269917574e-5
1.016016016016016	3.310544321156095e-5	3.319198795931094e-5
1.026026026026026	3.320632791736567e-5	3.32946150361285e-5
1.0360360360360361	3.3308635763088605e-5	3.339871029093684e-5
1.0460460460460461	3.341238225646829e-5	3.3504290422083744e-5
1.0560560560560561	3.351758321264966e-5	3.361137247161422e-5
1.0660660660660661	3.362425476403198e-5	3.371997383282977e-5
1.0760760760760761	3.373241336734309e-5	3.3830112258611776e-5
1.0860860860860861	3.38420758063186e-5	3.394180586686408e-5
1.0960960960960962	3.395325920164961e-5	3.405507315152255e-5
1.1061061061061062	3.4065981018534284e-5	3.416993298776852e-5
1.1161161161161162	3.4180259071270074e-5	3.4286404644373906e-5
1.1261261261261262	3.4296111533058984e-5	3.4404507787718345e-5
1.1361361361361362	3.4413556943706056e-5	3.452426249499861e-5
1.1461461461461462	3.4532614214882095e-5	3.464568925969431e-5
1.1561561561561562	3.465330264158515e-5	3.4768809004796994e-5
1.1661661661661662	3.477564190863082e-5	3.489364308829624e-5
1.1761761761761762	3.489965209967201e-5	3.502021331709846e-5
1.1861861861861862	3.502535370464141e-5	3.514854195441287e-5
1.1961961961961962	3.515276763178072e-5	3.527865173164843e-5
1.2062062062062062	3.5281915213405316e-5	3.541056585911365e-5
1.2162162162162162	3.5412818217904786e-5	3.5544308036186054e-5
1.2262262262262262	3.55454988585925e-5	3.567990246408163e-5
1.2362362362362362	3.567997980280307e-5	3.581737385638259e-5
1.2462462462462462	3.581628418509912e-5	3.5956747451439975e-5
1.2562562562562563	3.59544356137394e-5	3.609804902598547e-5
1.2662662662662663	3.609445818436267e-5	3.6241304906187586e-5
1.2762762762762763	3.623637649164472e-5	3.638654198045675e-5
1.2862862862862863	3.6380215638389165e-5	3.653378771559486e-5
1.2962962962962963	3.652600124867678e-5	3.6683070168054446e-5
1.3063063063063063	3.667375948066568e-5	3.6834417998470716e-5
1.3163163163163163	3.6823517037399795e-5	3.6987860487473e-5
1.3263263263263263	3.697530118145181e-5	3.7143427551280065e-5
1.3363363363363363	3.712913974571032e-5	3.7301149754433234e-5
1.3463463463463463	3.7285061150277915e-5	3.746105832847773e-5
1.3563563563563563	3.744309441272634e-5	3.762318518694019e-5
1.3663663663663663	3.760326916507118e-5	3.7787562942814444e-5
1.3763763763763763	3.776561566788762e-5	3.795422492655787e-5
1.3863863863863863	3.793016482413792e-5	3.812320520216955e-5
1.3963963963963963	3.8096948197510915e-5	3.829453858706496e-5
1.4064064064064064	3.8265998024266305e-5	3.8468260671328285e-5
1.4164164164164164	3.843734723420596e-5	3.864440783619537e-5
1.4264264264264264	3.86110294656946e-5	3.882301727328812e-5
1.4364364364364364	3.878707908120571e-5	3.9004127010009804e-5
1.4464464464464464	3.8965531188396577e-5	3.918777592372471e-5
1.4564564564564564	3.914642165815804e-5	3.937400376977826e-5
1.4664664664664664	3.932978714111e-5	3.9562851201542646e-5
1.4764764764764764	3.9515665089395426e-5	3.975435979158711e-5
1.4864864864864864	3.970409377621609e-5	3.994857206250386e-5
1.4964964964964964	3.9895112318140645e-5	4.014553150325544e-5
1.5065065065065064	4.008876069205601e-5	4.0345282599242e-5
1.5165165165165164	4.0285079762161094e-5	4.0547870859318086e-5
1.5265265265265264	4.04841113004491e-5	4.075334283957382e-5
1.5365365365365364	4.068589800935548e-5	4.096174617439526e-5
1.5465465465465464	4.0890483547320555e-5	4.1173129602210894e-5
1.5565565565565564	4.109791255128023e-5	4.1387542998010476e-5
1.5665665665665667	4.130823066556691e-5	4.16050374013039e-5
1.5765765765765767	4.152148456475196e-5	4.182566504911095e-5
1.5865865865865867	4.173772198257913e-5	4.204947940760818e-5
1.5965965965965967	4.195699174020978e-5	4.2276535206712194e-5
1.6066066066066067	4.217934377215056e-5	4.2506888472769744e-5
1.6166166166166167	4.240482915941028e-5	4.274059656587273e-5
1.6266266266266267	4.26335001590208e-5	4.297771821434721e-5
1.6366366366366367	4.286541023265916e-5	4.321831355638565e-5
1.6466466466466467	4.3100614084385376e-5	4.3462444175126785e-5
1.6566566566566567	4.333916768778552e-5	4.371017313930889e-5
1.6666666666666667	4.358112832626447e-5	4.396156504930766e-5
1.6766766766766767	4.3826554625166354e-5	4.421668607304751e-5
1.6866866866866868	4.407550658913351e-5	4.44756039972501e-5
1.6966966966966968	4.432804564055944e-5	4.4738388267742214e-5
1.7067067067067068	4.458423465839294e-5	4.500511003865768e-5
1.7167167167167168	4.484413801687877e-5	4.5275842222861523e-5
1.7267267267267268	4.510782163059521e-5	4.5550659539699624e-5
1.7367367367367368	4.537535299361941e-5	4.582963856595486e-5
1.7467467467467468	4.5646801226013125e-5	4.61128577948325e-5
1.7567567567567568	4.592223711849755e-5	4.64003976853001e-5
1.7667667667667668	4.620173318038814e-5	4.669234072254531e-5
1.7767767767767768	4.648536368790012e-5	4.698877147678933e-5
1.7867867867867868	4.677320473375814e-5	4.7289776663752483e-5
1.7967967967967968	4.706533428010705e-5	4.7595445207724156e-5
1.8068068068068068	4.736183221166977e-5	4.7905868307910345e-5
1.8168168168168168	4.766278039186975e-5	4.822113950452881e-5
1.8268268268268268	4.79682627173111e-5	4.854135474854317e-5
1.8368368368368369	4.8278365182557256e-5	4.886661247522801e-5
1.8468468468468469	4.859317593380379e-5	4.919701367756848e-5
1.8568568568568569	4.8912785336944925e-5	4.9532661982928244e-5
1.8668668668668669	4.923728604278025e-5	4.987366373392581e-5
1.8768768768768769	4.956677305252256e-5	5.022012806949252e-5
1.8868868868868869	4.990134378741886e-5	5.057216701216615e-5
1.896896896896897	5.024109816248343e-5	5.0929895553429564e-5
1.906906906906907	5.0586138660050686e-5	5.129343174813019e-5
1.916916916916917	5.0936570407095385e-5	5.1662896806944706e-5
1.926926926926927	5.1292501253486766e-5	5.2038415194463526e-5
1.936936936936937	5.165404185740453e-5	5.242011473144521e-5
1.946946946946947	5.202130576782165e-5	5.280812669794397e-5
1.956956956956957	5.2394409514466195e-5	5.3202585943674884e-5
1.966966966966967	5.277347269805958e-5	5.3603630999333935e-5
1.976976976976977	5.3158618085632224e-5	5.4011404192174354e-5
1.986986986986987	5.354997170845397e-5	5.442605176881977e-5
1.996996996996997	5.394766296194141e-5	5.484772401934684e-5
2.007007007007007	5.4351824712848864e-5	5.527657540484495e-5
2.017017017017017	5.476259340571695e-5	5.571276469341728e-5
2.027027027027027	5.5180109176871635e-5	5.615645509959656e-5
2.037037037037037	5.5604515969507915e-5	5.6607814426081e-5
2.047047047047047	5.6035961656351055e-5	5.7067015216008284e-5
2.057057057057057	5.647459816323235e-5	5.753423490642213e-5
2.067067067067067	5.6920581598682026e-5	5.80096559877119e-5
2.0770770770770772	5.7374072390286565e-5	5.8493466172287205e-5
2.0870870870870872	5.783523541988024e-5	5.8985858566502797e-5
2.0970970970970972	5.83042401727086e-5	5.9487031849370426e-5
2.1071071071071072	5.878126088543435e-5	5.9997190460255194e-5
2.1171171171171173	5.926647669802616e-5	6.051654478865627e-5
2.1271271271271273	5.976007181968331e-5	6.104531137891303e-5
2.1371371371371373	6.026223569463902e-5	6.158371313521952e-5
2.1471471471471473	6.077316317269759e-5	6.213197953750022e-5
2.1571571571571573	6.129305469354417e-5	6.269034686792601e-5
2.1671671671671673	6.182211646919191e-5	6.325905844103266e-5
2.1771771771771773	6.236056068050638e-5	6.383836484810142e-5
2.1871871871871873	6.29086056778669e-5	6.442852420666453e-5
2.1971971971971973	6.346647618947597e-5	6.502980242361435e-5
2.2072072072072073	6.403440353822549e-5	6.564247346498776e-5
2.2172172172172173	6.461262586832725e-5	6.62668196370922e-5
2.2272272272272273	6.520138837828998e-5	6.690313188363709e-5
2.2372372372372373	6.580094356402344e-5	6.755171008709812e-5
2.2472472472472473	6.641155147375282e-5	6.821286338785747e-5
2.2572572572572573	6.703347996692575e-5	6.888691051299522e-5
2.2672672672672673	6.766700499233581e-5	6.957418011983672e-5
2.2772772772772774	6.831241086662289e-5	7.02750111535354e-5
2.2872872872872874	6.896999057553216e-5	7.098975321831215e-5
2.2972972972972974	6.964004607620313e-5	7.171876696530593e-5
2.3073073073073074	7.032288861992864e-5	7.246242449074317e-5
2.3173173173173174	7.101883908338089e-5	7.322110976298975e-5
2.3273273273273274	7.172822831641027e-5	7.399521905392875e-5
2.3373373373373374	7.245139749924516e-5	7.478516139227285e-5
2.3473473473473474	7.318869852079641e-5	7.559135904407349e-5
2.3573573573573574	7.394049436695411e-5	7.641424799986726e-5
2.3673673673673674	7.470715953052003e-5	7.725427849388177e-5
2.3773773773773774	7.548908043189103e-5	7.811191553766219e-5
2.3873873873873874	7.628665586026044e-5	7.898763948030868e-5
2.3973973973973974	7.710029743843905e-5	7.988194659490802e-5
2.4074074074074074	7.793043009717442e-5	8.079534968114396e-5
2.4174174174174174	7.877749257768628e-5	8.172837870524959e-5
2.4274274274274275	7.964193795556392e-5	8.268158145926262e-5
2.4374374374374375	8.05242341766808e-5	8.36555242554123e-5
2.4474474474474475	8.142486463354109e-5	8.465079264511576e-5
2.4574574574574575	8.234432875321822e-5	8.566799217312962e-5
2.4674674674674675	8.328314261336964e-5	8.670774916535681e-5
2.4774774774774775	8.424183959192525e-5	8.777071155241944e-5
2.4874874874874875	8.52209710331291e-5	8.885754972532596e-5
2.4974974974974975	8.622110695902595e-5	8.996895743451576e-5
2.5075075075075075	8.724283679533858e-5	9.110565272963676e-5
2.5175175175175175	8.828677014858203e-5	9.226837893947448e-5
2.5275275275275275	8.935353759689225e-5	9.34579056970531e-5
2.5375375375375375	9.044379153648188e-5	9.467503001351249e-5
2.5475475475475475	9.155820705246996e-5	9.592057740208754e-5
2.5575575575575575	9.269748284044475e-5	9.719540305138412e-5
2.5675675675675675	9.386234216035374e-5	9.850039305633568e-5
2.5775775775775776	9.505353383926454e-5	9.983646570432102e-5
2.5875875875875876	9.627183332246718e-5	0.00010120457282652515
2.5975975975975976	9.751804377401765e-5	0.00010260570120729848
2.6076076076076076	9.879299721989099e-5	0.00010404087406672831
2.6176176176176176	0.00010009755575922658	0.00010551115261232782
2.6276276276276276	0.00010143261282130534	0.00010701763766158065
2.6376376376376376	0.0001027990944901899	0.00010856147135218769
2.6476476476476476	0.00010419796088824047	0.00011014383892646858
2.6576576576576576	0.00010563020762957649	0.00011176597060954852
2.6676676676676676	0.00010709686734276637	0.00011342914358003136
2.6776776776776776	0.00010859901126826942	0.00011513468403450879
2.6876876876876876	0.00011013775093379528	0.00011688396936026645
2.6976976976976976	0.00011171423991636104	0.00011867843041291625
2.7077077077077076	0.00011332967568625408	0.00012051955391394846
2.7177177177177176	0.0001149853015475575	0.0001224088849658244
2.7277277277277276	0.00011668240867175066	0.00012434802969837533
2.7377377377377377	0.00011842233824474142	0.0001263386580529765
2.7477477477477477	0.00012020648370994529	0.00012838250670673727
2.7577577577577577	0.00012203629313829804	0.0001304813821529665
2.7677677677677677	0.00012391327170826124	0.00013263716394299152
2.7777777777777777	0.00012583898433224023	0.0001348518080940077
2.7877877877877877	0.00012781505840121757	0.00013712735068842688
2.7977977977977977	0.0001298431866871977	0.00013946591165721103
2.8078078078078077	0.00013192513039276307	0.00014186969876651192
2.8178178178178177	0.00013406272236836711	0.00014434101182818652
2.8278278278278277	0.0001362578704969916	0.00014688224713169803
2.8378378378378377	0.00013851256126478324	0.00014949590212363456
2.8478478478478477	0.00014082886352575997	0.0001521845803442682
2.8578578578578577	0.0001432089324692247	0.0001549509966401498
2.8678678678678677	0.0001456550138150335	0.0001577979826664496
2.8778778778778777	0.00014816944823047622	0.00016072849270052744
2.8878878878878878	0.00015075467599518617	0.0001637456097889683
2.8978978978978978	0.00015341324194003377	0.00016685255223913563
2.9079079079079078	0.00015614780065562525	0.00017005268049057154
2.9179179179179178	0.0001589611219930513	0.00017334950437822167
2.9279279279279278	0.00016185609689953222	0.00017674669082924876
2.937937937937938	0.00016483574356777834	0.00018024807200220993
2.947947947947948	0.00016790321396571218	0.00018385765391438176
2.957957957957958	0.00017106180073050569	0.00018757962558312597
2.967967967967968	0.00017431494448658073	0.000191418368710614
2.977977977977978	0.00017766624158619388	0.00019537846796319246
2.987987987987988	0.00018111945232437797	0.00019946472187407633
2.997997997997998	0.00018467850964418088	0.00020368215441229855
3.008008008008008	0.0001883475283738017	0.0002080360272725734
3.018018018018018	0.00019213081502980576	0.00021253185293028802
3.028028028028028	0.00019603287823606605	0.00021717540851651283
3.038038038038038	0.00020005843976957113	0.00022197275057078564
3.048048048048048	0.0002042124463268386	0.00022693023073553034
3.058058058058058	0.00020850008201479277	0.0002320545124709493
3.068068068068068	0.0002129267816531893	0.00023735258883281535
3.078078078078078	0.0002174982449209806	0.0002428318014334634
3.088088088088088	0.00022222045142582508	0.00024849986064267107
3.098098098098098	0.00022709967676375176	0.0002543648671332872
3.108108108108108	0.00023214250962291875	0.00026043533486962275
3.118118118118118	0.00023735587004544215	0.00026672021565452274
3.1281281281281283	0.00024274702889430286	0.000273228925340558
3.1381381381381384	0.00024832362864055986	0.00027997137185749603
3.1481481481481484	0.00025409370558915947	0.0002869579851666688
3.1581581581581584	0.00026006571359261466	0.00029419974932492636
3.1681681681681684	0.0002662485494542256	0.00030170823680061615
3.1781781781781784	0.000272651580080416	0.0003094956452468135
3.1881881881881884	0.00027928467156206646	0.0003175748368999744
3.1981981981981984	0.0002861582203265988	0.00032595938084957954
3.2082082082082084	0.0002932831865349938	0.00033466359839204665
3.2182182182182184	0.0003006711298991578	0.00034370261174213875
3.2282282282282284	0.0003083342481258706	0.0003530923963668001
3.2382382382382384	0.0003162854182037643	0.00036284983727080607
3.2482482482482484	0.0003245382407726662	0.00037299278954741215
3.2582582582582584	0.0003331070878476579	0.0003835401435871229
3.2682682682682684	0.0003420071541620671	0.0003945118953266243
3.2782782782782784	0.0003512545124679801	0.00040592922201410276
3.2882882882882885	0.00036086617314008045	0.0004178145639501299
3.2982982982982985	0.0003708601484264427	0.0004301917127646858
3.3083083083083085	0.0003812555218332649	0.0004430859068106679
3.3183183183183185	0.0003920725230278862	0.0004565239343483785
3.3283283283283285	0.0004033326088245774	0.0004705342452229695
3.3383383383383385	0.00041505855078014626	0.00048514707184590803
3.3483483483483485	0.00042727453004875505	0.0005003945603606309
3.3583583583583585	0.00044000624012887024	0.0005163109129793195
3.3683683683683685	0.0004532809983221939	0.0005329325425629212
3.3783783783783785	0.0004671278666889586	0.0005502982406537794
3.3883883883883885	0.0004815777834637708	0.0005684493603096589
3.3983983983983985	0.0004966637059361971	0.0005874300152061478
3.4084084084084085	0.0005124207659716306	0.0006072872966836894
3.4184184184184185	0.0005288864394176996	0.0006280715105703356
3.4284284284284285	0.0005461007308548097	0.0006498364358650595
3.4384384384384385	0.0005641063752404815	0.0006726396075644738
3.4484484484484486	0.0005829490582376369	0.0006965426262254599
3.4584584584584586	0.0006026776572277692	0.00072161149716484
3.4684684684684686	0.0006233445051875752	0.0007479170025317528
3.4784784784784786	0.0006450056799662749	0.0007755351098985327
3.4884884884884886	0.0006677213217226147	0.0008045474215154433
3.4984984984984986	0.0006915559817111247	0.0008350416688146969
3.5085085085085086	0.0007165790059077702	0.0008671122574360653
3.5185185185185186	0.000742864957553422	0.0009008608686735111
3.5285285285285286	0.0007704940830645014	0.0009363971240555686
3.5385385385385386	0.000799552826469947	0.0009738393206592703
3.5485485485485486	0.0008301343981792532	0.001013315245833296
3.5585585585585586	0.0008623394046601003	0.001054963081120356
3.5685685685685686	0.0008962765465401744	0.0010989324067123504
3.5785785785785786	0.0009320633936660121	0.0011453853191673515
3.5885885885885886	0.0009698272469029163	0.0011944976771876214
3.5985985985985987	0.0010097060978500744	0.001246460492296145
3.6086086086086087	0.0010518496992465742	0.001301481483799285
3.6186186186186187	0.0010964207608140921	0.0013597868204640602
3.6286286286286287	0.0011435962874696394	0.0014216230746468823
3.6386386386386387	0.0011935690794179308	0.0014872594188282836
3.6486486486486487	0.001246549416757466	0.0015569900992121887
3.6586586586586587	0.0013027669547538592	0.0016311372266702218
3.6686686686686687	0.0013624728601996493	0.0017100539321496223
3.6786786786786787	0.0014259422242769188	0.0017941279413481131
3.6886886886886887	0.0014934767932918923	0.0018837856331981795
3.6986986986986987	0.0015654080656589	0.0019794966577442465
3.7087087087087087	0.0016421008119647232	0.0020817792026460807
3.7187187187187187	0.0017239570849875549	0.002191206013755016
3.7287287287287287	0.0018114207986193707	0.0023084112947734073
3.7387387387387387	0.0019049829691821717	0.002434098634693554
3.7487487487487487	0.002005187730169464	0.0025690501405271847
3.7587587587587588	0.0021126392528012716	0.0027141369878940424
3.7687687687687688	0.002228009730612172	0.002870331644870054
3.7787787787787788	0.0023520486180058143	0.0030387220774215095
3.7887887887887888	0.0024855933515729963	0.003220528309586374
3.798798798798799	0.002629581830739744	0.0034171217924583554
3.808808808808809	0.0027850669935582093	0.003630048136231168
3.818818818818819	0.0029532338970002583	0.003861053885417871
3.828828828828829	0.003135419802991077	0.004112118175312955
3.838838838838839	0.0033331378866301243	0.004385490307511615
3.848848848848849	0.0035481053286227277	0.004683734536408708
3.858858858858859	0.0037822767382675953	0.005009783683358891
3.868868868868869	0.0040378840888355754	0.0053670036130053465
3.878878878878879	0.004317484649059258	0.005759271147432882
3.888888888888889	0.004624018784624875	0.006191068699165077
3.898898898898899	0.004960880010734633	0.006667599830191216
3.908908908908909	0.0053320003407102785	0.007194931169574787
3.918918918918919	0.0057419548513672775	0.0077801677559096675
3.928928928928929	0.006196090550278136	0.008431671068657503
3.938938938938939	0.0067006861902349606	0.009159331993794498
3.948948948948949	0.00726315178632155	0.00997491505447534
3.958958958958959	0.007892279470718052	0.010892495890668649
3.968968968968969	0.008598561290100741	0.011929021881040478
3.978978978978979	0.009394595080475156	0.01310503699527765
3.988988988988989	0.01029560734645689	0.014445628007998717
3.998998998998999	0.011320133184936213	0.01598167250704821
4.009009009009009	0.01249090935016238	0.017751503464529604
4.019019019019019	0.013836060086847068	0.019803156529852164
4.029029029029029	0.01539069036451838	0.022197444437066213
4.039039039039039	0.01719905409210606	0.02501222423203272
4.049049049049049	0.01931754641679233	0.028348414976434734
4.059059059059059	0.021818897220658676	0.03233863411305785
4.069069069069069	0.024798148282849927	0.0371598354662629
4.079079079079079	0.028381333883665632	0.04305220873231938
4.089089089089089	0.03273835336688767	0.05034813987863828
4.099099099099099	0.038102511495373984	0.05951782842990315
4.109109109109109	0.04480097332569538	0.07124343678746817
4.119119119119119	0.053303676073697966	0.08654406013977418
4.129129129129129	0.06430463735601258	0.1069954143649308
4.1391391391391394	0.07886263036845717	0.13513571186180737
4.1491491491491495	0.098656278299805	0.17526152094522363
4.1591591591591595	0.12647328598605298	0.23510593502118735
4.1691691691691695	0.16721476578147038	0.3297133911625664
4.1791791791791795	0.230138766444711	0.4914943133221484
4.1891891891891895	0.33444362185465315	0.8007190871905286
4.1991991991991995	0.5253055701787425	1.5006141728149056
4.2092092092092095	0.9301860750318711	3.5967869048226837
4.2192192192192195	2.026554716869926	13.360932446356479
4.2292292292292295	6.745496928343419	20.77784245371676
4.2392392392392395	34.4089916077785	5.281024636725042
4.2492492492492495	7.954796014270231	2.0399079194069234
4.2592592592592595	2.335281783146668	1.0608946964081116
4.2692692692692695	1.0789793231613762	0.6499432004358033
4.2792792792792795	0.6203816920879187	0.44043225221550797
4.2892892892892895	0.40417335983928665	0.3194077008979562
4.2992992992992995	0.2853490395115383	0.24317999473903792
4.3093093093093096	0.21304448431460596	0.19202926967406622
4.31931931931932	0.1657390068602179	0.15600738283525295
4.32932932932933	0.13306470353421646	0.12965637044363598
4.33933933933934	0.10952641940360926	0.1097787793683908
4.34934934934935	0.09199034584547691	0.09440011229719074
4.35935935935936	0.0785625680818939	0.08224718175179639
4.36936936936937	0.06804327085484597	0.07246879456235979
4.37937937937938	0.05964208572459077	0.06447815939382119
4.38938938938939	0.0528209474977108	0.057859956069899875
4.3993993993994	0.047203111863342535	0.05231342393089048
4.40940940940941	0.04251830265017629	0.04761634889710595
4.41941941941942	0.03856846847277261	0.04360161325884672
4.42942942942943	0.03520574695703847	0.040141535404107954
4.43943943943944	0.032317901657552876	0.03713717443808517
4.44944944944945	0.029818467719753848	0.034510877521306826
4.45945945945946	0.027639941940907787	0.03220099208936104
4.46946946946947	0.025728986931656365	0.030158052247987344
4.47947947947948	0.024042995593105795	0.0283419871683104
4.48948948948949	0.022547591684987524	0.026720049668410368
4.4994994994995	0.021214785597001795	0.025265259934477206
4.50950950950951	0.020021595888581458	0.023955222802803475
4.51951951951952	0.01894900667381111	0.022771219379127575
4.52952952952953	0.017981170357251865	0.021697502494468047
4.53953953953954	0.017104791787798893	0.020720745264003797
4.54954954954955	0.016308648065259702	0.019829605806309873
4.55955955955956	0.015583210837760403	0.019014380925978687
4.56956956956957	0.014920346787489708	0.018266728530611332
4.57957957957958	0.014313078305290045	0.017579443591047548
4.58958958958959	0.013755390891308214	0.016946276134106934
4.5995995995996	0.013242077118518093	0.016361782471979593
4.60960960960961	0.012768609420084289	0.01582120289284229
4.61961961961962	0.012331035759329352	0.01532036055514518
4.62962962962963	0.01192589358603164	0.014855577476421414
4.63963963963964	0.011550138497520405	0.014423604383319808
4.64964964964965	0.011201084794425652	0.014021561863173755
4.65965965965966	0.010876355711966181	0.01364689077778451
4.66966966966967	0.010573841563650373	0.01329731030585468
4.67967967967968	0.010291664388098976	0.012970782298200393
4.68968968968969	0.010028147966522022	0.012665480880249365
4.6996996996997	0.009781792295975538	0.012379766434968884
4.70970970970971	0.009551251775331022	0.012112163257472048
4.71971971971972	0.009335316497926665	0.011861340299275535
4.72972972972973	0.00913289615404259	0.011626094522320158
4.73973973973974	0.00894300613414296	0.01140533646506696
4.74974974974975	0.008764755494842165	0.01119807769028912
4.75975975975976	0.008597336506918593	0.01100341983868782
4.76976976976977	0.008440015551446979	0.010820545057331741
4.77977977977978	0.008292125168620967	0.01064870760862499
4.78978978978979	0.008153057094986205	0.010487226496144843
4.7997997997998	0.008022256150955791	0.010335478968653153
4.80980980980981	0.0078992148617305	0.010192894784775539
4.81981981981982	0.00778346871266383	0.010058951138137831
4.82982982982983	0.007674591954914143	0.009933168157558797
4.83983983983984	0.007572193889594308	0.009815104909032249
4.84984984984985	0.007475915569086286	0.009704355836801199
4.85985985985986	0.00738542686282147	0.009600547589346418
4.86986986986987	0.007300423842427136	0.00950333618371318
4.87987987987988	0.007220626447142251	0.0094124044678655
4.88988988988989	0.0071457763958667955	0.009327459845978084
4.8998998998999	0.007075635316658138	0.009248232236441195
4.90990990990991	0.007009983068403945	0.009174472236021957
4.91991991991992	0.006948616232566897	0.009105949467112235
4.92992992992993	0.00689134675588367	0.009042451087940766
4.93993993993994	0.006838000727213709	0.00898378044803722
4.94994994994995	0.006788417273797903	0.008929755873392156
4.95995995995996	0.006742447564192901	0.008880209567795932
4.96996996996997	0.0066999539064103554	0.008834986618219062
4.97997997997998	0.006660808931442867	0.008793944093727439
4.98998998998999	0.006624894853298147	0.008756950228537829
5.0	0.006592102797857043	0.008723883680936375
