-5.0	0.030792735332122633	0.03163452825640968
-4.98998998998999	0.030936600924482246	0.031782155671113324
-4.97997997997998	0.03108197798874234	0.03193133203226377
-4.96996996996997	0.03122888810756205	0.03208207941837348
-4.95995995995996	0.031377353250100604	0.03223442030243371
-4.94994994994995	0.03152739578028596	0.032388377560331534
-4.93993993993994	0.0316790384652987	0.03254397447948176
-4.92992992992993	0.03183230448425322	0.032701234767664976
-4.91991991991992	0.03198721743710864	0.0328601825620863
-4.90990990990991	0.032143801353790497	0.03302084243866494
-4.8998998998999	0.03230208070355225	0.0331832394215506
-4.88988988988989	0.03246208040456348	0.033347398992880695
-4.87987987987988	0.03262382583374989	0.03351334710278438
-4.86986986986987	0.032787342836869814	0.033681110179636715
-4.85985985985986	0.032952657738861364	0.033850715140574895
-4.84984984984985	0.03311979735444151	0.03402218940227988
-4.83983983983984	0.03328878899898396	0.03419556089203401
-4.82982982982983	0.03345966049967317	0.03437085805905975
-4.81981981981982	0.03363244020694556	0.03454810988615323
-4.80980980980981	0.03380715700622656	0.03472734590161202
-4.7997997997998	0.03398384032997376	0.03490859619147374
-4.78978978978979	0.0341625201700313	0.035091891412071786
-4.77977977977978	0.03434322709030732	0.035277262802917896
-4.76976976976977	0.034525992239780826	0.03546474219991822
-4.75975975975976	0.03471084736585852	0.035654362048936794
-4.74974974974975	0.03489782482807246	0.035846155419715614
-4.73973973973974	0.035086957612145565	0.036040156020159135
-4.72972972972973	0.03527827934443301	0.03623639821099747
-4.71971971971972	0.035471824306742665	0.03643491702083921
-4.70970970970971	0.03566762745155449	0.03663574816162173
-4.6996996996997	0.0358657244176444	0.03683892804447407
-4.68968968968969	0.03606615154613576	0.03704449379601022
-4.67967967967968	0.03626894589697223	0.037252483275048535
-4.66966966966967	0.03647414526584862	0.037462935089792954
-4.65965965965966	0.03668178820159139	0.037675888615472566
-4.64964964964965	0.03689191402402006	0.037891384012458944
-4.63963963963964	0.03710456284229158	0.03810946224488181
-4.62962962962963	0.03731977557375251	0.038330165099744476
-4.61961961961962	0.037537593963304215	0.03855353520657239
-4.60960960960961	0.0377580606033119	0.03877961605759244
-4.5995995995996	0.03798121895405341	0.039008452028477504
-4.58958958958959	0.038207113364746366	0.03924008839965734
-4.57957957957958	0.03843578909515977	0.03947457137822389
-4.56956956956957	0.03866729233782443	0.03971194812044873
-4.55955955955956	0.03890167024087692	0.03995226675492604
-4.54954954954955	0.03913897093153834	0.040195576406367416
-4.53953953953954	0.03937924354026429	0.04044192722006264
-4.52952952952953	0.039622538225573795	0.04069137038703448
-4.51951951951952	0.039868906199590534	0.04094395816990421
-4.50950950950951	0.04011839975430967	0.04119974392948956
-4.4994994994995	0.040371072288622106	0.04145878215216596
-4.48948948948949	0.0406269783361074	0.04172112847800761
-4.47947947947948	0.04088617359364267	0.041986839729735145
-4.46946946946947	0.0411487149508268	0.042255973942497256
-4.45945945945946	0.041414660520267224	0.04252859039451655
-4.44944944944945	0.04168406966874665	0.04280474963861885
-4.43943943943944	0.04195700304930564	0.043084513534683185
-4.42942942942943	0.04223352263426277	0.04336794528303589
-4.41941941941942	0.0425136917492106	0.043655109458826315
-4.40940940940941	0.04279757510801497	0.04394607204740897
-4.3993993993994	0.04308523884885648	0.04424090048077279
-4.38938938938939	0.0433767505713364	0.04453966367504233
-4.37937937937938	0.0436721793747052	0.044842432069101636
-4.36936936936937	0.043971595897221	0.0451492776643549
-4.35935935935936	0.044275072356704914	0.04546027406569072
-4.34934934934935	0.04458268259231298	0.04577549652366224
-4.33933933933934	0.044894502107575715	0.046095021977940326
-4.32932932932933	0.04521060811474721	0.046418929102084484
-4.31931931931932	0.04553107958050619	0.04674729834966001
-4.3093093093093096	0.04585599727305205	0.04708021200176193
-4.2992992992992995	0.04618544381065357	0.04741775421598982
-4.2892892892892895	0.0465195037116899	0.047760011076916714
-4.2792792792792795	0.04685826344623773	0.04810707064811042
-4.2692692692692695	0.047201811489264424	0.048459023025755096
-4.2592592592592595	0.047550238375471565	0.048815960393933114
-4.2492492492492495	0.04790363675585699	0.04917797708161761
-4.2392392392392395	0.04826210145604661	0.04954516962143913
-4.2292292292292295	0.04862572953646162	0.04991763681029029
-4.2192192192192195	0.04899462035439096	0.05029547977182307
-4.2092092092092095	0.04936887562802087	0.050678802020912156
-4.1991991991991995	0.04974859950250451	0.051067709530152404
-4.1891891891891895	0.05013389861814109	0.0514623107984594
-4.1791791791791795	0.050524882180734136	0.05186271692184408
-4.1691691691691695	0.05092166203420641	0.05226904166644307
-4.1591591591591595	0.05132435273556254	0.05268140154388362
-4.1491491491491495	0.05173307163226477	0.05309991588906089
-4.1391391391391394	0.052147938942130614	0.0535247069404174
-4.129129129129129	0.052569077835819635	0.053955899922812287
-4.119119119119119	0.052996614522025004	0.05439362313307195
-4.109109109109109	0.05343067833544632	0.05483800802831836
-4.099099099099099	0.053871401827664055	0.05528918931717508
-4.089089089089089	0.054318920861008126	0.05574730505395182
-4.079079079079079	0.0547733747055285	0.05621249673591607
-4.069069069069069	0.05523490613919712	0.056684909403765006
-4.059059059059059	0.05570366155143711	0.05716469174540992
-4.049049049049049	0.056179791050120394	0.0576519962031932
-4.039039039039039	0.05666344857214848	0.05814697908466979
-4.029029029029029	0.0571547919977565	0.0586498006770632
-4.019019019019019	0.05765398326867548	0.059160625365560944
-4.009009009009009	0.058161188510293636	0.05967962175555912
-3.998998998998999	0.05867657815796746	0.06020696279901759
-3.988988988988989	0.059200327087641044	0.0607428259250731
-3.978978978978979	0.059732614750924375	0.06128739317506357
-3.968968968968969	0.06027362531480616	0.06184085134213344
-3.958958958958959	0.060823547806173724	0.06240339211557778
-3.948948948948949	0.061382576261316234	0.06297521223010856
-3.938938938938939	0.06195090988060205	0.06355651362022403
-3.928928928928929	0.06252875318852495	0.06414750357986772
-3.918918918918919	0.06311631619932143	0.0647483949275733
-3.908908908908909	0.06371381458837024	0.06535940617730376
-3.898898898898899	0.06432146986959389	0.06598076171518873
-3.888888888888889	0.06493950957908694	0.0666126919823876
-3.878878878878879	0.06556816746521296	0.06725543366430083
-3.868868868868869	0.06620768368541081	0.06790922988636916
-3.858858858858859	0.06685830500997506	0.06857433041670843
-3.848848848848849	0.06752028503305908	0.06925099187582823
-3.838838838838839	0.0681938843912019	0.06993947795370926
-3.828828828828829	0.06887937098964259	0.0706400596345061
-3.818818818818819	0.06957702023673479	0.07135301542916317
-3.808808808808809	0.07028711528676995	0.07207863161624749
-3.798798798798799	0.07100994729152298	0.07281720249128655
-3.7887887887887888	0.07174581566086792	0.07356903062495404
-3.7787787787787788	0.07249502833280126	0.0743344271304133
-3.7687687687687688	0.07325790205323675	0.07511371194017509
-3.7587587587587588	0.07403476266594987	0.07590721409281168
-3.7487487487487487	0.07482594541305489	0.07671527202990859
-3.7387387387387387	0.07563179524642637	0.07753823390362359
-3.7287287287287287	0.0764526671504765	0.07837645789525312
-3.7187187187187187	0.07728892647672515	0.07923031254521633
-3.7087087087087087	0.0781409492906192	0.08010017709487109
-3.6986986986986987	0.07900912273106056	0.08098644184060588
-3.6886886886886887	0.07989384538313168	0.08188950850066025
-3.6786786786786787	0.08079552766451759	0.08280979059513514
-3.6686686686686687	0.08171459222615111	0.08374771383968087
-3.6586586586586587	0.08265147436761094	0.08470371655335633
-3.6486486486486487	0.08360662246782992	0.08567825008117634
-3.6386386386386387	0.08458049843170119	0.08667177923187633
-3.6286286286286287	0.08557357815315854	0.08768478273143795
-3.6186186186186187	0.08658635199535951	0.08871775369293997
-3.6086086086086087	0.0876193252886059	0.08977120010331151
-3.5985985985985987	0.08867301884664573	0.09084564532757922
-3.5885885885885886	0.08974796950204046	0.09194162863122007
-3.5785785785785786	0.09084473066128955	0.09305970572124653
-3.5685685685685686	0.0919638728804294	0.09420044930665568
-3.5585585585585586	0.09310598446183739	0.09536444967891228
-3.5485485485485486	0.09427167207299539	0.096552315313111
-3.5385385385385386	0.09546156138799274	0.09776467349052625
-3.5285285285285286	0.09667629775255364	0.09900217094321667
-3.5185185185185186	0.09791654687340275	0.10026547452140815
-3.5085085085085086	0.09918299553278959	0.10155527188435454
-3.4984984984984986	0.10047635232902698	0.10287227221540711
-3.4884884884884886	0.10179734844387917	0.1042172069620068
-3.4784784784784786	0.10314673843768976	0.10559083060133692
-3.4684684684684686	0.10452530107311107	0.10699392143236387
-3.4584584584584586	0.1059338401683279	0.10842728239498585
-3.4484484484484486	0.10737318548066713	0.10989174191701367
-3.4384384384384385	0.10884419362147892	0.1113881547896911
-3.4284284284284285	0.11034774900318695	0.11291740307244014
-3.4184184184184185	0.11188476481937716	0.11448039702751875
-3.4084084084084085	0.11345618405880836	0.11607807608521079
-3.3983983983983985	0.11506298055417832	0.11771140984018179
-3.3883883883883885	0.11670616006648722	0.11938139907954723
-3.3783783783783785	0.11838676140577285	0.12108907684318619
-3.3683683683683685	0.12010585758897858	0.12283550951674739
-3.3583583583583585	0.12186455703564783	0.12462179795772733
-3.3483483483483485	0.12366400480207292	0.1264490786549248
-3.3383383383383385	0.12550538385446447	0.1283185249214762
-3.3283283283283285	0.1273899163816018	0.13023134812153953
-3.3183183183183185	0.1293188651473222	0.13218879893060295
-3.3083083083083085	0.131293534883094	0.13419216862920175
-3.2982982982982985	0.1333152737207459	0.13624279042967585
-3.2882882882882885	0.1353854746652938	0.13834204083541524
-3.2782782782782784	0.13750557710758002	0.14049134103177477
-3.2682682682682684	0.13967706837623084	0.1426921583076323
-3.2582582582582584	0.14190148532819444	0.14494600750624295
-3.2482482482482484	0.14418041597681716	0.14725445250374689
-3.2382382382382384	0.14651550115609085	0.14961910771328837
-3.2282282282282284	0.14890843621934485	0.15204163961233277
-3.2182182182182184	0.15136097277022365	0.15452376829028597
-3.2082082082082084	0.15387492042330866	0.15706726901300644
-3.1981981981981984	0.15645214859124876	0.15967397380024326
-3.1881881881881884	0.15909458829460502	0.16234577301138445
-3.1781781781781784	0.16180423399000565	0.16508461693417703
-3.1681681681681684	0.16458314541140592	0.16789251737030522
-3.1581581581581584	0.1674334494184226	0.17077154921083124
-3.1481481481481484	0.17035734184480372	0.17372385199350665
-3.1381381381381384	0.17335708933898267	0.1767516314329139
-3.1281281281281283	0.17643503118757323	0.17985716091315923
-3.118118118118118	0.179593581111313	0.18304278293157633
-3.108108108108108	0.18283522902155105	0.18631091048036164
-3.098098098098098	0.18616254272380042	0.18966402835155133
-3.088088088088088	0.18957816955305823	0.19310469434888913
-3.078078078078078	0.19308483792372835	0.19663554038827644
-3.068068068068068	0.19668535877476703	0.2002592734662997
-3.058058058058058	0.200382626888351	0.2039786764740638
-3.048048048048048	0.20417962205773924	0.2077966088309543
-3.038038038038038	0.2080794100771703	0.2117160069102167
-3.028028028028028	0.21208514352347455	0.21573988422519877
-3.018018018018018	0.21620006229569283	0.21987133134179296
-3.008008008008008	0.22042749387522242	0.2241135154791037
-2.997997997997998	0.2247708532649574	0.22846967975641433
-2.987987987987988	0.22923364256144044	0.2329431420404764
-2.977977977977978	0.23381945010926175	0.23753729334254112
-2.967967967967968	0.2385319491817211	0.2422555957098325
-2.957957957957958	0.24337489612616506	0.24710157955094703
-2.947947947947948	0.24835212790639602	0.2520788403292397
-2.937937937937938	0.253467558968064	0.257191034552368
-2.9279279279279278	0.25872517734606815	0.26244187498006266
-2.9179179179179178	0.26412903992566233	0.2678351249657293
-2.9079079079079078	0.2696832667611976	0.27337459184068064
-2.8978978978978978	0.27539203434827025	0.2790641192428673
-2.8878878878878878	0.28125956773652633	0.28490757828471386
-2.8778778778778777	0.2872901313615285	0.29090885744733036
-2.8678678678678677	0.29348801846496564	0.29707185108099804
-2.8578578578578577	0.2998575389632363	0.3034004463844182
-2.8478478478478477	0.3064030056151272	0.30989850872810626
-2.8378378378378377	0.3131287183300563	0.31656986518043395
-2.8278278278278277	0.32003894644944275	0.323418286088545
-2.8178178178178177	0.32713790882528726	0.330447464560847
-2.8078078078078077	0.3344297515123867	0.3376609936932458
-2.7977977977977977	0.3419185228839799	0.345062341378204
-2.7877877877877877	0.3496081459755277	0.35265482253419517
-2.7777777777777777	0.3575023878580571	0.36044156859394294
-2.7677677677677677	0.3656048258417121	0.3684254940930965
-2.7577577577577577	0.3739188103123701	0.37660926020759394
-2.7477477477477477	0.38244742401002624	0.3849952350981943
-2.7377377377377377	0.3911934375680176	0.3935854509354491
-2.7277277277277276	0.4001592611477364	0.4023815574983065
-2.7177177177177176	0.4093468920253131	0.41138477226540016
-2.7077077077077076	0.4187578580157404	0.4205958269507433
-2.6976976976976976	0.42839315665726735	0.4300149104758824
-2.6876876876876876	0.43825319012552527	0.4396416084193606
-2.6776776776776776	0.4483376959041639	0.4494748390425173
-2.6676676676676676	0.4586456733076815	0.4595127860590322
-2.6576576576576576	0.46917530603388746	0.4697528283948097
-2.6476476476476476	0.4799238810189061	0.48019146727548573
-2.6376376376376376	0.49088770397777165	0.4908242510813002
-2.6276276276276276	0.5020620121388669	0.501645698523411
-2.6176176176176176	0.5134408848210922	0.512649220821685
-2.6076076076076076	0.5250171526583919	0.523827043700824
-2.5975975975975976	0.5367823064462642	0.5351701301681119
-2.5875875875875876	0.5487264067676627	0.5466681051901882
-2.5775775775775776	0.5608379957488387	0.5583091835454085
-2.5675675675675675	0.5731040124957761	0.5700801022890971
-2.5575575575575575	0.5855097139644302	0.5819660594268827
-2.5475475475475475	0.5980386032174356	0.5939506605410806
-2.5375375375375375	0.6106723672090684	0.6060158752504163
-2.5275275275275275	0.6233908264109378	0.6181420054971178
-2.5175175175175175	0.6361718987336336	0.630307667739484
-2.5075075075075075	0.648991580303451	0.6424897911737899
-2.4974974974974975	0.66182394570717	0.6546636341078478
-2.4874874874874875	0.6746411703094884	0.6668028205504773
-2.4774774774774775	0.687413577164946	0.6788793989579098
-2.4674674674674675	0.7001097108778962	0.6908639248820353
-2.4574574574574575	0.7126964404998125	0.7027255689898759
-2.4474474474474475	0.7251390931854328	0.7144322515650303
-2.4374374374374375	0.737401619852848	0.7259508041583408
-2.4274274274274275	0.7494467935072276	0.7372471585293817
-2.4174174174174174	0.7612364401974167	0.7482865624185141
-2.4074074074074074	0.7727317017892423	0.759033821022154
-2.3973973973973974	0.7838933288751516	0.7694535623269826
-2.3873873873873874	0.7946820012192747	0.7795105237123944
-2.3773773773773774	0.8050586721891768	0.7891698564787885
-2.3673673673673674	0.8149849326847636	0.7983974442308732
-2.3573573573573574	0.8244233891799008	0.8071602303701993
-2.3473473473473474	0.8333380496851401	0.8154265493620998
-2.3373373373373374	0.8416947107624355	0.8231664559699011
-2.3273273273273274	0.8494613382157483	0.8303520463231718
-2.3173173173173174	0.8566084337805351	0.8369577645312779
-2.3073073073073074	0.8631093800693819	0.8429606885873832
-2.2972972972972974	0.8689407562193713	0.8483407895419383
-2.2872872872872874	0.8740826171369472	0.853081158360545
-2.2772772772772774	0.878518729942635	0.8571681955108772
-2.2672672672672673	0.882236762162248	0.860591759129492
-2.2572572572572573	0.8852284173617181	0.8633452685749745
-2.2472472472472473	0.8874895152362117	0.8654257612440657
-2.2372372372372373	0.8890200145884921	0.8668339016713064
-2.2272272272272273	0.8898239791083613	0.8675739431055879
-2.2172172172172173	0.8899094873329282	0.867653642912421
-2.2072072072072073	0.8892884895669492	0.8670841342445225
-2.1971971971971973	0.8879766158174985	0.8658797574139189
-2.1871871871871873	0.8859929399004991	0.8640578552520912
-2.1771771771771773	0.883359705770468	0.8616385374330708
-2.1671671671671673	0.8801020227838621	0.8586444192402133
-2.1571571571571573	0.8762475370179635	0.8551003405716052
-2.1471471471471473	0.871826085931205	0.8510330711023669
-2.1371371371371373	0.8668693435788338	0.8464710074634717
-2.1271271271271273	0.8614104633115246	0.841443868072579
-2.1171171171171173	0.8554837244133485	0.8359823908847455
-2.1071071071071072	0.8491241885145043	0.8301180388461765
-2.0970970970970972	0.8423673708812034	0.8238827172605774
-2.0870870870870872	0.835248930878648	0.817308506644543
-2.0770770770770772	0.8278043850602353	0.8104274139834711
-2.067067067067067	0.8200688454907603	0.8032711446290247
-2.057057057057057	0.8120767850928958	0.7958708964254897
-2.047047047047047	0.8038618310389376	0.7882571770349195
-2.037037037037037	0.7954565865119787	0.7804596448641615
-2.027027027027027	0.7868924805456515	0.7725069734918758
-2.017017017017017	0.778199645126804	0.7644267390570205
-2.007007007007007	0.7694068183139651	0.7562453297052957
-1.996996996996997	0.7605412717852958	0.7479878758968711
-1.986986986986987	0.7516287609784128	0.7396782001548035
-1.976976976976977	0.7426934958144481	0.7313387846744052
-1.966966966966967	0.7337581299014059	0.7229907551136787
-1.956956956956957	0.7248437660778726	0.7146538788367265
-1.946946946946947	0.7159699761776351	0.706346575878578
-1.936936936936937	0.7071548329587614	0.6980859409336674
-1.926926926926927	0.6984149522380046	0.6898877747339913
-1.916916916916917	0.6897655433942584	0.6817666232699252
-1.906906906906907	0.6812204665453685	0.6737358234106514
-1.896896896896897	0.672792294854241	0.6658075535964714
-1.8868868868868869	0.664492380576961	0.657992888397301
-1.8768768768768769	0.6563309236229495	0.6503018558561973
-1.8668668668668669	0.6483170415510144	0.6427434966606245
-1.8568568568568569	0.640458840072831	0.6353259243046163
-1.8468468468468469	0.632763483274494	0.6280563855200972
-1.8368368368368369	0.6252372628960524	0.620941320363848
-1.8268268268268268	0.6178856661273034	0.6139864214469632
-1.8168168168168168	0.6107134414853018	0.60719669188561
-1.8068068068068068	0.6037246624348024	0.6005765016351143
-1.7967967967967968	0.5969227884976112	0.5941296419439294
-1.7867867867867868	0.5903107236709353	0.5878593777301052
-1.7767767767767768	0.5838908720389252	0.5817684977407797
-1.7667667667667668	0.5776651905164433	0.575859362405511
-1.7567567567567568	0.5716352387104676	0.5701339493374374
-1.7467467467467468	0.5658022259232399	0.5645938964729501
-1.7367367367367368	0.5601670553530484	0.5592405428713642
-1.7267267267267268	0.554730365574409	0.5540749672216195
-1.7167167167167168	0.5494925693997668	0.5490980241238647
-1.7067067067067068	0.5444538902407847	0.5443103782305717
-1.6966966966966968	0.5396143960992127	0.5397125363450056
-1.6866866866866868	0.5349740313258567	0.5353048775849861
-1.6766766766766767	0.5305326462920534	0.5310876817274267
-1.6666666666666667	0.52629002512149	0.5270611558544506
-1.6566566566566567	0.5222459116318308	0.5232254594254222
-1.6466466466466467	0.5184000336357925	0.5195807279012997
-1.6366366366366367	0.5147521257502139	0.5161270950485828
-1.6266266266266267	0.5113019508598712	0.5128647140501427
-1.6166166166166167	0.5080493203802448	0.5097937775495095
-1.6066066066066067	0.5049941134606466	0.5069145367541104
-1.5965965965965967	0.5021362952660178	0.5042273197214593
-1.5865865865865867	0.49947593447268485	0.5017325489508281
-1.5765765765765767	0.49701322011037424	0.4994307584013799
-1.5665665665665667	0.49474847788008613	0.49732261005635764
-1.5565565565565564	0.49268218607508835	0.4954089101518554
-1.5465465465465464	0.4908149912303291	0.4936906251878599
-1.5365365365365364	0.4891477236242247	0.492168897838982
-1.5265265265265264	0.48768141275596005	0.49084506288246454
-1.5165165165165164	0.4864173029213822	0.48972066326188185
-1.5065065065065064	0.4853568690111859	0.4887974664064246
-1.4964964964964964	0.48450183265659436	0.48807748092791453
-1.4864864864864864	0.48385417885012694	0.48756297382082575
-1.4764764764764764	0.48341617317238295	0.48725648829458423
-1.4664664664664664	0.48319037976022783	0.4871608623724779
-1.4564564564564564	0.48317968015731844	0.48727924839771125
-1.4464464464464464	0.48338729319477863	0.4876151335945188
-1.4364364364364364	0.4838167960580134	0.4881723618410053
-1.4264264264264264	0.4844721467054485	0.488955156820686
-1.4164164164164164	0.4853577078163129	0.4899681467315831
-1.4064064064064064	0.48647827245783953	0.4912163907455088
-1.3963963963963963	0.48783909167758427	0.4927054074259615
-1.3863863863863863	0.4894459042440058	0.49444120533114916
-1.3763763763763763	0.4913049687786291	0.49643031604930166
-1.3663663663663663	0.49342309854595057	0.49867982993694304
-1.3563563563563563	0.49580769919339	0.5011974348575067
-1.3463463463463463	0.4984668097632891	0.5039914582481168
-1.3363363363363363	0.5014091473326905	0.5070709128767928
-1.3263263263263263	0.5046441556750337	0.5104455466915615
-1.3163163163163163	0.5081820583814664	0.51412589720744
-1.3063063063063063	0.5120339169290621	0.5181233509277987
-1.2962962962962963	0.5162116942395537	0.5224502083540675
-1.2862862862862863	0.5207283243363316	0.5271197552031281
-1.2762762762762763	0.5255977887805211	0.5321463405261526
-1.2662662662662663	0.5308352006501804	0.5375454625075032
-1.2562562562562563	0.5364568969217842	0.5433338628191243
-1.2462462462462462	0.5424805402217877	0.5495296305165194
-1.2362362362362362	0.5489252310403681	0.5561523165890159
-1.2262262262262262	0.5558116316420488	0.563223060422088
-1.2162162162162162	0.563162103071483	0.5707647295961331
-1.2062062062062062	0.5710008568407856	0.5788020746374227
-1.1961961961961962	0.5793541231015314	0.5873619005575982
-1.1861861861861862	0.5882503373544536	0.5964732572722024
-1.1761761761761762	0.597720348038927	0.6061676512828883
-1.1661661661661662	0.6077976476788397	0.6164792813480885
-1.1561561561561562	0.6185186306497723	0.6274453012617116
-1.1461461461461462	0.6299228810837567	0.6391061133183951
-1.1361361361361362	0.6420534949535942	0.651505696577998
-1.1261261261261262	0.6549574409926238	0.6646919746659032
-1.1161161161161162	0.6686859658237508	0.678717228574903
-1.1061061061061062	0.6832950495134374	0.6936385607894049
-1.0960960960960962	0.6988459187554941	0.7095184180568789
-1.0860860860860861	0.7154056260545169	0.72642518131371
-1.0760760760760761	0.7330477046539726	0.7444338326676854
-1.0660660660660661	0.7518529105812023	0.7636267109895385
-1.0560560560560561	0.7719100651118431	0.7840943696222781
-1.0460460460460461	0.7933170132511942	0.8059365520423787
-1.0360360360360361	0.8161817165660451	0.8292633040771343
-1.026026026026026	0.8406235019701657	0.8541962445914993
-1.016016016016016	0.8667744919842554	0.8808700205197163
-1.006006006006006	0.8947812466973822	0.909433976873525
-0.995995995995996	0.9248066533250139	0.9400540780827058
-0.985985985985986	0.9570321061035912	0.9729151239303347
-0.975975975975976	0.9916600275485004	1.0082233116989352
-0.965965965965966	1.0289167921613889	1.0462092062734227
-0.955955955955956	1.0690561259138587	1.0871311922593367
-0.9459459459459459	1.112363069767331	1.1312794971752007
-0.9359359359359359	1.1591586137481305	1.1789808930927728
-0.9259259259259259	1.2098051304722337	1.2306042065050655
-0.9159159159159159	1.2647127644871834	1.2865667936605685
-0.9059059059059059	1.3243469675874204	1.3473421722994126
-0.8958958958958959	1.3892374118675284	1.413469042118677
-0.8858858858858859	1.4599885635527068	1.4855619771517714
-0.8758758758758759	1.5372922638315298	1.5643241357025517
-0.8658658658658659	1.6219427407025213	1.6505624100446417
-0.8558558558558559	1.7148545713774221	1.7452055316639357
-0.8458458458458459	1.8170842316071585	1.849325761535037
-0.8358358358358359	1.9298560101485267	1.9641649319142374
-0.8258258258258259	2.0545932369217272	2.09116576893626
-0.8158158158158159	2.192955974383388	2.232009614686913
-0.8058058058058059	2.346886552202881	2.388661880220368
-0.7957957957957958	2.518664577629673	2.563426786138994
-0.7857857857857858	2.7109733068291884	2.759013158865128
-0.7757757757757757	2.9269794699327742	2.9786131953336397
-0.7657657657657657	3.17042871339341	3.2259960845392537
-0.7557557557557557	3.445758585780581	3.5056179938096115
-0.7457457457457457	3.7582301348009506	3.8227488561151164
-0.7357357357357357	4.114077148842515	4.1836140473749515
-0.7257257257257257	4.520667900530477	4.5955444190883545
-0.7157157157157157	4.986666292901633	5.067119580052658
-0.7057057057057057	5.522164864162226	5.608274094268471
-0.6956956956956957	6.138736889231077	6.2303101967962515
-0.6856856856856857	6.849312486675454	6.9457177504544285
-0.6756756756756757	7.66771595185213	7.767635179051549
-0.6656656656656657	8.60760073044733	8.708688377265975
-0.6556556556556556	9.680385683668609	9.778823376659023
-0.6456456456456456	10.891663393065864	10.981641188680472
-0.6356356356356356	12.235525119697378	12.308763442509596
-0.6256256256256256	13.686575099215663	13.732149311331462
-0.6156156156156156	15.190505783413357	15.195425094976379
-0.6056056056056056	16.65635833795037	16.60745056825104
-0.5955955955955956	17.9565931178437	17.843965691853132
-0.5855855855855856	18.942434949677743	18.76383774903385
-0.5755755755755756	19.477341944964085	19.24142745389407
-0.5655655655655656	19.47924508303425	19.20526902676798
-0.5555555555555556	18.95035982039455	18.6635413841445
-0.5455455455455456	17.976044473025745	17.700735735523946
-0.5355355355355356	16.693553830658878	16.447753725455804
-0.5255255255255256	15.250040283680208	15.04334877449051
-0.5155155155155156	13.77036365944778	13.605006702829053
-0.5055055055055055	12.342973104518112	12.216250185163867
-0.4954954954954955	11.020459756864918	10.927178072572488
-0.4854854854854855	9.827368891323875	9.76160181640442
-0.4754754754754755	8.769421626603108	8.72552517083548
-0.46546546546546547	7.841242692689785	7.814317416879984
-0.45545545545545546	7.031826505883387	7.017843416774618
-0.44544544544544545	6.32799214647942	6.323747303161015
-0.43543543543543545	5.7163708904678785	5.719370196363859
-0.42542542542542544	5.184435868285203	5.192764253861766
-0.41541541541541543	4.7209534259542565	4.733153462305083
-0.40540540540540543	4.3161082947096645	4.3310773684456825
-0.3953953953953954	3.961458402651326	3.9783657998143176
-0.38538538538538536	3.6498105920990387	3.66803252848549
-0.37537537537537535	3.3750680880583235	3.394137668165385
-0.36536536536536535	3.1320764279379363	3.1516454917319567
-0.35535535535535534	2.916480689429968	2.9362908879280236
-0.34534534534534533	2.724599174116557	2.7444601021500836
-0.3353353353353353	2.5533146463702514	2.573087324667427
-0.3253253253253253	2.3999822285078944	2.4195666213539324
-0.3153153153153153	2.2623521917886107	2.281677762881664
-0.3053053053053053	2.1385056262312134	2.1575241812380095
-0.2952952952952953	2.0268010192264048	2.045481271046067
-0.2852852852852853	1.925829957194113	1.9441533913118394
-0.2752752752752753	1.8343803970457566	1.8523381202629021
-0.2652652652652653	1.7514061895356823	1.768996524438693
-0.2552552552552553	1.6760017534467053	1.6932283999553774
-0.24524524524524524	1.6073809896824924	1.6242516190231466
-0.23523523523523523	1.5448596861929513	1.5613848655218197
-0.22522522522522523	1.487840799937136	1.504033170458911
-0.21521521521521522	1.4358021138410622	1.4516757637504785
-0.20520520520520522	1.3882858583432074	1.403855845834621
-0.19519519519519518	1.344889961919665	1.3601719540215544
-0.18518518518518517	1.3052606558812458	1.3202706568389395
-0.17517517517517517	1.2690862082648382	1.2838403572517467
-0.16516516516516516	1.2360916019211508	1.2506060244794326
-0.15515515515515516	1.2060340046828455	1.2203247058309004
-0.14514514514514515	1.1786989062128468	1.1927816958721917
-0.13513513513513514	1.1538968179449773	1.1677872614301479
-0.12512512512512514	1.1314604503781418	1.145173838308371
-0.11511511511511512	1.1112422966297861	1.1247936298721026
-0.10510510510510511	1.0931125632055183	1.106516549430134
-0.09509509509509509	1.0769573988921066	1.090228458076827
-0.08508508508508508	1.0626773809285315	1.0758296577381345
-0.07507507507507508	1.050186224475348	1.0632336059020049
-0.06506506506506507	1.0394096871468497	1.0523658241570726
-0.055055055055055056	1.0302846452050516	1.0431629774194744
-0.04504504504504504	1.0227583221124885	1.0355721047636834
-0.035035035035035036	1.0167876536440432	1.0295499862276136
-0.025025025025025027	1.012338776784289	1.0250626329494046
-0.015015015015015015	1.0093866322846272	1.0220848906096855
-0.005005005005005005	1.0079146731066138	1.0206001484792573
0.005005005005005005	1.007914673106614	1.0206001484792544
0.015015015015015015	1.0093866322846279	1.0220848906096753
0.025025025025025027	1.0123387767842904	1.0250626329493875
0.035035035035035036	1.0167876536440448	1.0295499862275903
0.04504504504504504	1.0227583221124905	1.0355721047636541
0.055055055055055056	1.0302846452050536	1.043162977419437
0.06506506506506507	1.0394096871468534	1.0523658241570288
0.07507507507507508	1.0501862244753524	1.0632336059019536
0.08508508508508508	1.0626773809285355	1.0758296577380762
0.09509509509509509	1.0769573988921117	1.0902284580767607
0.10510510510510511	1.0931125632055245	1.1065165494300597
0.11511511511511512	1.1112422966297921	1.1247936298720191
0.12512512512512514	1.1314604503781487	1.145173838308279
0.13513513513513514	1.153896817944985	1.1677872614300453
0.14514514514514515	1.1786989062128552	1.1927816958720796
0.15515515515515516	1.2060340046828553	1.2203247058307773
0.16516516516516516	1.2360916019211605	1.2506060244792976
0.17517517517517517	1.2690862082648504	1.2838403572515993
0.18518518518518517	1.3052606558812578	1.3202706568387785
0.19519519519519518	1.3448899619196786	1.3601719540213781
0.20520520520520522	1.388285858343222	1.4038558458344288
0.21521521521521522	1.4358021138410781	1.4516757637502693
0.22522522522522523	1.4878407999371541	1.5040331704586831
0.23523523523523523	1.5448596861929693	1.5613848655215707
0.24524524524524524	1.6073809896825122	1.624251619022875
0.2552552552552553	1.6760017534467293	1.6932283999550815
0.2652652652652653	1.7514061895357078	1.7689965244383705
0.2752752752752753	1.8343803970457848	1.8523381202625475
0.2852852852852853	1.925829957194144	1.9441533913114506
0.2952952952952953	2.026801019226439	2.0454812710456416
0.3053053053053053	2.1385056262312503	2.157524181237542
0.3153153153153153	2.262352191788649	2.2816777628811473
0.3253253253253253	2.3999822285079393	2.419566621353367
0.3353353353353353	2.5533146463702994	2.5730873246667967
0.34534534534534533	2.724599174116609	2.7444601021493886
0.35535535535535534	2.916480689430029	2.93629088792725
0.36536536536536535	3.1320764279380024	3.1516454917311005
0.37537537537537535	3.3750680880583976	3.3941376681644337
0.38538538538538536	3.649810592099122	3.6680325284844253
0.3953953953953954	3.9614584026514215	3.97836579981313
0.40540540540540543	4.3161082947097675	4.331077368444349
0.41541541541541543	4.720953425954379	4.7331534623035845
0.42542542542542544	5.184435868285339	5.192764253860087
0.43543543543543545	5.716370890468027	5.719370196361975
0.44544544544544545	6.327992146479589	6.323747303158896
0.45545545545545546	7.031826505883576	7.017843416772252
0.46546546546546547	7.8412426926899945	7.81431741687735
0.4754754754754755	8.769421626603346	8.725525170832588
0.4854854854854855	9.827368891324129	9.76160181640125
0.4954954954954955	11.020459756865188	10.927178072569133
0.5055055055055055	12.3429731045184	12.21625018516043
0.5155155155155156	13.770363659448064	13.605006702825714
0.5255255255255256	15.25004028368048	15.04334877448753
0.5355355355355356	16.693553830659084	16.447753725453587
0.5455455455455456	17.976044473025865	17.700735735522855
0.5555555555555556	18.950359820394546	18.663541384144924
0.5655655655655656	19.479245083034105	19.20526902677006
0.5755755755755756	19.4773419449638	19.241427453897778
0.5855855855855856	18.942434949677345	18.763837749038807
0.5955955955955956	17.95659311784327	17.843965691858823
0.6056056056056056	16.6563583379499	16.607450568257022
0.6156156156156156	15.19050578341291	15.19542509498216
0.6256256256256256	13.68657509921525	13.73214931133677
0.6356356356356356	12.235525119697014	12.3087634425143
0.6456456456456456	10.891663393065553	10.98164118868451
0.6556556556556556	9.680385683668353	9.778823376662423
0.6656656656656657	8.60760073044711	8.708688377268807
0.6756756756756757	7.667715951851956	7.7676351790538725
0.6856856856856857	6.849312486675312	6.9457177504563345
0.6956956956956957	6.13873688923096	6.23031019679781
0.7057057057057057	5.522164864162127	5.6082740942697376
0.7157157157157157	4.986666292901554	5.067119580053686
0.7257257257257257	4.520667900530416	4.595544419089187
0.7357357357357357	4.11407714884246	4.18361404737561
0.7457457457457457	3.7582301348009084	3.822748856115641
0.7557557557557557	3.4457585857805473	3.505617993810022
0.7657657657657657	3.170428713393385	3.2259960845395774
0.7757757757757757	2.926979469932749	2.9786131953338892
0.7857857857857858	2.710973306829169	2.7590131588653084
0.7957957957957958	2.518664577629664	2.563426786139124
0.8058058058058059	2.346886552202875	2.388661880220453
0.8158158158158159	2.19295597438339	2.232009614686957
0.8258258258258259	2.0545932369217246	2.0911657689362735
0.8358358358358359	1.9298560101485225	1.964164931914219
0.8458458458458459	1.817084231607154	1.8493257615349992
0.8558558558558559	1.7148545713774244	1.7452055316638762
0.8658658658658659	1.6219427407025289	1.6505624100445655
0.8758758758758759	1.5372922638315347	1.5643241357024638
0.8858858858858859	1.4599885635527117	1.4855619771516726
0.8958958958958959	1.3892374118675368	1.4134690421185616
0.9059059059059059	1.3243469675874275	1.3473421722992902
0.9159159159159159	1.2647127644871896	1.2865667936604352
0.9259259259259259	1.209805130472242	1.230604206504929
0.9359359359359359	1.1591586137481393	1.17898089309263
0.9459459459459459	1.112363069767343	1.1312794971750526
0.955955955955956	1.069056125913869	1.087131192259185
0.965965965965966	1.0289167921613986	1.0462092062732649
0.975975975975976	0.9916600275485108	1.0082233116987738
0.985985985985986	0.9570321061036025	0.9729151239301739
0.995995995995996	0.9248066533250231	0.9400540780825424
1.006006006006006	0.8947812466973936	0.9094339768733584
1.016016016016016	0.8667744919842678	0.8808700205195461
1.026026026026026	0.8406235019701775	0.8541962445913281
1.0360360360360361	0.816181716566057	0.829263304076962
1.0460460460460461	0.7933170132512067	0.805936552042203
1.0560560560560561	0.7719100651118534	0.7840943696221011
1.0660660660660661	0.751852910581214	0.7636267109893613
1.0760760760760761	0.7330477046539858	0.7444338326675071
1.0860860860860861	0.7154056260545313	0.7264251813135281
1.0960960960960962	0.6988459187555066	0.7095184180566971
1.1061061061061062	0.6832950495134508	0.6936385607892205
1.1161161161161162	0.6686859658237657	0.6787172285747188
1.1261261261261262	0.6549574409926376	0.6646919746657157
1.1361361361361362	0.6420534949536065	0.6515056965778119
1.1461461461461462	0.6299228810837693	0.6391061133182055
1.1561561561561562	0.6185186306497862	0.6274453012615233
1.1661661661661662	0.607797647678853	0.6164792813478956
1.1761761761761762	0.5977203480389408	0.6061676512826959
1.1861861861861862	0.5882503373544682	0.5964732572720046
1.1961961961961962	0.579354123101544	0.5873619005574018
1.2062062062062062	0.5710008568407983	0.5788020746372252
1.2162162162162162	0.5631621030714974	0.5707647295959312
1.2262262262262262	0.5558116316420639	0.5632230604218871
1.2362362362362362	0.5489252310403828	0.5561523165888119
1.2462462462462462	0.5424805402218035	0.549529630516314
1.2562562562562563	0.5364568969217995	0.5433338628189172
1.2662662662662663	0.5308352006501951	0.5375454625072936
1.2762762762762763	0.5255977887805365	0.5321463405259408
1.2862862862862863	0.5207283243363475	0.527119755202915
1.2962962962962963	0.5162116942395689	0.5224502083538525
1.3063063063063063	0.5120339169290776	0.5181233509275819
1.3163163163163163	0.5081820583814813	0.51412589720722
1.3263263263263263	0.5046441556750507	0.5104455466913391
1.3363363363363363	0.5014091473327064	0.5070709128765676
1.3463463463463463	0.4984668097633044	0.5039914582478905
1.3563563563563563	0.4958076991934069	0.501197434857276
1.3663663663663663	0.49342309854596766	0.4986798299367105
1.3763763763763763	0.49130496877864654	0.49643031604906684
1.3863863863863863	0.48944590424402284	0.4944412053309106
1.3963963963963963	0.4878390916776018	0.49270540742572044
1.4064064064064064	0.4864782724578578	0.49121639074526485
1.4164164164164164	0.48535770781633186	0.48996814673133565
1.4264264264264264	0.48447214670546807	0.4889551568204338
1.4364364364364364	0.4838167960580316	0.4881723618407508
1.4464464464464464	0.4833872931947974	0.4876151335942622
1.4564564564564564	0.48317968015733864	0.48727924839744974
1.4664664664664664	0.4831903797602477	0.4871608623722126
1.4764764764764764	0.4834161731724033	0.48725648829431584
1.4864864864864864	0.4838541788501474	0.487562973820553
1.4964964964964964	0.48450183265661495	0.4880774809276374
1.5065065065065064	0.485356869011207	0.48879746640614297
1.5165165165165164	0.48641730292140295	0.4897206632615952
1.5265265265265264	0.4876814127559826	0.4908450628821738
1.5365365365365364	0.4891477236242474	0.49216889783868645
1.5465465465465464	0.4908149912303518	0.4936906251875601
1.5565565565565564	0.4926821860751104	0.49540891015155114
1.5665665665665667	0.4947484778801088	0.4973226100560485
1.5765765765765767	0.4970132201103975	0.49943075840106443
1.5865865865865867	0.49947593447270855	0.5017325489505071
1.5965965965965967	0.5021362952660424	0.5042273197211339
1.6066066066066067	0.5049941134606702	0.5069145367537783
1.6166166166166167	0.5080493203802698	0.5097937775491717
1.6266266266266267	0.511301950859896	0.5128647140497994
1.6366366366366367	0.5147521257502391	0.5161270950482333
1.6466466466466467	0.5184000336358178	0.5195807279009432
1.6566566566566567	0.5222459116318583	0.5232254594250596
1.6666666666666667	0.5262900251215173	0.5270611558540815
1.6766766766766767	0.5305326462920821	0.5310876817270521
1.6866866866866868	0.5349740313258852	0.5353048775846039
1.6966966966966968	0.5396143960992416	0.5397125363446162
1.7067067067067068	0.5444538902408143	0.5443103782301766
1.7167167167167168	0.5494925693997966	0.5490980241234613
1.7267267267267268	0.554730365574441	0.5540749672212096
1.7367367367367368	0.5601670553530803	0.5592405428709467
1.7467467467467468	0.5658022259232715	0.5645938964725258
1.7567567567567568	0.5716352387105004	0.5701339493370055
1.7667667667667668	0.5776651905164756	0.5758593624050712
1.7767767767767768	0.5838908720389583	0.581768497740333
1.7867867867867868	0.5903107236709693	0.5878593777296502
1.7967967967967968	0.5969227884976465	0.5941296419434665
1.8068068068068068	0.6037246624348379	0.6005765016346448
1.8168168168168168	0.6107134414853381	0.6071966918851323
1.8268268268268268	0.6178856661273399	0.6139864214464782
1.8368368368368369	0.6252372628960892	0.6209413203633558
1.8468468468468469	0.6327634832745325	0.628056385519598
1.8568568568568569	0.640458840072869	0.63532592430411
1.8668668668668669	0.6483170415510537	0.6427434966601111
1.8768768768768769	0.6563309236229898	0.650301855855677
1.8868868868868869	0.6644923805770013	0.6579928883967734
1.896896896896897	0.6727922948542819	0.6658075535959385
1.906906906906907	0.68122046654541	0.6737358234101134
1.916916916916917	0.6897655433943002	0.6817666232693814
1.926926926926927	0.6984149522380464	0.6898877747334423
1.936936936936937	0.7071548329588034	0.6980859409331136
1.946946946946947	0.7159699761776772	0.706346575878021
1.956956956956957	0.7248437660779149	0.7146538788361672
1.966966966966967	0.7337581299014487	0.7229907551131174
1.976976976976977	0.7426934958144916	0.7313387846738411
1.986986986986987	0.7516287609784554	0.7396782001542394
1.996996996996997	0.7605412717853393	0.7479878758963056
2.007007007007007	0.7694068183140087	0.7562453297047314
2.017017017017017	0.7781996451268468	0.764426739056458
2.027027027027027	0.7868924805456939	0.7725069734913184
2.037037037037037	0.7954565865120208	0.7804596448636062
2.047047047047047	0.8038618310389808	0.7882571770343709
2.057057057057057	0.8120767850929375	0.7958708964249479
2.067067067067067	0.820068845490801	0.8032711446284907
2.0770770770770772	0.8278043850602744	0.8104274139829473
2.0870870870870872	0.8352489308786867	0.8173085066440323
2.0970970970970972	0.8423673708812413	0.8238827172600786
2.1071071071071072	0.849124188514541	0.830118038845692
2.1171171171171173	0.8554837244133843	0.8359823908842757
2.1271271271271273	0.8614104633115596	0.8414438680721259
2.1371371371371373	0.866869343578866	0.8464710074630383
2.1471471471471473	0.8718260859312358	0.8510330711019539
2.1571571571571573	0.8762475370179927	0.8551003405712141
2.1671671671671673	0.8801020227838899	0.858644419239846
2.1771771771771773	0.8833597057704927	0.861638537432728
2.1871871871871873	0.8859929399005217	0.8640578552517758
2.1971971971971973	0.8879766158175189	0.8658797574136288
2.2072072072072073	0.8892884895669676	0.8670841342442618
2.2172172172172173	0.8899094873329444	0.8676536429121897
2.2272272272272273	0.8898239791083745	0.8675739431053884
2.2372372372372373	0.8890200145885045	0.8668339016711375
2.2472472472472473	0.8874895152362207	0.8654257612439276
2.2572572572572573	0.8852284173617256	0.8633452685748677
2.2672672672672673	0.8822367621622521	0.8605917591294197
2.2772772772772774	0.8785187299426355	0.8571681955108361
2.2872872872872874	0.8740826171369455	0.8530811583605381
2.2972972972972974	0.8689407562193672	0.8483407895419628
2.3073073073073074	0.8631093800693755	0.84296068858744
2.3173173173173174	0.8566084337805254	0.8369577645313663
2.3273273273273274	0.8494613382157368	0.8303520463232923
2.3373373373373374	0.8416947107624211	0.8231664559700508
2.3473473473473474	0.8333380496851243	0.8154265493622788
2.3573573573573574	0.8244233891798828	0.8071602303704067
2.3673673673673674	0.8149849326847441	0.7983974442311065
2.3773773773773774	0.8050586721891551	0.7891698564790487
2.3873873873873874	0.7946820012192505	0.7795105237126777
2.3973973973973974	0.7838933288751241	0.7694535623272887
2.4074074074074074	0.7727317017892137	0.7590338210224813
2.4174174174174174	0.7612364401973876	0.748286562418861
2.4274274274274275	0.7494467935071975	0.7372471585297454
2.4374374374374375	0.737401619852817	0.7259508041587216
2.4474474474474475	0.7251390931854009	0.7144322515654288
2.4574574574574575	0.7126964404997803	0.7027255689902865
2.4674674674674675	0.7001097108778624	0.6908639248824573
2.4774774774774775	0.6874135771649108	0.6788793989583414
2.4874874874874875	0.6746411703094534	0.6668028205509189
2.4974974974974975	0.6618239457071332	0.6546636341082973
2.5075075075075075	0.6489915803034148	0.6424897911742458
2.5175175175175175	0.6361718987335964	0.6303076677399461
2.5275275275275275	0.6233908264109019	0.6181420054975841
2.5375375375375375	0.6106723672090302	0.606015875250884
2.5475475475475475	0.5980386032173987	0.5939506605415523
2.5575575575575575	0.5855097139643914	0.5819660594273551
2.5675675675675675	0.5731040124957367	0.5700801022895686
2.5775775775775776	0.5608379957488026	0.5583091835458798
2.5875875875875876	0.5487264067676251	0.5466681051906582
2.5975975975975976	0.5367823064462282	0.5351701301685785
2.6076076076076076	0.525017152658356	0.5238270437012867
2.6176176176176176	0.5134408848210565	0.5126492208221448
2.6276276276276276	0.5020620121388308	0.5016456985238666
2.6376376376376376	0.4908877039777371	0.4908242510817503
2.6476476476476476	0.4799238810188716	0.48019146727593104
2.6576576576576576	0.46917530603385255	0.4697528283952484
2.6676676676676676	0.4586456733076474	0.4595127860594666
2.6776776776776776	0.4483376959041293	0.4494748390429465
2.6876876876876876	0.4382531901254925	0.43964160841978145
2.6976976976976976	0.42839315665723593	0.4300149104762974
2.7077077077077076	0.41875785801570997	0.42059582695115005
2.7177177177177176	0.40934689202528246	0.4113847722658016
2.7277277277277276	0.4001592611477068	0.40238155749870014
2.7377377377377377	0.39119343756798813	0.3935854509358357
2.7477477477477477	0.38244742400999754	0.3849952350985732
2.7577577577577577	0.3739188103123423	0.3766092602079663
2.7677677677677677	0.3656048258416843	0.36842549409346076
2.7777777777777777	0.3575023878580298	0.36044156859430004
2.7877877877877877	0.3496081459755015	0.35265482253454616
2.7977977977977977	0.341918522883954	0.34506234137854674
2.8078078078078077	0.33442975151236115	0.3376609936935807
2.8178178178178177	0.32713790882526295	0.33044746456117435
2.8278278278278277	0.3200389464494175	0.32341828608886664
2.8378378378378377	0.31312871833003286	0.31656986518074853
2.8478478478478477	0.3064030056151043	0.3098985087284144
2.8578578578578577	0.29985753896321415	0.30340044638471914
2.8678678678678677	0.29348801846494366	0.2970718510812923
2.8778778778778777	0.2872901313615067	0.290908857447618
2.8878878878878878	0.2812595677365059	0.28490757828499486
2.8978978978978978	0.27539203434824916	0.27906411924314284
2.9079079079079078	0.269683266761178	0.2733745918409489
2.9179179179179178	0.26412903992564196	0.2678351249659926
2.9279279279279278	0.2587251773460483	0.26244187498031957
2.937937937937938	0.25346755896804524	0.2571910345526187
2.947947947947948	0.24835212790637767	0.25207884032948574
2.957957957957958	0.24337489612614663	0.24710157955118747
2.967967967967968	0.2385319491817038	0.24225559571006755
2.977977977977978	0.2338194501092457	0.23753729334277085
2.987987987987988	0.22923364256142278	0.23294314204069988
2.997997997997998	0.2247708532649411	0.22846967975663254
3.008008008008008	0.22042749387520666	0.22411351547931807
3.018018018018018	0.21620006229567673	0.2198713313420033
3.028028028028028	0.21208514352345964	0.21573988422540286
3.038038038038038	0.20807941007715586	0.21171600691041711
3.048048048048048	0.20417962205772483	0.20779660883114925
3.058058058058058	0.20038262688833625	0.20397867647425452
3.068068068068068	0.19668535877475338	0.20025927346648675
3.078078078078078	0.19308483792371472	0.19663554038845926
3.088088088088088	0.18957816955304477	0.19310469434906857
3.098098098098098	0.18616254272378727	0.18966402835172527
3.108108108108108	0.18283522902153904	0.18631091048053264
3.118118118118118	0.17959358111129967	0.18304278293174325
3.1281281281281283	0.17643503118756057	0.17985716091332354
3.1381381381381384	0.17335708933897073	0.1767516314330741
3.1481481481481484	0.17035734184479248	0.1737238519936644
3.1581581581581584	0.1674334494184116	0.1707715492109845
3.1681681681681684	0.164583145411395	0.1678925173704555
3.1781781781781784	0.16180423398999502	0.16508461693432422
3.1881881881881884	0.1590945882945936	0.16234577301152928
3.1981981981981984	0.15645214859123804	0.1596739738003849
3.2082082082082084	0.15387492042329898	0.15706726901314413
3.2182182182182184	0.1513609727702137	0.15452376829042255
3.2282282282282284	0.14890843621933603	0.15204163961246547
3.2382382382382384	0.14651550115608125	0.149619107713418
3.2482482482482484	0.14418041597680784	0.14725445250387345
3.2582582582582584	0.14190148532818542	0.14494600750636716
3.2682682682682684	0.13967706837622196	0.14269215830775372
3.2782782782782784	0.13750557710757091	0.14049134103189492
3.2882882882882885	0.13538547466528508	0.13834204083553212
3.2982982982982985	0.1333152737207373	0.13624279042979084
3.3083083083083085	0.13129353488308582	0.1341921686293139
3.3183183183183185	0.12931886514731464	0.1321887989307141
3.3283283283283285	0.127389916381594	0.13023134812164786
3.3383383383383385	0.12550538385445706	0.12831852492158205
3.3483483483483485	0.12366400480206503	0.12644907865502947
3.3583583583583585	0.12186455703563995	0.1246217979578298
3.3683683683683685	0.12010585758897133	0.12283550951684782
3.3783783783783785	0.11838676140576564	0.12108907684328472
3.3883883883883885	0.11670616006648026	0.1193813990796436
3.3983983983983985	0.11506298055417176	0.11771140984027653
3.4084084084084085	0.11345618405880069	0.11607807608530475
3.4184184184184185	0.11188476481937097	0.11448039702761056
3.4284284284284285	0.11034774900318053	0.1129174030725301
3.4384384384384385	0.1088441936214725	0.11138815478977869
3.4484484484484486	0.10737318548066035	0.1098917419171004
3.4584584584584586	0.1059338401683216	0.10842728239507123
3.4684684684684686	0.10452530107310468	0.10699392143244729
3.4784784784784786	0.10314673843768375	0.10559083060141901
3.4884884884884886	0.10179734844387305	0.10421720696208729
3.4984984984984986	0.10047635232902125	0.10287227221548716
3.5085085085085086	0.09918299553278384	0.10155527188443228
3.5185185185185186	0.09791654687339738	0.10026547452148468
3.5285285285285286	0.09667629775254825	0.09900217094329164
3.5385385385385386	0.0954615613879876	0.09776467349060003
3.5485485485485486	0.09427167207298978	0.09655231531318385
3.5585585585585586	0.0931059844618318	0.09536444967898369
3.5685685685685686	0.09196387288042478	0.09420044930672591
3.5785785785785786	0.09084473066128382	0.09305970572131499
3.5885885885885886	0.0897479695020349	0.09194162863128799
3.5985985985985987	0.08867301884664065	0.09084564532764612
3.6086086086086087	0.08761932528860093	0.08977120010337661
3.6186186186186187	0.08658635199535449	0.08871775369300487
3.6286286286286287	0.08557357815315346	0.08768478273150117
3.6386386386386387	0.08458049843169703	0.0866717792319387
3.6486486486486487	0.08360662246782558	0.0856782500812378
3.6586586586586587	0.08265147436760632	0.08470371655341707
3.6686686686686687	0.08171459222614715	0.0837477138397407
3.6786786786786787	0.08079552766451356	0.08280979059519365
3.6886886886886887	0.0798938453831276	0.08188950850071781
3.6986986986986987	0.07900912273105697	0.08098644184066238
3.7087087087087087	0.07814094929061544	0.08010017709492735
3.7187187187187187	0.07728892647672121	0.07923031254527207
3.7287287287287287	0.07645266715047226	0.07837645789530773
3.7387387387387387	0.07563179524642279	0.07753823390367684
3.7487487487487487	0.07482594541305093	0.07671527202996162
3.7587587587587588	0.07403476266594562	0.07590721409286415
3.7687687687687688	0.07325790205323261	0.07511371194022647
3.7787787787787788	0.07249502833279792	0.07433442713046376
3.7887887887887888	0.07174581566086416	0.0735690306250038
3.798798798798799	0.07100994729151969	0.07281720249133539
3.808808808808809	0.07028711528676686	0.0720786316162957
3.818818818818819	0.06957702023673164	0.07135301542921169
3.828828828828829	0.06887937098963938	0.07064005963455287
3.838838838838839	0.06819388439119868	0.06993947795375559
3.848848848848849	0.06752028503305593	0.06925099187587391
3.858858858858859	0.06685830500997168	0.0685743304167535
3.868868868868869	0.06620768368540715	0.06790922988641301
3.878878878878879	0.06556816746520942	0.06725543366434478
3.888888888888889	0.06493950957908427	0.066612691982431
3.898898898898899	0.06432146986959111	0.06598076171523164
3.908908908908909	0.0637138145883671	0.0653594061773456
3.918918918918919	0.06311631619931812	0.06474839492761442
3.928928928928929	0.06252875318852284	0.06414750357990934
3.938938938938939	0.06195090988059922	0.06355651362026486
3.948948948948949	0.0613825762613131	0.06297521223014925
3.958958958958959	0.060823547806170435	0.0624033921156177
3.968968968968969	0.06027362531480304	0.06184085134217261
3.978978978978979	0.05973261475092167	0.06128739317510225
3.988988988988989	0.05920032708763834	0.060742825925110995
3.998998998998999	0.05867657815796481	0.06020696279905476
4.009009009009009	0.05816118851029018	0.0596796217555965
4.019019019019019	0.05765398326867271	0.05916062536559713
4.029029029029029	0.05715479199775421	0.058649800677099136
4.039039039039039	0.05666344857214571	0.0581469790847053
4.049049049049049	0.05617979105011758	0.05765199620322839
4.059059059059059	0.05570366155143471	0.057164691745444515
4.069069069069069	0.055234906139194836	0.0566849094037993
4.079079079079079	0.05477337470552605	0.05621249673594987
4.089089089089089	0.054318920861005614	0.055747305053985716
4.099099099099099	0.053871401827662126	0.055289189317208436
4.109109109109109	0.053430678335443925	0.05483800802835111
4.119119119119119	0.05299661452202242	0.05439362313310406
4.129129129129129	0.052569077835817414	0.05395589992284419
4.1391391391391394	0.05214793894212868	0.053524706940449286
4.1491491491491495	0.05173307163226278	0.05309991588909196
4.1591591591591595	0.051324352735560026	0.05268140154391432
4.1691691691691695	0.05092166203420408	0.05226904166647358
4.1791791791791795	0.05052488218073186	0.05186271692187353
4.1891891891891895	0.05013389861813906	0.05146231079848919
4.1991991991991995	0.04974859950250217	0.051067709530182116
4.2092092092092095	0.049368875628019	0.05067880202094117
4.2192192192192195	0.04899462035438943	0.05029547977185207
4.2292292292292295	0.04862572953645952	0.04991763681031851
4.2392392392392395	0.04826210145604398	0.04954516962146788
4.2492492492492495	0.04790363675585512	0.049177977081645584
4.2592592592592595	0.04755023837546976	0.048815960393960266
4.2692692692692695	0.04720181148926263	0.0484590230257824
4.2792792792792795	0.046858263446235816	0.04810707064813686
4.2892892892892895	0.04651950371168786	0.04776001107694349
4.2992992992992995	0.04618544381065189	0.04741775421601628
4.3093093093093096	0.045855997273050134	0.04708021200178797
4.31931931931932	0.04553107958050427	0.04674729834968553
4.32932932932933	0.04521060811474546	0.04641892910211
4.33933933933934	0.044894502107573744	0.046095021977965486
4.34934934934935	0.044582682592311074	0.04577549652368652
4.35935935935936	0.04427507235670335	0.04546027406571591
4.36936936936937	0.043971595897219204	0.04514927766437945
4.37937937937938	0.04367217937470358	0.04484243206912566
4.38938938938939	0.04337675057133466	0.0445396636750664
4.3993993993994	0.0430852388488544	0.04424090048079667
4.40940940940941	0.0427975751080131	0.04394607204743205
4.41941941941942	0.04251369174920887	0.04365510945884955
4.42942942942943	0.0422335226342611	0.043367945283059296
4.43943943943944	0.04195700304930413	0.04308451353470578
4.44944944944945	0.04168406966874485	0.0428047496386412
4.45945945945946	0.041414660520265316	0.04252859039453891
4.46946946946947	0.0411487149508253	0.042255973942519245
4.47947947947948	0.04088617359364139	0.041986839729757246
4.48948948948949	0.040626978336105665	0.04172112847802947
4.4994994994995	0.04037107228862066	0.04145878215218793
4.50950950950951	0.04011839975430851	0.04119974392951085
4.51951951951952	0.03986890619958892	0.04094395816992491
4.52952952952953	0.03962253822557207	0.04069137038705563
4.53953953953954	0.03937924354026279	0.04044192722008337
4.54954954954955	0.039138970931536905	0.0401955764063881
4.55955955955956	0.03890167024087576	0.03995226675494677
4.56956956956957	0.03866729233782299	0.03971194812046877
4.57957957957958	0.03843578909515855	0.0394745713782438
4.58958958958959	0.03820711336474475	0.03924008839967696
4.5995995995996	0.037981218954051627	0.0390084520284974
4.60960960960961	0.03775806060331081	0.038779616057611994
4.61961961961962	0.037537593963302945	0.03855353520659153
4.62962962962963	0.03731977557375113	0.03833016509976367
4.63963963963964	0.037104562842290606	0.03810946224490078
4.64964964964965	0.036891914024019035	0.03789138401247734
4.65965965965966	0.036681788201590355	0.037675888615491065
4.66966966966967	0.036474145265847246	0.03746293508981134
4.67967967967968	0.03626894589697078	0.03725248327506639
4.68968968968969	0.03606615154613455	0.03704449379602824
4.6996996996997	0.03586572441764354	0.036838928044491806
4.70970970970971	0.03566762745155317	0.036635748161639184
4.71971971971972	0.035471824306741805	0.03643491702085717
4.72972972972973	0.035278279344431916	0.03623639821101525
4.73973973973974	0.03508695761214418	0.03604015602017651
4.74974974974975	0.03489782482807119	0.035846155419732864
4.75975975975976	0.034710847365857535	0.035654362048953926
4.76976976976977	0.034525992239779674	0.03546474219993489
4.77977977977978	0.03434322709030572	0.03527726280293491
4.78978978978979	0.03416252017003038	0.0350918914120881
4.7997997997998	0.03398384032997256	0.03490859619149018
4.80980980980981	0.03380715700622553	0.034727345901628286
4.81981981981982	0.03363244020694435	0.034548109886169895
4.82982982982983	0.033459660499671966	0.03437085805907589
4.83983983983984	0.033288788998982986	0.03419556089204986
4.84984984984985	0.03311979735444036	0.034022189402295434
4.85985985985986	0.03295265773886016	0.0338507151405904
4.86986986986987	0.032787342836868724	0.033681110179652446
4.87987987987988	0.03262382583374875	0.033513347102799705
4.88988988988989	0.03246208040456228	0.033347398992896245
4.8998998998999	0.03230208070355082	0.03318323942156599
4.90990990990991	0.03214380135378935	0.03302084243867997
4.91991991991992	0.03198721743710743	0.032860182562101325
4.92992992992993	0.03183230448425248	0.03270123476767988
4.93993993993994	0.03167903846529721	0.03254397447949685
4.94994994994995	0.03152739578028464	0.03238837756034621
4.95995995995996	0.03137735325009877	0.032234420302447754
4.96996996996997	0.031228888107561015	0.03208207941838814
4.97997997997998	0.03108197798874108	0.03193133203227804
4.98998998998999	0.030936600924481042	0.031782155671127355
5.0	0.030792735332121773	0.031634528256423544
