-5.0	0.05088464498729143	0.06688655618202166
-4.98998998998999	0.05094179895916303	0.06695559109441959
-4.97997997997998	0.05099934771746065	0.06702509468119679
-4.96996996996997	0.05105729498800261	0.06709507127624556
-4.95995995995996	0.051115644541406054	0.06716552526439115
-4.94994994994995	0.051174400193747006	0.06723646108211204
-4.93993993993994	0.05123356580721852	0.0673078832182896
-4.92992992992993	0.051293145290813386	0.06737979621495195
-4.91991991991992	0.051353142601017684	0.06745220466803772
-4.90990990990991	0.05141356174250578	0.067525113228186
-4.8998998998999	0.05147440676886337	0.06759852660150674
-4.88988988988989	0.05153568178330832	0.06767244955040082
-4.87987987987988	0.05159739093943238	0.06774688689437204
-4.86986986986987	0.05165953844195222	0.06782184351085972
-4.85985985985986	0.05172212854748729	0.0678973243360879
-4.84984984984985	0.051785165565315316	0.0679733343659098
-4.83983983983984	0.05184865385819139	0.06804987865671397
-4.82982982982983	0.0519125978431414	0.06812696232628547
-4.81981981981982	0.051977001992281904	0.06820459055472115
-4.80980980980981	0.05204187083367043	0.06828276858536361
-4.7997997997998	0.052107208952144594	0.06836150172571884
-4.78978978978979	0.05217302099018801	0.06844079534842798
-4.77977977977978	0.05223931164882465	0.06852065489221959
-4.76976976976977	0.05230608568851051	0.06860108586292143
-4.75975975975976	0.05237334793003875	0.06868209383444186
-4.74974974974975	0.05244110325548901	0.0687636844498027
-4.73973973973974	0.052509356609165246	0.06884586342218882
-4.72972972972973	0.05257811299855637	0.06892863653599093
-4.71971971971972	0.052647377495339376	0.06901200964789977
-4.70970970970971	0.05271715523635048	0.06909598868798496
-4.6996996996997	0.05278745142463101	0.06918057966083523
-4.68968968968969	0.05285827133045245	0.06926578864667139
-4.67967967967968	0.05292962029237962	0.06935162180252648
-4.66966966966967	0.05300150371834149	0.06943808536340101
-4.65965965965966	0.05307392708673934	0.06952518564348557
-4.64964964964965	0.053146895947546256	0.06961292903736303
-4.63963963963964	0.05322041592347293	0.06970132202126367
-4.62962962962963	0.053294492711093884	0.06979037115432496
-4.61961961961962	0.053369132082058776	0.0698800830798864
-4.60960960960961	0.053444339884283834	0.06997046452679377
-4.5995995995996	0.0535201220431699	0.07006152231074086
-4.58958958958959	0.0535964845628719	0.07015326333563654
-4.57957957957958	0.05367343352755866	0.07024569459497798
-4.56956956956957	0.05375097510271576	0.07033882317328097
-4.55955955955956	0.05382911553645921	0.07043265624748839
-4.54954954954955	0.05390786116090641	0.07052720108847126
-4.53953953953954	0.053987218393522565	0.07062246506249419
-4.52952952952953	0.05406719373853739	0.07071845563274964
-4.51951951951952	0.05414779378837257	0.07081518036089254
-4.50950950950951	0.054229025225094374	0.07091264690864059
-4.4994994994995	0.05431089482188861	0.07101086303935493
-4.48948948948949	0.0543934094445939	0.07110983661970068
-4.47947947947948	0.054476576053222356	0.0712095756212982
-4.46946946946947	0.05456040170354294	0.07131008812243345
-4.45945945945946	0.05464489354868311	0.07141138230979241
-4.44944944944945	0.05473005884076482	0.07151346648021399
-4.43943943943944	0.05481590493257011	0.07161634904251239
-4.42942942942943	0.05490243927923885	0.07172003851928299
-4.41941941941942	0.05498966944001138	0.07182454354879232
-4.40940940940941	0.055077603079985125	0.07192987288688472
-4.3993993993994	0.05516624797193251	0.07203603540891111
-4.38938938938939	0.05525561199812885	0.07214304011171539
-4.37937937937938	0.05534570315223636	0.0722508961156603
-4.36936936936937	0.05543652954122171	0.07235961266667451
-4.35935935935936	0.05552809938729865	0.07246919913836108
-4.34934934934935	0.055620421029941525	0.07257966503412816
-4.33933933933934	0.05571350292789955	0.0726910199893812
-4.32932932932933	0.05580735366128894	0.07280327377373588
-4.31931931931932	0.05590198193369187	0.07291643629330129
-4.3093093093093096	0.05599739657434896	0.07303051759298192
-4.2992992992992995	0.05609360654033351	0.07314552785884448
-4.2892892892892895	0.05619062091882367	0.07326147742052252
-4.2792792792792795	0.0562884489293963	0.0733783767536715
-4.2692692692692695	0.056387099926373425	0.07349623648248305
-4.2592592592592595	0.05648658340121862	0.07361506738222431
-4.2492492492492495	0.05658690898498428	0.07373488038185912
-4.2392392392392395	0.056688086450807494	0.0738556865667028
-4.2292292292292295	0.05679012571645739	0.07397749718113268
-4.2192192192192195	0.05689303684694844	0.07410032363136473
-4.2092092092092095	0.05699683005718688	0.0742241774882765
-4.1991991991991995	0.05710151571469803	0.07434907049028933
-4.1891891891891895	0.057207104342392345	0.07447501454630662
-4.1791791791791795	0.057313606621399574	0.07460202173874197
-4.1691691691691695	0.05742103339396408	0.07473010432654503
-4.1591591591591595	0.057529395666404255	0.0748592747483734
-4.1491491491491495	0.05763870461211901	0.07498954562575309
-4.1391391391391394	0.05774897157469575	0.07512092976637129
-4.129129129129129	0.05786020807103713	0.07525344016737337
-4.119119119119119	0.05797242579459504	0.07538709001879002
-4.109109109109109	0.058085636618671346	0.0755218927069983
-4.099099099099099	0.05819985259976392	0.07565786181826205
-4.089089089089089	0.058315085981005266	0.07579501114235881
-4.079079079079079	0.05843134919569494	0.07593335467627421
-4.069069069069069	0.05854865487087251	0.07607290662797901
-4.059059059059059	0.05866701583099176	0.07621368142028181
-4.049049049049049	0.05878644510167978	0.07635569369476887
-4.039039039039039	0.058906955913571146	0.07649895831583522
-4.029029029029029	0.0590285617062307	0.076643490374784
-4.019019019019019	0.05915127613215979	0.07678930519403614
-4.009009009009009	0.05927511306090703	0.07693641833141442
-3.998998998998999	0.05940008658326019	0.07708484558453214
-3.988988988988989	0.0595262110155303	0.07723460299527045
-3.978978978978979	0.059653500903951606	0.07738570685435596
-3.968968968968969	0.059781971029156215	0.0775381737060455
-3.958958958958959	0.05991163641077902	0.07769202035290121
-3.948948948948949	0.0600425123121438	0.0778472638606801
-3.938938938938939	0.0601746142450727	0.07800392156333402
-3.928928928928929	0.06030795797481284	0.07816201106811788
-3.918918918918919	0.06044255952504815	0.07832155026079544
-3.908908908908909	0.060578435183068755	0.07848255731100756
-3.898898898898899	0.06071560150503019	0.0786450506777002
-3.888888888888889	0.06085407532134716	0.07880904911472889
-3.878878878878879	0.06099387374221598	0.07897457167655124
-3.868868868868869	0.06113501416327148	0.07914163772407273
-3.858858858858859	0.0612775142713586	0.07931026693061535
-3.848848848848849	0.06142139205047005	0.07948047928801927
-3.838838838838839	0.06156666578780505	0.07965229511289111
-3.828828828828829	0.06171335407998234	0.07982573505300386
-3.818818818818819	0.061861475839392464	0.08000082009381917
-3.808808808808809	0.06201105030072277	0.08017757156518882
-3.798798798798799	0.062162097027620454	0.08035601114817657
-3.7887887887887888	0.06231463591953299	0.08053616088209209
-3.7787787787787788	0.062468687218701226	0.08071804317163085
-3.7687687687687688	0.06262427151733893	0.08090168079422533
-3.7587587587587588	0.0627814097649759	0.08108709690754033
-3.7487487487487487	0.06294012327598503	0.08127431505715646
-3.7387387387387387	0.06310043373730652	0.08146335918445528
-3.7287287287287287	0.06326236321635186	0.08165425363463777
-3.7187187187187187	0.06342593416910532	0.08184702316500116
-3.7087087087087087	0.06359116944843192	0.08204169295335938
-3.6986986986986987	0.0637580923126015	0.08223828860669051
-3.6886886886886887	0.06392672643400497	0.08243683616999602
-3.6786786786786787	0.0640970959081197	0.08263736213535407
-3.6686686686686687	0.06426922526268135	0.08283989345121033
-3.6586586586586587	0.06444313946709139	0.08304445753189438
-3.6486486486486487	0.0646188639420795	0.08325108226734326
-3.6386386386386387	0.06479642456960051	0.08345979603310047
-3.6286286286286287	0.06497584770298444	0.08367062770052953
-3.6186186186186187	0.06515716017736033	0.08388360664729579
-3.6086086086086087	0.06534038932034339	0.0840987627681058
-3.5985985985985987	0.06552556296300269	0.08431612648570014
-3.5885885885885886	0.06571270945110363	0.08453572876212966
-3.5785785785785786	0.06590185765667372	0.08475760111032932
-3.5685685685685686	0.06609303698983336	0.08498177560593989
-3.5585585585585586	0.06628627741098246	0.08520828489947369
-3.5485485485485486	0.06648160944326835	0.0854371622287592
-3.5385385385385386	0.06667906418541907	0.08566844143169769
-3.5285285285285286	0.06687867332489873	0.08590215695936908
-3.5185185185185186	0.06708046915142891	0.08613834388944544
-3.5085085085085086	0.06728448457086196	0.08637703793995986
-3.4984984984984986	0.06749075311943767	0.08661827548343443
-3.4884884884884886	0.06769930897842384	0.08686209356135512
-3.4784784784784786	0.06791018698915609	0.0871085298990355
-3.4684684684684686	0.06812342266849795	0.08735762292086498
-3.4584584584584586	0.06833905222468974	0.08760941176593359
-3.4484484484484486	0.06855711257369074	0.08786393630411053
-3.4384384384384385	0.06877764135592676	0.08812123715248095
-3.4284284284284285	0.06900067695351272	0.08838135569228173
-3.4184184184184185	0.06922625850797855	0.08864433408621987
-3.4084084084084085	0.06945442593845677	0.08891021529630905
-3.3983983983983985	0.06968521996040027	0.08917904310213574
-3.3883883883883885	0.06991868210483823	0.08945086211964214
-3.3783783783783785	0.07015485473814267	0.08972571782038435
-3.3683683683683685	0.07039378108239712	0.09000365655133909
-3.3583583583583585	0.07063550523630988	0.09028472555522393
-3.3483483483483485	0.07088007219675058	0.0905689729913662
-3.3383383383383385	0.0711275278809118	0.09085644795715946
-3.3283283283283285	0.07137791914906726	0.09114720051007472
-3.3183183183183185	0.07163129382804591	0.09144128169030814
-3.3083083083083085	0.07188770073535218	0.0917387435440166
-3.2982982982982985	0.07214718970400785	0.09203963914722084
-3.2882882882882885	0.07240981160811066	0.09234402263035767
-3.2782782782782784	0.07267561838914956	0.09265194920351226
-3.2682682682682684	0.0729446630831111	0.09296347518235468
-3.2582582582582584	0.07321699984836419	0.0932786580148226
-3.2482482482482484	0.07349268399441934	0.09359755630851226
-3.2382382382382384	0.07377177201148703	0.09392022985886835
-3.2282282282282284	0.07405432160098552	0.09424673967818095
-3.2182182182182184	0.07434039170694007	0.09457714802538285
-3.2082082082082084	0.07463004254832857	0.09491151843670094
-3.1981981981981984	0.07492333565242519	0.09524991575719205
-3.1881881881881884	0.07522033388916347	0.09559240617318236
-3.1781781781781784	0.07552110150654526	0.09593905724563345
-3.1681681681681684	0.07582570416714184	0.09628993794449985
-3.1581581581581584	0.07613420898574418	0.09664511868402668
-3.1481481481481484	0.07644668456814459	0.09700467135915646
-3.1381381381381384	0.07676320105117192	0.09736866938292008
-3.1281281281281283	0.07708383014395465	0.09773718772498864
-3.118118118118118	0.07740864517048318	0.09811030295132575
-3.108108108108108	0.07773772111354005	0.09848809326502893
-3.098098098098098	0.0780711346599963	0.09887063854837365
-3.088088088088088	0.07840896424757411	0.09925802040611723
-3.078078078078078	0.07875129011309019	0.09965032221010278
-3.068068068068068	0.07909819434226797	0.10004762914519096
-3.058058058058058	0.07944976092114069	0.10045002825659104
-3.048048048048048	0.07980607578914539	0.10085760849861215
-3.038038038038038	0.08016722689391972	0.1012704607848997
-3.028028028028028	0.08053330424789541	0.10168867804021227
-3.018018018018018	0.08090439998680507	0.10211235525377262
-3.008008008008008	0.08128060843001446	0.10254158953426995
-2.997997997997998	0.08166202614297567	0.10297648016655064
-2.987987987987988	0.08204875200166219	0.10341712867005898
-2.977977977977978	0.08244088725922191	0.10386363885911691
-2.967967967967968	0.08283853561484954	0.10431611690507689
-2.957957957957958	0.08324180328495243	0.10477467140038647
-2.947947947947948	0.0836507990767995	0.10523941342475807
-2.937937937937938	0.08406563446461605	0.10571045661331444
-2.9279279279279278	0.08448642366829734	0.1061879172269819
-2.9179179179179178	0.08491328373484518	0.1066719142250895
-2.9079079079079078	0.08534633462259673	0.10716256934029239
-2.8978978978978978	0.08578569928838689	0.10766000715590324
-2.8878878878878878	0.0862315037777403	0.108164355185694
-2.8778778778778777	0.08668387731820136	0.1086757439563152
-2.8678678678678677	0.08714295241598682	0.10919430709235253
-2.8578578578578577	0.08760886495601788	0.10972018140418725
-2.8478478478478477	0.08808175430550126	0.11025350697869073
-2.8378378378378377	0.08856176342122667	0.11079442727295005
-2.8278278278278277	0.08904903896068316	0.11134308921104374
-2.8178178178178177	0.0895437313971728	0.11189964328400882
-2.8078078078078077	0.09004599513910452	0.11246424365319971
-2.7977977977977977	0.09055598865358343	0.11303704825700224
-2.7877877877877877	0.091073874594559	0.11361821892119711
-2.7777777777777777	0.09159981993560547	0.11420792147298292
-2.7677677677677677	0.09213399610764679	0.11480632585888358
-2.7577577577577577	0.0926765791417462	0.11541360626663177
-2.7477477477477477	0.09322774981721406	0.11602994125119566
-2.7377377377377377	0.09378769381522907	0.11665551386511477
-2.7277277277277276	0.09435660187824663	0.11729051179331507
-2.7177177177177176	0.09493466997539358	0.11793512749253769
-2.7077077077077076	0.09552209947414055	0.11858955833562299
-2.6976976976976976	0.09611909731850608	0.11925400676074514
-2.6876876876876876	0.09672587621406335	0.11992868042590085
-2.6776776776776776	0.0973426548200613	0.1206137923687508
-2.6676676676676676	0.09796965794898001	0.12130956117211024
-2.6576576576576576	0.09860711677376353	0.1220162111352236
-2.6476476476476476	0.09925526904323019	0.12273397245113599
-2.6376376376376376	0.09991435930579405	0.12346308139034078
-2.6276276276276276	0.10058463914211524	0.12420378049096435
-2.6176176176176176	0.10126636740685263	0.12495631875577685
-2.6076076076076076	0.10195981048006554	0.12572095185624646
-2.5975975975975976	0.10266524252862855	0.1264979423439823
-2.5875875875875876	0.1033829457781868	0.12728755986978002
-2.5775775775775776	0.10411321079595907	0.12809008141066977
-2.5675675675675675	0.1048563367851494	0.1289057915052109
-2.5575575575575575	0.10561263189119448	0.12973498249740367
-2.5475475475475475	0.10638241352064338	0.130577954789532
-2.5375375375375375	0.10716600867306901	0.13143501710438352
-2.5275275275275275	0.10796375428673713	0.1323064867571098
-2.5175175175175175	0.10877599759858028	0.13319268993719666
-2.5075075075075075	0.10960309651921561	0.13409396200095763
-2.4974974974974975	0.11044542002367216	0.1350106477749548
-2.4874874874874875	0.11130334855851831	0.13594310187078748
-2.4774774774774775	0.11217727446630073	0.1368916890117532
-2.4674674674674675	0.11306760242796121	0.13785678437185878
-2.4574574574574575	0.11397474992418467	0.13883877392766933
-2.4474474474474475	0.11489914771655503	0.13983805482356917
-2.4374374374374375	0.11584124034944084	0.14085503575092856
-2.4274274274274275	0.1168014866736764	0.1418901373418481
-2.4174174174174174	0.1177803603930226	0.1429437925779883
-2.4074074074074074	0.11877835063456134	0.14401644721519663
-2.3973973973973974	0.11979596254416973	0.14510856022454793
-2.3873873873873874	0.1208337179083026	0.14622060425050476
-2.3773773773773774	0.12189215580340168	0.14735306608690577
-2.3673673673673674	0.12297183327425885	0.14850644717156206
-2.3573573573573574	0.12407332604281002	0.14968126410018134
-2.3473473473473474	0.12519722924883747	0.1508780491605362
-2.3373373373373374	0.1263441582241733	0.1520973508876355
-2.3273273273273274	0.1275147493021619	0.15333973464083075
-2.3173173173173174	0.12870966066405642	0.15460578320379909
-2.3073073073073074	0.12992957322423634	0.1558960974083375
-2.2972972972972974	0.13117519155629773	0.1572112967830083
-2.2872872872872874	0.1324472448619976	0.15855202022767562
-2.2772772772772774	0.13374648798529704	0.15991892671501848
-2.2672672672672673	0.13507370247378728	0.16131269602018658
-2.2572572572572573	0.13642969768995822	0.16273402947979146
-2.2472472472472473	0.13781531197487767	0.16418365078141028
-2.2372372372372373	0.13923141386697188	0.16566230678505248
-2.2272272272272273	0.14067890337884173	0.16717076837771094
-2.2172172172172173	0.14215871333499988	0.16870983136259635
-2.2072072072072073	0.143671810773832	0.17028031738439428
-2.1971971971971973	0.14521919841713166	0.1718830748921264
-2.1871871871871873	0.14680191621072655	0.173518980141139
-2.1771771771771773	0.14842104293985947	0.17518893823585985
-2.1671671671671673	0.15007769792349268	0.17689388421507474
-2.1571571571571573	0.1517730427914316	0.17863478418140716
-2.1471471471471473	0.15350828334887295	0.1804126364768701
-2.1371371371371373	0.15528467153285275	0.1822284729063798
-2.1271271271271273	0.15710350746564355	0.1840833600111662
-2.1171171171171173	0.158966141610057	0.185978400394084
-2.1071071071071072	0.16087397703223677	0.1879147340990349
-2.0970970970970972	0.1628284717776208	0.1898935400464375
-2.0870870870870872	0.16483114136605867	0.1919160375271886
-2.0770770770770772	0.166883561412451	0.19398348775723212
-2.067067067067067	0.1689873703796905	0.19609719549522292
-2.057057057057057	0.17114427247074	0.19825851072556125
-2.047047047047047	0.17335604066749918	0.20046883040933886
-2.037037037037037	0.1756245199240698	0.2027296003057282
-2.027027027027027	0.1779516305225815	0.20504231686631338
-2.017017017017017	0.18033937160038868	0.20740852920503977
-2.007007007007007	0.18278982485739112	0.20982984114635428
-1.996996996996997	0.18530515845308868	0.2123079133543342
-1.986986986986987	0.1878876311032359	0.21484446554523576
-1.976976976976977	0.19053959638646123	0.21744127878648956
-1.966966966966967	0.19326350727174552	0.22010019788450957
-1.956956956956957	0.19606192087783972	0.22282313386411715
-1.946946946946947	0.19893750347683556	0.22561206654220536
-1.936936936936937	0.2018930357536616	0.228469047198011
-1.926926926926927	0.2049314183346796	0.23139620134257174
-1.916916916916917	0.20805567759825838	0.23439573158965454
-1.906906906906907	0.2112689717811845	0.2374699206301816
-1.896896896896897	0.21457459739490312	0.2406211343122122
-1.8868868868868869	0.2179759959659766	0.24385182482812448
-1.8768768768768769	0.22147676111581638	0.2471645340104102
-1.8668668668668669	0.2250806459943325	0.25056189673713086
-1.8568568568568569	0.2287915710833023	0.2540466444476542
-1.8468468468468469	0.2326136323844404	0.2576216087687384
-1.8368368368368369	0.2365511100079168	0.2612897252507909
-1.8268268268268268	0.24060847717634562	0.26505403721287624
-1.8168168168168168	0.24479040965941193	0.2689176996947991
-1.8068068068068068	0.24910179565354046	0.27288398351353194
-1.7967967967967968	0.25354774612043224	0.2769562794201133
-1.7867867867867868	0.2581336055970264	0.2811381023522148
-1.7767767767767768	0.26286496348851374	0.28543309577601517
-1.7667667667667668	0.26774766585382814	0.2898450361097747
-1.7567567567567568	0.2727878276910158	0.2943778372195456
-1.7467467467467468	0.2779918457272916	0.299035554975681
-1.7367367367367368	0.28336641171477933	0.30382239185661947
-1.7267267267267268	0.28891852622917663	0.3087427015838651
-1.7167167167167168	0.29465551296334824	0.31380099376949316
-1.7067067067067068	0.30058503350194427	0.3190019385543333
-1.6966966966966968	0.3067151025558182	0.3243503712114221
-1.6866866866866868	0.3130541036268519	0.3298512966857225
-1.6766766766766767	0.31961080506320266	0.3355098940365734
-1.6666666666666667	0.326394376453762	0.3413315207447001
-1.6566566566566567	0.3334144052962897	0.347321716840154
-1.6466466466466467	0.3406809138578331	0.35348620880193404
-1.6366366366366367	0.34820437612694793	0.359830913173236
-1.6266266266266267	0.35599573473572327	0.3663619398294717
-1.6166166166166167	0.36406641770398906	0.37308559482803266
-1.6066066066066067	0.37242835482933334	0.38000838276030935
-1.5965965965965967	0.381093993512549	0.3871370085172433
-1.5865865865865867	0.39007631377048346	0.3944783783688627
-1.5765765765765767	0.3993888421432423	0.40203960024786767
-1.5665665665665667	0.4090456641540222	0.40982798311463214
-1.5565565565565564	0.41906143492161163	0.41785103526833495
-1.5465465465465464	0.4294513874621493	0.42611646145486093
-1.5365365365365364	0.4402313381441366	0.4346321586073284
-1.5265265265265264	0.45141768867837856	0.4434062100389952
-1.5165165165165164	0.4630274239342676	0.4524468778922287
-1.5065065065065064	0.47507810477192536	0.4617625936289976
-1.4964964964964964	0.4875878549671755	0.47136194633084694
-1.4864864864864864	0.5005753411834458	0.4812536685574866
-1.4764764764764764	0.5140597448089776	0.491446619494192
-1.4664664664664664	0.5280607243322992	0.5019497650995072
-1.4564564564564564	0.542598366771811	0.5127721549462843
-1.4464464464464464	0.5576931265090688	0.5239228954313138
-1.4364364364364364	0.5733657497022786	0.5354111190129446
-1.4264264264264264	0.5896371822774479	0.5472459491215614
-1.4164164164164164	0.6065284593166537	0.5594364603770734
-1.4064064064064064	0.624060573488903	0.5719916337396098
-1.3963963963963963	0.6422543200074056	0.584920306217849
-1.3863863863863863	0.6611301154582954	0.5982311147623394
-1.3763763763763763	0.6807077877398485	0.6119324339838201
-1.3663663663663663	0.7010063342939387	0.6260323073558677
-1.3563563563563563	0.7220436458219754	0.6405383715944054
-1.3463463463463463	0.7438361927747001	0.6554577739507405
-1.3363363363363363	0.7663986721170112	0.6707970822155436
-1.3263263263263263	0.7897436122229453	0.6865621873080557
-1.3163163163163163	0.8138809342839937	0.702758198423617
-1.3063063063063063	0.8388174693535306	0.7193893308306604
-1.2962962962962963	0.8645564311359389	0.7364587865530131
-1.2862862862862863	0.8910968458992935	0.7539686283433943
-1.2762762762762763	0.9184329424802384	0.7719196475509894
-1.2662662662662663	0.946553507286654	0.7903112267143088
-1.2562562562562563	0.9754412115081096	0.8091411979647256
-1.2462462462462462	1.0050719204160339	0.8284056986125752
-1.2362362362362362	1.0354139976579957	0.8480990255972711
-1.2262262262262262	1.066427620774324	0.8682134908183305
-1.2162162162162162	1.0980641277001861	0.8887392797163499
-1.2062062062062062	1.1302654176400146	0.9096643158356786
-1.1961961961961962	1.1629634332213008	0.9309741344654336
-1.1861861861861862	1.196079754028964	0.9526517688074607
-1.1761761761761762	1.2295253341919066	0.9746776524496014
-1.1661661661661662	1.2632004183150667	0.9970295422064355
-1.1561561561561562	1.296994670351823	1.0196824656146932
-1.1461461461461462	1.3307875486284064	1.042608697512711
-1.1361361361361362	1.3644489568098062	1.0657777701708122
-1.1261261261261262	1.3978401948594459	1.0891565213516878
-1.1161161161161162	1.430815225825696	1.1127091844453076
-1.1061061061061062	1.4632222635835617	1.1363975244229383
-1.0960960960960962	1.4949056736812292	1.1601810227770866
-1.0860860860860861	1.525708164634975	1.1840171138473492
-1.0760760760760761	1.5554732310972825	1.2078614739803049
-1.0660660660660661	1.5840477942297149	1.2316683638401542
-1.0560560560560561	1.6112849694925275	1.2553910228958378
-1.0460460460460461	1.6370468791511454	1.2789821136929833
-1.0360360360360361	1.6612074173366598	1.3023942120147258
-1.026026026026026	1.683654870566581	1.3255803374989406
-1.016016016016016	1.7042942970456814	1.348494517772211
-1.006006006006006	1.7230495742251801	1.3710923777538764
-0.995995995995996	1.7398650359244594	1.393331744543145
-0.985985985985986	1.754706637216928	1.415173257308348
-0.975975975975976	1.7675626061740828	1.4365809709043567
-0.965965965965966	1.778443564994292	1.4575229416168907
-0.955955955955956	1.7873821273164558	1.4779717835015904
-0.9459459459459459	1.7944320018877034	1.4979051842804183
-0.9359359359359359	1.7996666535853751	1.5173063706696077
-0.9259259259259259	1.8031775897586286	1.5361645143283653
-0.9159159159159159	1.8050723520161913	1.5544750712826143
-0.9059059059059059	1.8054723004912665	1.5722400496343831
-0.8958958958958959	1.8045102792748857	1.589468202534835
-0.8858858858858859	1.8023282485630565	1.606175145680506
-0.8758758758758759	1.7990749618768713	1.6223834008997144
-0.8658658658658659	1.794903756466305	1.638122369627391
-0.8558558558558559	1.7899705127703547	1.6534282421375157
-0.8458458458458459	1.7844318256280476	1.668343850234841
-0.8358358358358359	1.7784434167643182	1.6829184726453972
-0.8258258258258259	1.7721588056837179	1.6972076035438608
-0.8158158158158159	1.7657282450780432	1.7112726955030277
-0.8058058058058059	1.75929791755716	1.7251808886393674
-0.7957957957957958	1.7530093831359836	1.7390047378853664
-0.7857857857857858	1.7469992614719545	1.7528219501782958
-0.7757757757757757	1.7413991292531281	1.7667151429590329
-0.7657657657657657	1.7363356111917012	1.7807716347921196
-0.7557557557557557	1.7319306425512118	1.7950832781959543
-0.7457457457457457	1.7283018817603566	1.809746343990101
-0.7357357357357357	1.7255632531976215	1.8248614656683335
-0.7257257257257257	1.723825602418401	1.8405336515665924
-0.7157157157157157	1.7231974487490742	1.8568723719498053
-0.7057057057057057	1.7237858231118628	1.873991727649087
-0.6956956956956957	1.7256971820445361	1.8920107065673153
-0.6856856856856857	1.7290383920469723	1.9110535342813302
-0.6756756756756757	1.7339177815627542	1.9312501251159118
-0.6656656656656657	1.7404462610583835	1.9527366404867461
-0.6556556556556556	1.7487385147998598	1.9756561620116773
-0.6456456456456456	1.7589142710569519	2.0001594879067865
-0.6356356356356356	1.7710996606411191	2.0264060625304765
-0.6256256256256256	1.7854286769551502	2.054565050642072
-0.6156156156156156	1.8020447541747038	2.0848165700367742
-0.6056056056056056	1.8211024838881325	2.1173530987477363
-0.5955955955955956	1.8427694945932018	2.1523810760152937
-0.5855855855855856	1.8672285230139711	2.1901227197855415
-0.5755755755755756	1.8946797114011729	2.2308180876973918
-0.5655655655655656	1.9253431709925504	2.2747274134467865
-0.5555555555555556	1.9594618588267718	2.3221337562196087
-0.5455455455455456	1.9973048233857982	2.373346007709993
-0.5355355355355356	2.0391708843595198	2.428702309292778
-0.5255255255255256	2.0853928235471835	2.488573941438504
-0.5155155155155156	2.1363421779646745	2.553369758748483
-0.5055055055055055	2.192434743134722	2.6235412574146855
-0.4954954954954955	2.2541369149566273	2.6995883779278302
-0.4854854854854855	2.3219730232859925	2.782066165040025
-0.4754754754754755	2.3965338404034076	2.871592430028772
-0.46546546546546547	2.478486484155862	2.9688565880731206
-0.45545545545545546	2.568585980288363	3.074629877143339
-0.44544544544544545	2.6676888032769424	3.189777205562226
-0.43543543543543545	2.7767687823240217	3.315270925046774
-0.42542542542542544	2.896935842153586	3.4522068867338445
-0.41541541541541543	3.029458150809792	3.6018232121763654
-0.40540540540540543	3.175788373805678	3.7655223030606733
-0.3953953953953954	3.3375948920433407	3.9448967269027575
-0.38538538538538536	3.516799038071589	4.141759756992765
-0.37537537537537535	3.7156196518600875	4.3581815208038375
-0.36536536536536535	3.9366265667090254	4.596531931640198
-0.35535535535535534	4.182805025366463	4.859531856127979
-0.34534534534534533	4.457633518087363	5.150314321890869
-0.3353353353353353	4.765178156885634	5.472498017440784
-0.3253253253253253	5.110207490746058	5.830275909284844
-0.3153153153153153	5.498332673214111	6.228522538848019
-0.3053053053053053	5.936179179046323	6.672924517069382
-0.2952952952952953	6.431597911572579	7.170139979511249
-0.2852852852852853	6.993925652217383	7.727994397977442
-0.2752752752752753	7.63430751423392	8.35572230149252
-0.2652652652652653	8.366097549175635	9.064267327638976
-0.2552552552552553	9.205358140673894	9.866656866189093
-0.24524524524524524	10.171484587967578	10.778472737104684
-0.23523523523523523	11.287988680554447	11.818446380590732
-0.22522522522522523	12.583484512807514	13.009216658242655
-0.21521521521521522	14.092931753576758	14.378301607307996
-0.20520520520520522	15.859206538023614	15.959353824379136
-0.19519519519519518	17.93508841320135	17.793794658792272
-0.18518518518518517	20.38577321931723	19.932957981457324
-0.17517517517517517	23.292045191829185	22.440923962298836
-0.16516516516516516	26.754263243047575	25.39829232524005
-0.15515515515515516	30.89732750330672	28.90723939406376
-0.14514514514514515	35.87677349773146	33.09833029655514
-0.13513513513513514	41.886052765463056	38.139719193912214
-0.12512512512512514	49.16481989175699	44.24955272485758
-0.11511511511511512	58.007500138666686	51.712535021145605
-0.10510510510510511	68.77026450062262	60.90153437477164
-0.09509509509509509	81.87226509541043	72.3043247783428
-0.08508508508508508	97.78273441819417	86.55284789247321
-0.07507507507507508	116.97822224292152	104.44491725405156
-0.06506506506506507	139.8432562592227	126.92998573522775
-0.055055055055055056	166.47593363423638	154.99051090119877
-0.04504504504504504	196.36110661840743	189.27737458902453
-0.035035035035035036	227.92394733828564	229.27631057701007
-0.025025025025025027	258.1301763852317	271.8740385519389
-0.015015015015015015	282.54841689827816	309.94265099029684
-0.005005005005005005	296.3771086483996	333.1476329621724
0.005005005005005005	296.37710864839016	333.14763296214494
0.015015015015015015	282.5484168982683	309.9426509902273
0.025025025025025027	258.1301763852151	271.8740385518561
0.035035035035035036	227.92394733826353	229.27631057693543
0.04504504504504504	196.36110661838924	189.27737458896485
0.055055055055055056	166.47593363422263	154.99051090115856
0.06506506506506507	139.84325625921377	126.92998573520231
0.07507507507507508	116.97822224291605	104.44491725404116
0.08508508508508508	97.78273441819216	86.55284789247037
0.09509509509509509	81.87226509541101	72.30432477834304
0.10510510510510511	68.77026450062404	60.901534374777036
0.11511511511511512	58.007500138668476	51.712535021152775
0.12512512512512514	49.16481989176032	44.24955272486639
0.13513513513513514	41.886052765466715	38.139719193922204
0.14514514514514515	35.87677349773403	33.09833029656534
0.15515515515515516	30.89732750331043	28.90723939407311
0.16516516516516516	26.754263243049625	25.39829232524786
0.17517517517517517	23.292045191832646	22.440923962306364
0.18518518518518517	20.38577321931949	19.932957981464426
0.19519519519519518	17.93508841320356	17.79379465879912
0.20520520520520522	15.859206538025187	15.959353824385804
0.21521521521521522	14.092931753578739	14.37830160731372
0.22522522522522523	12.583484512808766	13.009216658248107
0.23523523523523523	11.287988680555548	11.818446380595029
0.24524524524524524	10.17148458796855	10.778472737108821
0.2552552552552553	9.205358140674337	9.866656866192827
0.2652652652652653	8.366097549176757	9.064267327642414
0.2752752752752753	7.634307514234247	8.355722301495168
0.2852852852852853	6.993925652217839	7.727994397979858
0.2952952952952953	6.431597911572857	7.170139979513491
0.3053053053053053	5.936179179046473	6.672924517071309
0.3153153153153153	5.498332673214316	6.228522538849621
0.3253253253253253	5.110207490746402	5.83027590928616
0.3353353353353353	4.765178156885749	5.472498017441805
0.34534534534534533	4.45763351808748	5.15031432189199
0.35535535535535534	4.182805025366626	4.859531856128653
0.36536536536536535	3.936626566709281	4.596531931640848
0.37537537537537535	3.715619651860073	4.3581815208044
0.38538538538538536	3.516799038071636	4.141759756993005
0.3953953953953954	3.337594892043383	3.944896726902949
0.40540540540540543	3.1757883738056862	3.765522303060747
0.41541541541541543	3.029458150809789	3.601823212176529
0.42542542542542544	2.8969358421536606	3.4522068867337308
0.43543543543543545	2.7767687823240528	3.315270925046585
0.44544544544544545	2.667688803276704	3.189777205561985
0.45545545545545546	2.56858598028825	3.0746298771429914
0.46546546546546547	2.478486484155831	2.968856588072831
0.4754754754754755	2.3965338404032277	2.871592430028445
0.4854854854854855	2.321973023285904	2.782066165039559
0.4954954954954955	2.2541369149564328	2.6995883779272662
0.5055055055055055	2.192434743134496	2.6235412574141326
0.5155155155155156	2.136342177964415	2.553369758747719
0.5255255255255256	2.0853928235469597	2.4885739414376626
0.5355355355355356	2.039170884359398	2.4287023092919022
0.5455455455455456	1.9973048233855404	2.3733460077091397
0.5555555555555556	1.9594618588264647	2.3221337562186317
0.5655655655655656	1.9253431709923292	2.2747274134458078
0.5755755755755756	1.8946797114009843	2.230818087696419
0.5855855855855856	1.8672285230137016	2.1901227197844557
0.5955955955955956	1.842769494592986	2.152381076014144
0.6056056056056056	1.8211024838878254	2.1173530987466376
0.6156156156156156	1.8020447541744233	2.084816570035623
0.6256256256256256	1.7854286769549026	2.0545650506408766
0.6356356356356356	1.7710996606408551	2.0264060625292752
0.6456456456456456	1.758914271056693	2.000159487905581
0.6556556556556556	1.7487385147996077	1.9756561620104658
0.6656656656656657	1.7404462610580667	1.9527366404855033
0.6756756756756757	1.7339177815623792	1.9312501251146585
0.6856856856856857	1.7290383920466406	1.9110535342799946
0.6956956956956957	1.7256971820441884	1.8920107065660676
0.7057057057057057	1.7237858231115457	1.87399172764779
0.7157157157157157	1.7231974487487314	1.8568723719484979
0.7257257257257257	1.7238256024180203	1.8405336515652229
0.7357357357357357	1.725563253197286	1.8248614656670166
0.7457457457457457	1.7283018817599796	1.8097463439887518
0.7557557557557557	1.7319306425508112	1.7950832781946202
0.7657657657657657	1.7363356111913166	1.7807716347907745
0.7757757757757757	1.741399129252644	1.7667151429577468
0.7857857857857858	1.7469992614715557	1.752821950177007
0.7957957957957958	1.7530093831355513	1.7390047378841147
0.8058058058058059	1.7592979175567456	1.7251808886381035
0.8158158158158159	1.765728245077559	1.7112726955018203
0.8258258258258259	1.772158805683293	1.6972076035426449
0.8358358358358359	1.7784434167638836	1.6829184726442075
0.8458458458458459	1.7844318256276328	1.6683438502337196
0.8558558558558559	1.7899705127698897	1.6534282421363846
0.8658658658658659	1.7949037564659274	1.6381223696263574
0.8758758758758759	1.7990749618764328	1.6223834008987008
0.8858858858858859	1.802328248562616	1.6061751456795292
0.8958958958958959	1.8045102792744867	1.589468202533929
0.9059059059059059	1.8054723004909121	1.5722400496334727
0.9159159159159159	1.8050723520158225	1.5544750712818074
0.9259259259259259	1.80317758975827	1.5361645143276341
0.9359359359359359	1.7996666535850385	1.5173063706688783
0.9459459459459459	1.7944320018874131	1.4979051842797428
0.955955955955956	1.7873821273161563	1.4779717835009945
0.965965965965966	1.7784435649940296	1.4575229416163353
0.975975975975976	1.7675626061738887	1.4365809709039281
0.985985985985986	1.7547066372167626	1.415173257307917
0.995995995995996	1.7398650359243282	1.3933317445428035
1.006006006006006	1.7230495742250491	1.371092377753567
1.016016016016016	1.7042942970455932	1.348494517772014
1.026026026026026	1.6836548705664882	1.3255803374987774
1.0360360360360361	1.6612074173366111	1.302394212014667
1.0460460460460461	1.637046879151151	1.278982113692979
1.0560560560560561	1.611284969492533	1.2553910228958776
1.0660660660660661	1.5840477942297355	1.2316683638402413
1.0760760760760761	1.5554732310973018	1.20786147398043
1.0860860860860861	1.525708164635066	1.1840171138475122
1.0960960960960962	1.4949056736813413	1.1601810227772924
1.1061061061061062	1.4632222635837135	1.13639752442319
1.1161161161161162	1.4308152258258235	1.1127091844455885
1.1261261261261262	1.3978401948596133	1.089156521352029
1.1361361361361362	1.3644489568100073	1.0657777701711686
1.1461461461461462	1.3307875486286063	1.0426086975130882
1.1561561561561562	1.2969946703520288	1.0196824656150967
1.1661661661661662	1.2632004183152965	0.9970295422068886
1.1761761761761762	1.2295253341921315	0.974677652450096
1.1861861861861862	1.1960797540291932	0.9526517688079568
1.1961961961961962	1.1629634332215522	0.9309741344659487
1.2062062062062062	1.130265417640274	0.9096643158361892
1.2162162162162162	1.098064127700433	0.8887392797168769
1.2262262262262262	1.0664276207745709	0.8682134908188838
1.2362362362362362	1.0354139976582903	0.8480990255978268
1.2462462462462462	1.005071920416277	0.8284056986131486
1.2562562562562563	0.9754412115083636	0.809141197965282
1.2662662662662663	0.9465535072869043	0.7903112267148823
1.2762762762762763	0.9184329424804822	0.7719196475515739
1.2862862862862863	0.8910968458995681	0.7539686283439817
1.2962962962962963	0.8645564311361937	0.7364587865535954
1.3063063063063063	0.8388174693537807	0.7193893308312538
1.3163163163163163	0.8138809342842385	0.7027581984242197
1.3263263263263263	0.7897436122232016	0.6865621873086521
1.3363363363363363	0.766398672117258	0.6707970822161223
1.3463463463463463	0.7438361927749143	0.6554577739513238
1.3563563563563563	0.7220436458222049	0.6405383715949915
1.3663663663663663	0.7010063342941656	0.6260323073564377
1.3763763763763763	0.6807077877400556	0.6119324339844033
1.3863863863863863	0.6611301154585139	0.5982311147629112
1.3963963963963963	0.6422543200076006	0.5849203062184106
1.4064064064064064	0.6240605734891059	0.5719916337401685
1.4164164164164164	0.6065284593168615	0.5594364603776119
1.4264264264264264	0.5896371822776452	0.5472459491221097
1.4364364364364364	0.5733657497024854	0.5354111190134826
1.4464464464464464	0.557693126509252	0.523922895431841
1.4564564564564564	0.5425983667719845	0.5127721549467991
1.4664664664664664	0.5280607243324661	0.5019497651000148
1.4764764764764764	0.5140597448091458	0.4914466194946952
1.4864864864864864	0.5005753411836272	0.48125366855799423
1.4964964964964964	0.4875878549673408	0.47136194633134115
1.5065065065065064	0.47507810477209245	0.4617625936294846
1.5165165165165164	0.46302742393441765	0.45244687789270405
1.5265265265265264	0.45141768867853305	0.4434062100394624
1.5365365365365364	0.4402313381442776	0.4346321586077987
1.5465465465465464	0.4294513874622932	0.42611646145531856
1.5565565565565564	0.4190614349217353	0.4178510352687784
1.5665665665665667	0.4090456641541705	0.40982798311507435
1.5765765765765767	0.3993888421433747	0.40203960024829527
1.5865865865865867	0.39007631377060303	0.39447837836927974
1.5965965965965967	0.38109399351268014	0.38713700851766336
1.6066066066066067	0.37242835482945236	0.3800083827607218
1.6166166166166167	0.36406641770411124	0.3730855948284273
1.6266266266266267	0.35599573473582796	0.3663619398298761
1.6366366366366367	0.34820437612706073	0.35983091317362503
1.6466466466466467	0.3406809138579387	0.3534862088023188
1.6566566566566567	0.3334144052963951	0.3473217168405323
1.6666666666666667	0.326394376453856	0.34133152074506906
1.6766766766766767	0.31961080506330375	0.33550989403693626
1.6866866866866868	0.31305410362694513	0.32985129668608143
1.6966966966966968	0.30671510255592166	0.3243503712117765
1.7067067067067068	0.3005850335020333	0.3190019385546711
1.7167167167167168	0.2946555129634361	0.31380099376982756
1.7267267267267268	0.28891852622926784	0.30874270158419664
1.7367367367367368	0.2833664117148668	0.3038223918569412
1.7467467467467468	0.27799184572737695	0.29903555497599993
1.7567567567567568	0.27278782769109255	0.29437783721985317
1.7667667667667668	0.26774766585390875	0.2898450361100801
1.7767767767767768	0.2628649634885908	0.2854330957763045
1.7867867867867868	0.25813360559710985	0.2811381023525103
1.7967967967967968	0.25354774612050873	0.27695627942041023
1.8068068068068068	0.2491017956536164	0.27288398351382237
1.8168168168168168	0.24479040965947535	0.2689176996950822
1.8268268268268268	0.2406084771764116	0.26505403721314774
1.8368368368368369	0.23655111000798507	0.26128972525107047
1.8468468468468469	0.2326136323845077	0.2576216087690043
1.8568568568568569	0.22879157108336395	0.25404664444791464
1.8668668668668669	0.22508064599440336	0.2505618967374004
1.8768768768768769	0.22147676111588346	0.24716453401066796
1.8868868868868869	0.21797599596604447	0.24385182482838352
1.896896896896897	0.21457459739496193	0.24062113431245885
1.906906906906907	0.21126897178124443	0.23746992063042463
1.916916916916917	0.20805567759831642	0.23439573158990443
1.926926926926927	0.20493141833473694	0.2313962013428174
1.936936936936937	0.20189303575372147	0.22846904719824349
1.946946946946947	0.19893750347688713	0.22561206654244928
1.956956956956957	0.19606192087789076	0.22282313386434976
1.966966966966967	0.1932635072718005	0.2201001978847371
1.976976976976977	0.19053959638651732	0.21744127878670463
1.986986986986987	0.18788763110327733	0.21484446554545408
1.996996996996997	0.18530515845313353	0.21230791335455018
2.007007007007007	0.18278982485744416	0.20982984114657094
2.017017017017017	0.18033937160044228	0.20740852920524294
2.027027027027027	0.1779516305226296	0.20504231686651594
2.037037037037037	0.1756245199241174	0.20272960030592688
2.047047047047047	0.17335604066755061	0.200468830409538
2.057057057057057	0.17114427247078814	0.19825851072575246
2.067067067067067	0.16898737037973122	0.19609719549541488
2.0770770770770772	0.16688356141250263	0.19398348775742377
2.0870870870870872	0.16483114136610244	0.19191603752737463
2.0970970970970972	0.16282847177766568	0.1898935400466222
2.1071071071071072	0.16087397703227735	0.1879147340992165
2.1171171171171173	0.1589661416100994	0.18597840039426358
2.1271271271271273	0.1571035074656868	0.18408336001134146
2.1371371371371373	0.1552846715328934	0.18222847290656663
2.1471471471471473	0.15350828334891475	0.18041263647704933
2.1571571571571573	0.15177304279147324	0.17863478418158044
2.1671671671671673	0.15007769792353176	0.17689388421524213
2.1771771771771773	0.14842104293989103	0.17518893823602943
2.1871871871871873	0.14680191621075686	0.17351898014130634
2.1971971971971973	0.14521919841717057	0.17188307489229668
2.2072072072072073	0.14367181077386743	0.17028031738455912
2.2172172172172173	0.1421587133350333	0.1687098313627549
2.2272272272272273	0.14067890337887992	0.16717076837787015
2.2372372372372373	0.1392314138670033	0.16566230678520757
2.2472472472472473	0.13781531197490268	0.16418365078156497
2.2572572572572573	0.13642969768998545	0.16273402947993953
2.2672672672672673	0.13507370247381983	0.1613126960203336
2.2772772772772774	0.1337464879853291	0.1599189267151616
2.2872872872872874	0.13244724486202586	0.15855202022781928
2.2972972972972974	0.1311751915563267	0.15721129678314774
2.3073073073073074	0.12992957322426313	0.15589609740847543
2.3173173173173174	0.1287096606640843	0.15460578320394086
2.3273273273273274	0.12751474930218887	0.1533397346409706
2.3373373373373374	0.12634415822420172	0.15209735088777515
2.3473473473473474	0.12519722924885937	0.15087804916067213
2.3573573573573574	0.12407332604284166	0.14968126410031363
2.3673673673673674	0.1229718332742861	0.14850644717169023
2.3773773773773774	0.12189215580342529	0.14735306608703613
2.3873873873873874	0.12083371790832724	0.1462206042506323
2.3973973973973974	0.1197959625441958	0.14510856022467453
2.4074074074074074	0.11877835063458927	0.144016447215323
2.4174174174174174	0.11778036039304844	0.14294379257811074
2.4274274274274275	0.11680148667369794	0.14189013734197303
2.4374374374374375	0.11584124034946268	0.14085503575105415
2.4474474474474475	0.11489914771658093	0.13983805482368783
2.4574574574574575	0.11397474992421236	0.13883877392778676
2.4674674674674675	0.11306760242798426	0.13785678437197527
2.4774774774774775	0.1121772744663278	0.13689168901186666
2.4874874874874875	0.11130334855853967	0.1359431018709031
2.4974974974974975	0.11044542002369422	0.13501064777507246
2.5075075075075075	0.10960309651923943	0.1340939620010697
2.5175175175175175	0.10877599759860179	0.13319268993730904
2.5275275275275275	0.10796375428675674	0.13230648675722062
2.5375375375375375	0.10716600867309	0.13143501710449532
2.5475475475475475	0.10638241352066576	0.13057795478964046
2.5575575575575575	0.10561263189121385	0.12973498249750962
2.5675675675675675	0.10485633678517044	0.128905791505321
2.5775775775775776	0.10411321079598077	0.12809008141077696
2.5875875875875876	0.10338294577820592	0.127287559869884
2.5975975975975976	0.10266524252865221	0.1264979423440848
2.6076076076076076	0.10195981048008629	0.1257209518563517
2.6176176176176176	0.10126636740687434	0.12495631875587887
2.6276276276276276	0.10058463914213545	0.12420378049106588
2.6376376376376376	0.09991435930581488	0.12346308139044197
2.6476476476476476	0.0992552690432475	0.12273397245123815
2.6576576576576576	0.09860711677378522	0.12201621113532228
2.6676676676676676	0.09796965794899888	0.12130956117220616
2.6776776776776776	0.09734265482008422	0.12061379236884771
2.6876876876876876	0.09672587621408073	0.11992868042599299
2.6976976976976976	0.09611909731852199	0.11925400676084173
2.7077077077077076	0.09552209947415778	0.11858955833571781
2.7177177177177176	0.09493466997540974	0.11793512749263116
2.7277277277277276	0.09435660187826607	0.11729051179340379
2.7377377377377377	0.09378769381525112	0.11665551386520484
2.7477477477477477	0.09322774981723339	0.11602994125128513
2.7577577577577577	0.09267657914176444	0.11541360626672294
2.7677677677677677	0.0921339961076623	0.11480632585897238
2.7777777777777777	0.09159981993562091	0.11420792147306842
2.7877877877877877	0.09107387459457471	0.11361821892128393
2.7977977977977977	0.09055598865360337	0.113037048257091
2.8078078078078077	0.09004599513912245	0.11246424365328657
2.8178178178178177	0.08954373139718796	0.11189964328409309
2.8278278278278277	0.08904903896070028	0.11134308921112804
2.8378378378378377	0.08856176342124401	0.1107944272730337
2.8478478478478477	0.08808175430551697	0.11025350697877086
2.8578578578578577	0.08760886495603354	0.10972018140426779
2.8678678678678677	0.08714295241600144	0.10919430709243336
2.8778778778778777	0.08668387731821722	0.10867574395639736
2.8878878878878878	0.08623150377775642	0.10816435518577461
2.8978978978978978	0.08578569928840482	0.10766000715598355
2.9079079079079078	0.08534633462261147	0.10716256934037373
2.9179179179179178	0.08491328373485924	0.10667191422516986
2.9279279279279278	0.08448642366831445	0.10618791722706201
2.937937937937938	0.08406563446463125	0.10571045661338961
2.947947947947948	0.0836507990768162	0.10523941342483453
2.957957957957958	0.08324180328496782	0.10477467140046266
2.967967967967968	0.08283853561486458	0.10431611690514941
2.977977977977978	0.08244088725924059	0.10386363885919106
2.987987987987988	0.0820487520016765	0.10341712867013471
2.997997997997998	0.08166202614299055	0.1029764801666246
3.008008008008008	0.08128060843002806	0.1025415895343439
3.018018018018018	0.08090439998681928	0.10211235525384697
3.028028028028028	0.08053330424791136	0.10168867804028213
3.038038038038038	0.08016722689393138	0.1012704607849699
3.048048048048048	0.07980607578915938	0.10085760849867945
3.058058058058058	0.07944976092115613	0.10045002825666113
3.068068068068068	0.07909819434228312	0.10004762914526319
3.078078078078078	0.07875129011310314	0.09965032221017268
3.088088088088088	0.07840896424758886	0.09925802040618545
3.098098098098098	0.07807113466001159	0.09887063854843954
3.108108108108108	0.07773772111355498	0.09848809326509667
3.118118118118118	0.07740864517049603	0.09811030295139153
3.1281281281281283	0.07708383014396566	0.09773718772505682
3.1381381381381384	0.07676320105118437	0.0973686693829866
3.1481481481481484	0.07644668456815669	0.09700467135922189
3.1581581581581584	0.07613420898575478	0.09664511868409535
3.1681681681681684	0.07582570416715358	0.09628993794456371
3.1781781781781784	0.07552110150655814	0.09593905724569995
3.1881881881881884	0.07522033388917655	0.09559240617324494
3.1981981981981984	0.07492333565243825	0.09524991575725326
3.2082082082082084	0.0746300425483427	0.09491151843676256
3.2182182182182184	0.07434039170695277	0.0945771480254457
3.2282282282282284	0.07405432160099733	0.09424673967824558
3.2382382382382384	0.07377177201150051	0.09392022985893195
3.2482482482482484	0.0734926839944339	0.09359755630857369
3.2582582582582584	0.073216999848377	0.09327865801488436
3.2682682682682684	0.07294466308312106	0.09296347518241878
3.2782782782782784	0.07267561838916148	0.09265194920357311
3.2882882882882885	0.07240981160812365	0.0923440226304189
3.2982982982982985	0.07214718970401965	0.09203963914728215
3.3083083083083085	0.07188770073536566	0.09173874354407546
3.3183183183183185	0.07163129382805598	0.09144128169036823
3.3283283283283285	0.07137791914907678	0.091147200510133
3.3383383383383385	0.0711275278809218	0.0908564479572203
3.3483483483483485	0.07088007219676251	0.09056897299142715
3.3583583583583585	0.07063550523632259	0.09028472555528418
3.3683683683683685	0.07039378108240979	0.09000365655139915
3.3783783783783785	0.07015485473815203	0.08972571782043988
3.3883883883883885	0.06991868210485026	0.0894508621196994
3.3983983983983985	0.06968521996041147	0.08917904310219528
3.4084084084084085	0.06945442593846902	0.08891021529636653
3.4184184184184185	0.06922625850798861	0.0886443340862761
3.4284284284284285	0.06900067695352435	0.08838135569233724
3.4384384384384385	0.0687776413559389	0.08812123715253817
3.4484484484484486	0.06855711257370233	0.0878639363041663
3.4584584584584586	0.06833905222469888	0.0876094117659873
3.4684684684684686	0.06812342266850867	0.08735762292091881
3.4784784784784786	0.06791018698916834	0.08710852989909022
3.4884884884884886	0.06769930897843421	0.08686209356140992
3.4984984984984986	0.06749075311944538	0.08661827548348885
3.5085085085085086	0.06728448457087437	0.08637703794001389
3.5185185185185186	0.06708046915143923	0.0861383438894985
3.5285285285285286	0.06687867332490771	0.0859021569594207
3.5385385385385386	0.06667906418542853	0.08566844143175048
3.5485485485485486	0.06648160944327752	0.08543716222881131
3.5585585585585586	0.06628627741099187	0.08520828489952667
3.5685685685685686	0.06609303698984144	0.08498177560599093
3.5785785785785786	0.06590185765668309	0.08475760111037972
3.5885885885885886	0.06571270945111347	0.08453572876218067
3.5985985985985987	0.06552556296301174	0.08431612648575103
3.6086086086086087	0.06534038932035291	0.08409876276815552
3.6186186186186187	0.06515716017737108	0.0838836066473479
3.6286286286286287	0.06497584770299392	0.08367062770058128
3.6386386386386387	0.0647964245696107	0.08345979603315026
3.6486486486486487	0.0646188639420892	0.08325108226739146
3.6586586586586587	0.06444313946710128	0.08304445753194342
3.6686686686686687	0.06426922526269024	0.08283989345126051
3.6786786786786787	0.06409709590812954	0.08263736213540336
3.6886886886886887	0.0639267264340143	0.08243683617004492
3.6986986986986987	0.0637580923126103	0.0822382886067405
3.7087087087087087	0.06359116944844118	0.08204169295340805
3.7187187187187187	0.06342593416911285	0.08184702316505044
3.7287287287287287	0.0632623632163606	0.08165425363468665
3.7387387387387387	0.06310043373731525	0.08146335918450087
3.7487487487487487	0.06294012327599323	0.0812743150572034
3.7587587587587588	0.06278140976498384	0.08108709690758542
3.7687687687687688	0.06262427151734902	0.08090168079427273
3.7787787787787788	0.06246868721871204	0.08071804317167813
3.7887887887887888	0.062314635919542324	0.0805361608821383
3.798798798798799	0.062162097027630224	0.08035601114822316
3.808808808808809	0.06201105030073277	0.08017757156523549
3.818818818818819	0.061861475839401	0.08000082009386694
3.828828828828829	0.061713354079990596	0.07982573505305172
3.838838838838839	0.061566665787814015	0.07965229511293671
3.848848848848849	0.06142139205047922	0.07948047928806333
3.858858858858859	0.061277514271365845	0.07931026693065953
3.868868868868869	0.06113501416327968	0.07914163772411893
3.878878878878879	0.06099387374222556	0.07897457167659569
3.888888888888889	0.06085407532135506	0.07880904911477558
3.898898898898899	0.06071560150503904	0.07864505067774581
3.908908908908909	0.06057843518307895	0.07848255731105098
3.918918918918919	0.0604425595250567	0.07832155026084109
3.928928928928929	0.06030795797482253	0.0781620110681594
3.938938938938939	0.06017461424508007	0.07800392156337618
3.948948948948949	0.06004251231215113	0.077847263860724
3.958958958958959	0.05991163641078862	0.07769202035294501
3.968968968968969	0.059781971029166055	0.0775381737060883
3.978978978978979	0.05965350090395932	0.07738570685439886
3.988988988988989	0.059526211015538684	0.07723460299531322
3.998998998998999	0.05940008658326743	0.07708484558457619
4.009009009009009	0.05927511306091562	0.07693641833145881
4.019019019019019	0.059151276132166065	0.07678930519407837
4.029029029029029	0.059028561706238096	0.07664349037482526
4.039039039039039	0.05890695591358058	0.07649895831587658
4.049049049049049	0.058786445101687824	0.07635569369481036
4.059059059059059	0.05866701583100137	0.07621368142032228
4.069069069069069	0.0585486548708794	0.07607290662802095
4.079079079079079	0.05843134919570314	0.07593335467631472
4.089089089089089	0.058315085981013454	0.0757950111423997
4.099099099099099	0.05819985259977075	0.07565786181830257
4.109109109109109	0.058085636618678854	0.07552189270703964
4.119119119119119	0.05797242579460406	0.07538709001882948
4.129129129129129	0.057860208071043466	0.07525344016741255
4.1391391391391394	0.057748971574701435	0.07512092976641035
4.1491491491491495	0.05763870461212621	0.07498954562579295
4.1591591591591595	0.05752939566640969	0.07485927474841206
4.1691691691691695	0.05742103339397234	0.07473010432658449
4.1791791791791795	0.05731360662140716	0.07460202173878044
4.1891891891891895	0.05720710434239839	0.07447501454634742
4.1991991991991995	0.05710151571470712	0.0743490704903248
4.2092092092092095	0.05699683005719551	0.07422417748831733
4.2192192192192195	0.05689303684695444	0.07410032363140309
4.2292292292292295	0.056790125716463385	0.07397749718117182
4.2392392392392395	0.05668808645081327	0.07385568656674227
4.2492492492492495	0.05658690898499024	0.07373488038189743
4.2592592592592595	0.05648658340122651	0.07361506738226253
4.2692692692692695	0.05638709992637892	0.07349623648252118
4.2792792792792795	0.05628844892940371	0.0733783767537106
4.2892892892892895	0.05619062091882937	0.0732614774205592
4.2992992992992995	0.05609360654034087	0.07314552785888132
4.3093093093093096	0.05599739657435634	0.07303051759302183
4.31931931931932	0.05590198193369818	0.07291643629333985
4.32932932932933	0.055807353661294995	0.07280327377377456
4.33933933933934	0.05571350292790688	0.07269101998941749
4.34934934934935	0.0556204210299486	0.07257966503416478
4.35935935935936	0.05552809938730659	0.07246919913839617
4.36936936936937	0.05543652954122814	0.07235961266671202
4.37937937937938	0.05534570315224236	0.07225089611569584
4.38938938938939	0.05525561199813712	0.07214304011175231
4.3993993993994	0.055166247971939114	0.07203603540894711
4.40940940940941	0.05507760307999191	0.07192987288692232
4.41941941941942	0.05498966944001813	0.071824543548829
4.42942942942943	0.054902439279245825	0.07172003851932063
4.43943943943944	0.05481590493257705	0.07161634904254788
4.44944944944945	0.0547300588407705	0.07151346648025064
4.45945945945946	0.05464489354868943	0.07141138230982838
4.46946946946947	0.05456040170355046	0.07131008812246972
4.47947947947948	0.05447657605323047	0.0712095756213342
4.48948948948949	0.05439340944460158	0.07110983661973701
4.4994994994995	0.05431089482189568	0.07101086303938978
4.50950950950951	0.05422902522510042	0.07091264690867476
4.51951951951952	0.05414779378838001	0.07081518036092783
4.52952952952953	0.054067193738544815	0.07071845563278303
4.53953953953954	0.05398721839353037	0.07062246506252974
4.54954954954955	0.0539078611609128	0.07052720108850513
4.55955955955956	0.053829115536466784	0.0704326562475234
4.56956956956957	0.053750975102722316	0.0703388231733153
4.57957957957958	0.053673433527566004	0.07024569459501463
4.58958958958959	0.05359648456287762	0.07015326333566992
4.5995995995996	0.053520122043176	0.0700615223107748
4.60960960960961	0.05344433988428956	0.06997046452682722
4.61961961961962	0.05336913208206686	0.06988008307992037
4.62962962962963	0.05329449271109938	0.06979037115435886
4.63963963963964	0.05322041592347861	0.0697013220212971
4.64964964964965	0.05314689594755291	0.06961292903739486
4.65965965965966	0.05307392708674499	0.06952518564351731
4.66966966966967	0.053001503718350065	0.06943808536343406
4.67967967967968	0.052929620292386396	0.06935162180255769
4.68968968968969	0.05285827133045962	0.06926578864670449
4.6996996996997	0.052787451424638	0.06918057966086709
4.70970970970971	0.052717155236356075	0.06909598868801772
4.71971971971972	0.05264737749534535	0.06901200964792997
4.72972972972973	0.05257811299856446	0.06892863653602262
4.73973973973974	0.05250935660917138	0.06884586342222043
4.74974974974975	0.05244110325549609	0.06876368444983445
4.75975975975976	0.05237334793004392	0.06868209383447238
4.76976976976977	0.05230608568851565	0.06860108586295365
4.77977977977978	0.052239311648830944	0.06852065489225134
4.78978978978979	0.05217302099019465	0.06844079534845832
4.7997997997998	0.052107208952149334	0.06836150172575142
4.80980980980981	0.05204187083367724	0.06828276858539369
4.81981981981982	0.051977001992288135	0.06820459055475228
4.82982982982983	0.05191259784314648	0.0681269623263152
4.83983983983984	0.05184865385819628	0.06804987865674404
4.84984984984985	0.051785165565321326	0.06797333436594077
4.85985985985986	0.05172212854749254	0.06789732433611634
4.86986986986987	0.05165953844195842	0.06782184351089054
4.87987987987988	0.05159739093943779	0.06774688689440261
4.88988988988989	0.051535681783314094	0.06767244955043134
4.8998998998999	0.051474406768869885	0.06759852660153606
4.90990990990991	0.051413561742511535	0.06752511322821565
4.91991991991992	0.051353142601022125	0.06745220466806787
4.92992992992993	0.05129314529082005	0.06737979621498186
4.93993993993994	0.0512335658072248	0.06730788321831797
4.94994994994995	0.051174400193753085	0.0672364610821411
4.95995995995996	0.05111564454141285	0.06716552526442143
4.96996996996997	0.05105729498800812	0.06709507127627508
4.97997997997998	0.05099934771746631	0.06702509468122622
4.98998998998999	0.05094179895916979	0.06695559109444808
5.0	0.05088464498729726	0.06688655618205044
