-5.0	0.06136245210070407	0.13511380650642077
-4.98998998998999	0.058591770611397656	0.12752796376526837
-4.97997997997998	0.056012810137987	0.12057754593971377
-4.96996996996997	0.05360840492655273	0.11419427728666473
-4.95995995995996	0.05136326590362852	0.10831873219874955
-4.94994994994995	0.049263740498866566	0.1028990068661036
-4.93993993993994	0.04729760747674959	0.09788961551319576
-4.92992992992993	0.04545390108177829	0.0932505693027845
-4.91991991991992	0.04372275982009996	0.0889466044973244
-4.90990990990991	0.04209529602120236	0.08494653311767973
-4.8998998998999	0.040563482987562446	0.08122269456545714
-4.88988988988989	0.03912005707991032	0.07775049080399388
-4.87987987987988	0.03775843252641317	0.07450799096849213
-4.86986986986987	0.036472627104831616	0.07147559388673416
-4.85985985985986	0.03525719714363907	0.06863573908191177
-4.84984984984985	0.03410718053299247	0.06597265850922215
-4.83983983983984	0.033018046639321716	0.06347216263475226
-4.82982982982983	0.03198565218595573	0.06112145556422011
-4.81981981981982	0.031006202302791948	0.05890897482413528
-4.80980980980981	0.030076216065583593	0.05682425212854444
-4.7997997997998	0.029192495944137375	0.05485779206361918
-4.78978978978979	0.02835210066167075	0.05300096611520989
-4.77977977977978	0.02755232103773969	0.05124591987141568
-4.76976976976977	0.026790658446335304	0.04958549156917554
-4.75975975975976	0.026064805571131725	0.04801314043416944
-4.74974974974975	0.02537262918268978	0.04652288349648653
-4.73973973973974	0.02471215469882817	0.04510923976019686
-4.72972972972973	0.024081552320688673	0.04376718076828136
-4.71971971971972	0.023479124563752413	0.042492086742509795
-4.70970970970971	0.022903295025959062	0.04127970759366939
-4.6996996996997	0.022352598255011246	0.040126128196025075
-4.68968968968969	0.021825670593862218	0.03902773740318461
-4.67967967967968	0.021321241898245524	0.03798120035319431
-4.66966966966967	0.02083812803287348	0.036983433671278085
-4.65965965965966	0.020375224063987098	0.03603158323003678
-4.64964964964965	0.01993149807565762	0.0351230041711394
-4.63963963963964	0.019505985545580043	0.03425524293042226
-4.62962962962963	0.0190977842235831	0.03342602104093086
-4.61961961961962	0.018706049462301404	0.03263322051649621
-4.60960960960961	0.018329989955278677	0.03187487064276814
-4.5995995995996	0.017968863842634738	0.031149136023541517
-4.58958958958959	0.017621975148729853	0.030454305748590798
-4.57957957957958	0.017288670520182466	0.029788783564876364
-4.56956956956957	0.0169683362359103	0.029151078946959598
-4.55955955955956	0.016660395463848513	0.028539798974317035
-4.54954954954955	0.016364305741655826	0.02795364093390816
-4.53953953953954	0.01607955666108264	0.02739138557545574
-4.52952952952953	0.01580566773766978	0.026851890954963292
-4.51951951951952	0.015542186449386404	0.02633408680917172
-4.50950950950951	0.015288686429379786	0.025836969409779455
-4.4994994994995	0.015044765799522526	0.02535959685180496
-4.48948948948949	0.014810045632752546	0.02490108473531395
-4.47947947947948	0.014584168533297394	0.02446060220405716
-4.46946946946947	0.014366797324996147	0.024037368308222194
-4.45945945945946	0.01415761383886518	0.02363064866207004
-4.44944944944945	0.013956317791826434	0.023239752370048702
-4.43943943943944	0.013762625749350466	0.022864029197724452
-4.42942942942943	0.01357627016538528	0.022502866966180913
-4.41941941941942	0.013396998493597026	0.02215568915070629
-4.40940940940941	0.013224572364504014	0.02182195266643726
-4.3993993993994	0.01305876682350757	0.021501145825309802
-4.38938938938939	0.012899369625415663	0.021192786450177956
-4.37937937937938	0.012746180581313887	0.02089642013337665
-4.36936936936937	0.012599010954120903	0.020611618628109327
-4.35935935935936	0.01245768289947293	0.02033797836224413
-4.34934934934935	0.012322028948854575	0.02007511906501384
-4.33933933933934	0.012191891532241171	0.019822682498082663
-4.32932932932933	0.01206712253771492	0.019580331283125814
-4.31931931931932	0.011947582905818464	0.01934774781895703
-4.3093093093093096	0.011833142256550919	0.01912463328175167
-4.2992992992992995	0.011723678547214109	0.018910706702617575
-4.2892892892892895	0.011619077759398034	0.018705704117282902
-4.2792792792792795	0.011519233613660963	0.018509377783117942
-4.2692692692692695	0.01142404731056899	0.01832149545929436
-4.2592592592592595	0.011333427296936512	0.01814183974615608
-4.2492492492492495	0.011247289056254904	0.01797020748039442
-4.2392392392392395	0.011165554922419428	0.0178064091828964
-4.2292292292292295	0.011088153916031995	0.017650268556523303
-4.2192192192192195	0.011015021602649099	0.017501622031340397
-4.2092092092092095	0.010946099972503013	0.01736031835517315
-4.1991991991991995	0.010881337341305461	0.01722621822758993
-4.1891891891891895	0.010820688271924802	0.017099193975700408
-4.1791791791791795	0.010764113516786508	0.01697912927041934
-4.1691691691691695	0.010711579981029663	0.016865918882068665
-4.1591591591591595	0.01066306070650614	0.016759468474437086
-4.1491491491491495	0.010618534876928723	0.016659694436672007
-4.1391391391391394	0.010577987844508724	0.016566523752555507
-4.129129129129129	0.010541411178657012	0.016479893907030807
-4.119119119119119	0.0105088027373858	0.01639975283000083
-4.109109109109109	0.010480166762262152	0.01632605887766128
-4.099099099099099	0.010455513997917755	0.016258780851993785
-4.089089089089089	0.01043486183725788	0.016197898059121793
-4.079079079079079	0.01041823449379974	0.016143400407638505
-4.069069069069069	0.010405663202654247	0.01609528854823634
-4.059059059059059	0.010397186452017397	0.016053574056315936
-4.049049049049049	0.010392850247220298	0.016018279659492932
-4.039039039039039	0.010392708409692622	0.015989439512376063
-4.029029029029029	0.010396822913491654	0.015967099521329204
-4.019019019019019	0.010405264262421724	0.015951317722297777
-4.009009009009009	0.010418111911145262	0.015942164715346988
-3.998998998998999	0.010435454734080174	0.015939724159980472
-3.988988988988989	0.010457391546449589	0.015944093335913602
-3.978978978978979	0.010484031682306796	0.015955383774621416
-3.968968968968969	0.01051549563504402	0.015973721967615453
-3.958958958958959	0.010551915766559606	0.015999250158316703
-3.948948948948949	0.010593437092045356	0.01603212722516025
-3.938938938938939	0.01064021814828631	0.016072529664647738
-3.928928928928929	0.010692431954349588	0.01612065268416646
-3.918918918918919	0.010750267074742447	0.01617671141572919
-3.908908908908909	0.01081392879645071	0.016240942263185666
-3.898898898898899	0.010883640432766028	0.016313604397204442
-3.888888888888889	0.010959644768612803	0.01639498141416183
-3.878878878878879	0.011042205664085467	0.016485383177357177
-3.868868868868869	0.01113160983527491	0.0165851478613713
-3.858858858858859	0.011228168834091164	0.016694644223371254
-3.848848848848849	0.011332221251992932	0.016814274128436963
-3.838838838838839	0.011444135176143167	0.01694447535989442
-3.828828828828829	0.011564310930723272	0.01708572474998389
-3.818818818818819	0.011693184141078559	0.01723854167156032
-3.808808808808809	0.011831229164170178	0.017403491937327084
-3.798798798798799	0.011978962935573385	0.017581192160325658
-3.7887887887887888	0.01213694929120897	0.017772314637536948
-3.7787787787787788	0.012305803831421616	0.017977592828096467
-3.7687687687687688	0.012486199406162756	0.01819782750905405
-3.7587587587587588	0.012678872313163614	0.01843389370487331
-3.7487487487487487	0.012884629316782983	0.018686748502853755
-3.7387387387387387	0.013104355613852382	0.018957439885286993
-3.7287287287287287	0.013339023895406426	0.01924711673161943
-3.7187187187187187	0.013589704680058603	0.019557040170536336
-3.7087087087087087	0.013857578127451581	0.019888596493812326
-3.6986986986986987	0.01414394757944361	0.02024331188218972
-3.6886886886886887	0.01445025512473298	0.020622869239838658
-3.6786786786786787	0.014778099540840318	0.021029127489996552
-3.6686686686686687	0.015129257038970988	0.021464143752426564
-3.6586586586586587	0.015505705325237056	0.021930198906376652
-3.6486486486486487	0.015909651600362257	0.022429827144482318
-3.6386386386386387	0.01634356525493547	0.02296585024797062
-3.6286286286286287	0.0168102161856584	0.02354141746825707
-3.6186186186186187	0.01731271986889105	0.024160052091684713
-3.6086086086086087	0.017854590594058015	0.02482570600345491
-3.5985985985985987	0.018439804596405693	0.02554282386686232
-3.5885885885885886	0.0190728752587257	0.02631641891174156
-3.5785785785785786	0.01975894310315022	0.027152162805528773
-3.5685685685685686	0.020503884006367584	0.028056492690907243
-3.5585585585585586	0.021314439997502505	0.029036739257884806
-3.5485485485485486	0.022198378210663873	0.030101280729726346
-3.5385385385385386	0.02316468516385816	0.03125972895745659
-3.5285285285285286	0.02422380566451351	0.03252315553966259
-3.5185185185185186	0.025387938496724983	0.033904368156253695
-3.5085085085085086	0.0266714049108611	0.03541825032634313
-3.4984984984984986	0.02809111121905127	0.0370821818534756
-3.4884884884884886	0.02966713409626805	0.03891656270701275
-3.4784784784784786	0.031423467373029146	0.040945470585513094
-3.4684684684684686	0.03338898349572596	0.043197492758416736
-3.4584584584584586	0.035598683416680606	0.04570678723065777
-3.4484484484484486	0.038095338526853186	0.0485144486799519
-3.4384384384384385	0.040931672168383226	0.051670283799050906
-3.4284284284284285	0.04417329392603259	0.055235142978954765
-3.4184184184184185	0.047902699756047294	0.059284017493173316
-3.4084084084084085	0.052224805749586	0.0639102043235828
-3.3983983983983985	0.057274728070524764	0.06923098210592363
-3.3883883883883885	0.0632289175257523	0.07539546056216051
-3.3783783783783785	0.07032141383953491	0.08259561176580402
-3.3683683683683685	0.07886810418839259	0.09108205083754232
-3.3583583583583585	0.08930383907591903	0.10118706029660346
-3.3483483483483485	0.10224084252639033	0.11335893034958179
-3.3383383383383385	0.11856364072610842	0.12821445843711254
-3.3283283283283285	0.1395891796532796	0.14662148764452165
-3.3183183183183185	0.16734886805974564	0.1698328805953833
-3.3083083083083085	0.20511155151327978	0.19971212789463
-3.2982982982982985	0.2584149820603146	0.23912989346196947
-3.2882882882882885	0.33726032861019123	0.2926971388178583
-3.2782782782782784	0.4612482529170629	0.36820509167854615
-3.2682682682682684	0.6731862558022237	0.4796703508948068
-3.2582582582582584	1.0817538679473404	0.6543957611893326
-3.2482482482482484	2.0321291303883835	0.9513946747610769
-3.2382382382382384	5.105279597902702	1.5176001001515145
-3.2282282282282284	23.071730127944377	2.800198914781383
-3.2182182182182184	23.665749826688117	6.611483920158717
-3.2082082082082084	4.986234660194965	21.22116224116011
-3.1981981981981984	1.8998561720760476	19.73024095330519
-3.1881881881881884	0.9727932543649784	5.950277039236403
-3.1781781781781784	0.5834750530648858	2.4658015213673115
-3.1681681681681684	0.38569541155596104	1.2993427861178555
-3.1581581581581584	0.2722308667442598	0.7893141340640495
-3.1481481481481484	0.20141888548592424	0.5251330904924195
-3.1381381381381384	0.15441214211947185	0.3719284339926739
-3.1281281281281283	0.1217005072270859	0.275684785808935
-3.118118118118118	0.09807337804256844	0.21152556080089585
-3.108108108108108	0.08048603241260548	0.16675242262117387
-3.098098098098098	0.06706486401167519	0.1343525237531658
-3.088088088088088	0.05660685447308827	0.11020464621698053
-3.078078078078078	0.04831159668627248	0.09176203568690526
-3.068068068068068	0.041630228726073325	0.07738421386031763
-3.058058058058058	0.03617648141495254	0.06597701476291802
-3.048048048048048	0.03167230943710104	0.05678868259662677
-3.038038038038038	0.027913568947081253	0.04928934759425003
-3.028028028028028	0.02474772895372058	0.04309713238635969
-3.018018018018018	0.022059031671193045	0.03793138601100652
-3.008008008008008	0.01975839074419668	0.033582251124053
-2.997997997997998	0.017776376786436496	0.029890366709213405
-2.987987987987988	0.016058258830742283	0.026733030913816496
-2.977977977977978	0.014560441929087224	0.024014580932315087
-2.967967967967968	0.013247869849432901	0.021659585373672446
-2.957957957957958	0.012092105780686558	0.019607949045131336
-2.947947947947948	0.011069896459300307	0.01781134118913134
-2.937937937937938	0.010162085693779167	0.016230554387363077
-2.9279279279279278	0.009352783603415968	0.014833527593164444
-2.9179179179179178	0.008628725187506502	0.013593849521719265
-2.9079079079079078	0.007978770588491344	0.012489613825305326
-2.8978978978978978	0.007393512463081286	0.011502534874765503
-2.8878878878878878	0.0068649650750531215	0.01061725867221331
-2.8778778778778777	0.00638631628575272	0.00982082132775486
-2.8678678678678677	0.005951728350650738	0.009102220166658959
-2.8578578578578577	0.0055561768784818215	0.008452071550804229
-2.8478478478478477	0.005195319846201763	0.007862336005377295
-2.8378378378378377	0.004865390446239952	0.007326095985307132
-2.8278278278278277	0.004563108952593774	0.006837375107660694
-2.8178178178178177	0.004285609856654642	0.006390990269203611
-2.8078078078078077	0.004030381333188437	0.005982430010913517
-2.7977977977977977	0.003795214717041252	0.005607753957785923
-2.7877877877877877	0.003578162149519367	0.005263509278183483
-2.7777777777777777	0.003377500924788835	0.004946660962116433
-2.7677677677677677	0.0031917033566904165	0.004654533377491458
-2.7577577577577577	0.003019411214439319	0.0043847610757614276
-2.7477477477477477	0.002859413955697581	0.004135247218634203
-2.7377377377377377	0.0027106301286755857	0.003904128312114081
-2.7277277277277276	0.0025720914291605147	0.0036897441827234393
-2.7177177177177176	0.0024429289900335218	0.003490612328335097
-2.7077077077077076	0.0023223615547681036	0.003305405933729535
-2.6976976976976976	0.0022096852462233493	0.0031329349675959985
-2.6876876876876876	0.0021042646907129753	0.002972129879741488
-2.6776776776776776	0.0020055252970848634	0.002822027499884703
-2.6676676676676676	0.0019129465230993117	0.002681758806635123
-2.6576576576576576	0.001826055988224596	0.002550538290125634
-2.6476476476476476	0.001744424314081631	0.002427654676756411
-2.6376376376376376	0.0016676605921538813	0.002312462821518629
-2.6276276276276276	0.0015954083936054768	0.002204376603979943
-2.6176176176176176	0.0015273422488185158	0.0021028626892935823
-2.6076076076076076	0.0014631645348804829	0.0020074350367529355
-2.5975975975975976	0.0014026027182351159	0.0019176500559094005
-2.5875875875875876	0.0013454069072269866	0.0018331023250631104
-2.5775775775775776	0.0012913476756162133	0.0017534207992367435
-2.5675675675675675	0.0012402141235724003	0.0016782654452047773
-2.5575575575575575	0.001191812147170727	0.0016073242498422721
-2.5475475475475475	0.0011459628913560798	0.0015403105556098687
-2.5375375375375375	0.0011025013646321729	0.0014769606832078076
-2.5275275275275275	0.0010612751965778512	0.0014170318068543574
-2.5175175175175175	0.001022143521744434	0.0013603000522248681
-2.5075075075075075	0.0009849759755606012	0.0013065587909797127
-2.4974974974974975	0.0009496517896709171	0.001255617109213022
-2.4874874874874875	0.0009160589757284643	0.0012072984300132204
-2.4774774774774775	0.0008840935879539629	0.0011614392728039934
-2.4674674674674675	0.0008536590559630254	0.0011178881343291416
-2.4574574574574575	0.000824665580390564	0.00107650447793146
-2.4474474474474475	0.0007970295847041629	0.0010371578194469265
-2.4374374374374375	0.0007706732173522477	0.0009997268993869753
-2.4274274274274275	0.0007455238991003922	0.0009640989323259803
-2.4174174174174174	0.0007215139109508569	0.0009301689254369703
-2.4074074074074074	0.0006985800186029074	0.0008978390590859785
-2.3973973973973974	0.0006766631298048073	0.0008670181231476304
-2.3873873873873874	0.0006557079814016196	0.0008376210034728834
-2.3773773773773774	0.000635662853182313	0.000809568213502233
-2.3673673673673674	0.0006164793059758056	0.0007827854666136368
-2.3573573573573574	0.000598111941693411	0.0007572032852350291
-2.3473473473473474	0.0005805181832603092	0.0007327566432068854
-2.3373373373373374	0.0005636580725962517	0.0007093846382192552
-2.3273273273273274	0.0005474940849913156	0.0006870301915218284
-2.3173173173173174	0.0005319909583862927	0.0006656397723551491
-2.3073073073073074	0.0005171155362306997	0.0006451631448421622
-2.2972972972972974	0.0005028366226937728	0.0006255531352885258
-2.2872872872872874	0.0004891248491612274	0.000606765418063737
-2.2772772772772774	0.0004759525510232233	0.0005887583184036159
-2.2672672672672673	0.00046329365387457963	0.0005714926306367895
-2.2572572572572573	0.00045112356831807874	0.0005549314504986818
-2.2472472472472473	0.00043941909264627664	0.0005390400203136765
-2.2372372372372373	0.0004281583227495268	0.0005237855859300284
-2.2272272272272273	0.0004173205686335569	0.0005091372644324542
-2.2172172172172173	0.000406886277026385	0.0004950659217157444
-2.2072072072072073	0.0003968369595608684	0.00048154405909412736
-2.1971971971971973	0.0003871551260987568	0.000468545708221844
-2.1871871871871873	0.00037782422276894296	0.0004560463336201492
-2.1771771771771773	0.00036882857436256795	0.00044402274222040083
-2.1671671671671673	0.00036015333073972537	0.00043245299934447593
-2.1571571571571573	0.0003517844169233532	0.0004213163506182817
-2.1471471471471473	0.0003437084866167033	0.00041059314935178127
-2.1371371371371373	0.00033591287886754515	0.0004002647889566434
-2.1271271271271273	0.00032838557764594843	0.00039031364000932027
-2.1171171171171173	0.0003211151741209701	0.0003807229916172332
-2.1071071071071072	0.00031409083142565776	0.0003714769967366142
-2.0970970970970972	0.0003073022517388202	0.00036256062117101534
-2.0870870870870872	0.0003007396455018442	0.00035395959595639533
-2.0770770770770772	0.00029439370262671305	0.0003456603728908141
-2.067067067067067	0.0002882555655460354	0.0003376500829718225
-2.057057057057057	0.00028231680396993366	0.00032991649753592937
-2.047047047047047	0.0002765693912385755	0.0003224479919042056
-2.037037037037037	0.0002710056821495996	0.00031523351134302423
-2.027027027027027	0.00026561839216417176	0.0003082625391952457
-2.017017017017017	0.0002604005778870986	0.0003015250670042139
-2.007007007007007	0.00025534561874680203	0.00029501156652039063
-1.996996996996997	0.00025044719978271684	0.0002887129634248525
-1.986986986986987	0.0002456992954641579	0.0002826206126863858
-1.976976976976977	0.0002410961544862429	0.00027672627541277465
-1.966966966966967	0.00023663228545659995	0.0002710220971087127
-1.956956956956957	0.00023230244343179368	0.00026550058724556284
-1.946946946946947	0.00022810161723998157	0.00026015460004819875
-1.936936936936937	0.0002240250175349738	0.0002549773164226759
-1.926926926926927	0.00022006806554346334	0.0002499622269483888
-1.916916916916917	0.00021622638245619557	0.0002451031158674641
-1.906906906906907	0.00021249577941589342	0.00024039404600224485
-1.896896896896897	0.00020887224808048007	0.0002358293445423698
-1.8868868868868869	0.00020535195170504162	0.00023140358964846377
-1.8768768768768769	0.0002019312167257829	0.000227111597815268
-1.8668668668668669	0.0001986065248115273	0.0002229484119554181
-1.8568568568568569	0.00019537450534499028	0.00021890929014138538
-1.8468468468468469	0.0001922319283201268	0.0002149896949883622
-1.8368368368368369	0.0001891756976221301	0.00021118528361376276
-1.8268268268268268	0.0001862028446693533	0.0002074918981605798
-1.8168168168168168	0.0001833105223982096	0.000203905556829807
-1.8068068068068068	0.00018049599956275933	0.00020042244540480807
-1.7967967967967968	0.00017775665534073084	0.0001970389092328434
-1.7867867867867868	0.00017508997421713954	0.00019375144563887051
-1.7767767767767768	0.00017249354114310249	0.0001905566967397883
-1.7667667667667668	0.00016996503693695873	0.0001874514426422308
-1.7567567567567568	0.00016750223392646588	0.00018443259499891347
-1.7467467467467468	0.00016510299181523463	0.00018149719090175128
-1.7367367367367368	0.00016276525375595165	0.00017864238709323218
-1.7267267267267268	0.0001604870426271842	0.00017586545447567724
-1.7167167167167168	0.00015826645749316212	0.00017316377290654575
-1.7067067067067068	0.00015610167024109498	0.00017053482625283673
-1.6966966966966968	0.00015399092238888877	0.00016797619770670473
-1.6866866866866868	0.0001519325220462672	0.00016548556532978788
-1.6766766766766767	0.00014992484102968	0.00016306069782200564
-1.6666666666666667	0.00014796631211260792	0.0001606994505078623
-1.6566566566566567	0.00014605542641388852	0.0001583997615150694
-1.6466466466466467	0.0001441907309114985	0.00015615964814508966
-1.6366366366366367	0.00014237082607386684	0.00015397720342208242
-1.6266266266266267	0.00014059436360585372	0.0001518505928091744
-1.6166166166166167	0.00013886004429973509	0.00014977805108552992
-1.6066066066066067	0.00013716661599065574	0.0001477578793718327
-1.5965965965965967	0.0001355128716067921	0.0001457884423030424
-1.5865865865865867	0.0001338976473075351	0.0001438681653297996
-1.5765765765765767	0.00013231982071454425	0.00014199553215443332
-1.5665665665665667	0.0001307783092170149	0.00014016908228599856
-1.5565565565565564	0.00012927206836190833	0.00013838740870518595
-1.5465465465465464	0.00012780009031275715	0.00013664915564886402
-1.5365365365365364	0.00012636140237936666	0.0001349530164867917
-1.5265265265265264	0.00012495506561658598	0.00013329773170403693
-1.5165165165165164	0.00012358017348342135	0.00013168208697308877
-1.5065065065065064	0.00012223585056293716	0.00013010491131364306
-1.4964964964964964	0.00012092125133983118	0.00012856507534017355
-1.4864864864864864	0.00011963555903049182	0.00012706148958277483
-1.4764764764764764	0.0001183779844674766	0.0001255931028917598
-1.4664664664664664	0.00011714776502860307	0.00012415890090367295
-1.4564564564564564	0.00011594416361752635	0.00012275790458522037
-1.4464464464464464	0.00011476646768521958	0.00012138916883834433
-1.4364364364364364	0.00011361398829494471	0.00012005178116460804
-1.4264264264264264	0.0001124860592271408	0.00011874486039128373
-1.4164164164164164	0.00011138203612161191	0.000117467555453346
-1.4064064064064064	0.00011030129565993343	0.00011621904422685184
-1.3963963963963963	0.00010924323477783609	0.00011499853241394415
-1.3863863863863863	0.00010820726991213468	0.00011380525247551223
-1.3763763763763763	0.00010719283628183837	0.00011263846260962785
-1.3663663663663663	0.0001061993871961853	0.00011149744577485573
-1.3563563563563563	0.00010522639339266581	0.00011038150875443547
-1.3463463463463463	0.00010427334240141672	0.00010928998125892908
-1.3363363363363363	0.00010333973793845853	0.00010822221506848306
-1.3263263263263263	0.00010242509932094206	0.00010717758321010378
-1.3163163163163163	0.00010152896090604792	0.000106155479168128
-1.3063063063063063	0.00010065087155748099	0.00010515531613293732
-1.2962962962962963	9.979039412504672e-5	0.00010417652627241535
-1.2862862862862863	9.894710495411049e-5	0.00010321856004097295
-1.2762762762762763	9.812059340916485e-5	0.00010228088551184274
-1.2662662662662663	9.731046141657017e-5	0.00010136298773990191
-1.2562562562562563	9.651632302812959e-5	0.00010046436814794626
-1.2462462462462462	9.573780400105187e-5	9.958454394063676e-5
-1.2362362362362362	9.497454139200679e-5	9.87230475389692e-5
-1.2262262262262262	9.422618317100589e-5	9.787942603992888e-5
-1.2162162162162162	9.349238784582846e-5	9.705324069747705e-5
-1.2062062062062062	9.277282410611635e-5	9.624406642083253e-5
-1.1961961961961962	9.206717047661207e-5	9.54514912989439e-5
-1.1861861861861862	9.13751149871291e-5	9.467511613680757e-5
-1.1761761761761762	9.069635485113879e-5	9.391455401631715e-5
-1.1661661661661662	9.00305961644497e-5	9.316942986937744e-5
-1.1561561561561562	8.937755360321725e-5	9.243938007050498e-5
-1.1461461461461462	8.87369501470109e-5	9.172405204485686e-5
-1.1361361361361362	8.810851680060526e-5	9.102310388910496e-5
-1.1261261261261262	8.74919923340143e-5	9.033620401202077e-5
-1.1161161161161162	8.688712302904731e-5	8.966303078201974e-5
-1.1061061061061062	8.629366243337205e-5	8.900327219450439e-5
-1.0960960960960962	8.571137113101169e-5	8.835662554843937e-5
-1.0860860860860861	8.514001651121481e-5	8.772279713620901e-5
-1.0760760760760761	8.457937255356304e-5	8.710150194325099e-5
-1.0660660660660661	8.402921961907216e-5	8.649246336340984e-5
-1.0560560560560561	8.348934424518603e-5	8.5895412919826e-5
-1.0460460460460461	8.295953895503063e-5	8.531009000085157e-5
-1.0360360360360361	8.243960206643496e-5	8.47362416015853e-5
-1.026026026026026	8.192933751442737e-5	8.417362207924105e-5
-1.016016016016016	8.142855467518556e-5	8.362199291234297e-5
-1.006006006006006	8.09370681968993e-5	8.3081122475543e-5
-0.995995995995996	8.045469784011877e-5	8.255078581529177e-5
-0.985985985985986	7.998126832114606e-5	8.203076444061436e-5
-0.975975975975976	7.951660915886353e-5	8.152084611590785e-5
-0.965965965965966	7.906055453325972e-5	8.102082466485483e-5
-0.955955955955956	7.861294314176054e-5	8.053049978020584e-5
-0.9459459459459459	7.817361806610193e-5	8.004967684011476e-5
-0.9359359359359359	7.774242664134258e-5	7.957816673028652e-5
-0.9259259259259259	7.73192203277762e-5	7.911578567691886e-5
-0.9159159159159159	7.690385459217471e-5	7.866235507859181e-5
-0.9059059059059059	7.649618879011614e-5	7.821770134959937e-5
-0.8958958958958959	7.609608604973038e-5	7.778165576777623e-5
-0.8858858858858859	7.5703413164935e-5	7.735405432578707e-5
-0.8758758758758759	7.531804048974028e-5	7.693473758882616e-5
-0.8658658658658659	7.493984183323926e-5	7.652355055869241e-5
-0.8558558558558559	7.456869436608542e-5	7.612034253999954e-5
-0.8458458458458459	7.420447851891425e-5	7.572496701357524e-5
-0.8358358358358359	7.384707789574947e-5	7.533728151250181e-5
-0.8258258258258259	7.349637918195454e-5	7.495714750214401e-5
-0.8158158158158159	7.315227206077711e-5	7.458443026654446e-5
-0.8058058058058059	7.281464912700194e-5	7.421899879869749e-5
-0.7957957957957958	7.248340580834224e-5	7.38607256895034e-5
-0.7857857857857858	7.21584402908514e-5	7.350948702850401e-5
-0.7757757757757757	7.18396534379005e-5	7.316516230082162e-5
-0.7657657657657657	7.152694872360793e-5	7.282763429348599e-5
-0.7557557557557557	7.1220232158251e-5	7.249678899930165e-5
-0.7457457457457457	7.091941222332887e-5	7.217251553022056e-5
-0.7357357357357357	7.062439980552683e-5	7.185470602769031e-5
-0.7257257257257257	7.033510813243285e-5	7.15432555793461e-5
-0.7157157157157157	7.005145271269842e-5	7.123806213886197e-5
-0.7057057057057057	6.977335127493499e-5	7.093902644696928e-5
-0.6956956956956957	6.950072371281745e-5	7.064605195472225e-5
-0.6856856856856857	6.923349202833235e-5	7.03590447533139e-5
-0.6756756756756757	6.897158027778436e-5	7.00779134991054e-5
-0.6656656656656657	6.871491452075159e-5	6.980256934920166e-5
-0.6556556556556556	6.846342276966087e-5	6.95329258925804e-5
-0.6456456456456456	6.82170349423633e-5	6.926889908941602e-5
-0.6356356356356356	6.797568281386723e-5	6.901040720525818e-5
-0.6256256256256256	6.773929997027454e-5	6.875737075544435e-5
-0.6156156156156156	6.750782176842909e-5	6.850971244492667e-5
-0.6056056056056056	6.728118528918201e-5	6.826735711381639e-5
-0.5955955955955956	6.705932929929429e-5	6.803023168344971e-5
-0.5855855855855856	6.684219421068105e-5	6.779826510339731e-5
-0.5755755755755756	6.662972204181265e-5	6.757138830282348e-5
-0.5655655655655656	6.642185638156253e-5	6.734953414113022e-5
-0.5555555555555556	6.621854235117112e-5	6.713263736072145e-5
-0.5455455455455456	6.60197265721372e-5	6.6920634541808e-5
-0.5355355355355356	6.582535713107873e-5	6.67134640594892e-5
-0.5255255255255256	6.563538354739738e-5	6.651106603954455e-5
-0.5155155155155156	6.544975674246527e-5	6.631338232000084e-5
-0.5055055055055055	6.526842900724063e-5	6.612035640914399e-5
-0.4954954954954955	6.509135397641249e-5	6.593193345005453e-5
-0.4854854854854855	6.491848659622951e-5	6.574806017958504e-5
-0.4754754754754755	6.474978310116762e-5	6.556868489755584e-5
-0.46546546546546547	6.458520098201699e-5	6.539375742902816e-5
-0.45545545545545546	6.442469896552748e-5	6.52232290926016e-5
-0.44544544544544545	6.426823698684726e-5	6.505705266783083e-5
-0.43543543543543545	6.41157761654882e-5	6.489518236427451e-5
-0.42542542542542544	6.396727878455385e-5	6.473757379211808e-5
-0.41541541541541543	6.382270826436812e-5	6.458418393192459e-5
-0.40540540540540543	6.368202914543297e-5	6.443497110922786e-5
-0.3953953953953954	6.354520706532008e-5	6.428989496560092e-5
-0.38538538538538536	6.341220873793039e-5	6.414891643337776e-5
-0.37537537537537535	6.328300193579186e-5	6.401199771217806e-5
-0.36536536536536535	6.315755547034417e-5	6.387910224189541e-5
-0.35535535535535534	6.303583917546021e-5	6.375019468366484e-5
-0.34534534534534533	6.291782388787197e-5	6.362524089319329e-5
-0.3353353353353353	6.280348143272974e-5	6.350420790284637e-5
-0.3253253253253253	6.269278460633349e-5	6.338706389918136e-5
-0.3153153153153153	6.258570715987227e-5	6.327377820464511e-5
-0.3053053053053053	6.248222378771327e-5	6.316432125700644e-5
-0.2952952952952953	6.238231010999285e-5	6.305866459093443e-5
-0.2852852852852853	6.228594266003456e-5	6.295678082205504e-5
-0.2752752752752753	6.219309887143173e-5	6.285864363109627e-5
-0.2652652652652653	6.210375706690149e-5	6.276422774273072e-5
-0.2552552552552553	6.201789644152745e-5	6.267350891632308e-5
-0.24524524524524524	6.193549705799961e-5	6.258646392752458e-5
-0.23523523523523523	6.185653983010179e-5	6.250307055480878e-5
-0.22522522522522523	6.178100651420592e-5	6.242330756766029e-5
-0.21521521521521522	6.17088797004472e-5	6.234715471009308e-5
-0.20520520520520522	6.164014280083859e-5	6.227459269419335e-5
-0.19519519519519518	6.157478004263048e-5	6.22056031830205e-5
-0.18518518518518517	6.151277645692788e-5	6.214016878269196e-5
-0.17517517517517517	6.14541178740007e-5	6.207827303175843e-5
-0.16516516516516516	6.139879091150481e-5	6.201990038983099e-5
-0.15515515515515516	6.134678297248225e-5	6.196503623058782e-5
-0.14514514514514515	6.129808223223015e-5	6.191366683163433e-5
-0.13513513513513514	6.125267763859853e-5	6.186577936644514e-5
-0.12512512512512514	6.121055890011269e-5	6.182136189844264e-5
-0.11511511511511512	6.117171648457776e-5	6.178040337065889e-5
-0.10510510510510511	6.113614161169589e-5	6.174289360319637e-5
-0.09509509509509509	6.110382625045919e-5	6.170882328409948e-5
-0.08508508508508508	6.107476311191081e-5	6.167818396575207e-5
-0.07507507507507508	6.10489456478853e-5	6.165096805910111e-5
-0.06506506506506507	6.102636804649668e-5	6.162716882980128e-5
-0.055055055055055056	6.100702522885852e-5	6.160678039243684e-5
-0.04504504504504504	6.0990912846188996e-5	6.158979771042064e-5
-0.035035035035035036	6.0978027279087725e-5	6.15762165902537e-5
-0.025025025025025027	6.096836563421664e-5	6.156603368048021e-5
-0.015015015015015015	6.096192574191113e-5	6.155924646865097e-5
-0.005005005005005005	6.095870615668481e-5	6.155585328159194e-5
0.005005005005005005	6.095870615679578e-5	6.155585328159188e-5
0.015015015015015015	6.096192574179992e-5	6.155924646865081e-5
0.025025025025025027	6.0968365634549435e-5	6.156603368081302e-5
0.035035035035035036	6.097802727930938e-5	6.157621659003126e-5
0.04504504504504504	6.09909128462995e-5	6.158979771019804e-5
0.055055055055055056	6.100702522841398e-5	6.160678039243623e-5
0.06506506506506507	6.102636804638497e-5	6.162716882980045e-5
0.07507507507507508	6.104894564799545e-5	6.16509680593227e-5
0.08508508508508508	6.107476311179907e-5	6.167818396586164e-5
0.09509509509509509	6.11038262505696e-5	6.170882328443136e-5
0.10510510510510511	6.113614161191677e-5	6.174289360330635e-5
0.11511511511511512	6.117171648446563e-5	6.17804033707692e-5
0.12512512512512514	6.12105588999998e-5	6.182136189832984e-5
0.13513513513513514	6.125267763826426e-5	6.186577936655388e-5
0.14514514514514515	6.129808223222882e-5	6.191366683152206e-5
0.15515515515515516	6.134678297225953e-5	6.196503623058617e-5
0.16516516516516516	6.139879091172339e-5	6.201990038982925e-5
0.17517517517517517	6.145411787377782e-5	6.20782730314229e-5
0.18518518518518517	6.151277645692496e-5	6.214016878257884e-5
0.19519519519519518	6.157478004273868e-5	6.220560318290837e-5
0.20520520520520522	6.164014280127945e-5	6.227459269418982e-5
0.21521521521521522	6.17088797008877e-5	6.23471547101988e-5
0.22522522522522523	6.178100651453381e-5	6.242330756677257e-5
0.23523523523523523	6.185653982976762e-5	6.250307055491665e-5
0.24524524524524524	6.193549705788795e-5	6.258646392719015e-5
0.2552552552552553	6.201789644152469e-5	6.267350891620588e-5
0.2652652652652653	6.210375706634172e-5	6.27642277425062e-5
0.2752752752752753	6.219309887164642e-5	6.285864363087134e-5
0.2852852852852853	6.228594266014325e-5	6.295678082249095e-5
0.2952952952952953	6.238231010976376e-5	6.305866459104348e-5
0.3053053053053053	6.248222378748818e-5	6.316432125689537e-5
0.3153153153153153	6.258570715998489e-5	6.327377820497401e-5
0.3253253253253253	6.269278460621126e-5	6.338706389928496e-5
0.3353353353353353	6.280348143272644e-5	6.350420790306124e-5
0.34534534534534533	6.291782388809054e-5	6.36252408932941e-5
0.35535535535535534	6.303583917567607e-5	6.375019468344184e-5
0.36536536536536535	6.315755547044794e-5	6.387910224221902e-5
0.37537537537537535	6.328300193578546e-5	6.401199771205701e-5
0.38538538538538536	6.341220873792746e-5	6.414891643348164e-5
0.3953953953953954	6.35452070654225e-5	6.428989496570556e-5
0.40540540540540543	6.368202914576084e-5	6.443497110955337e-5
0.41541541541541543	6.382270826435972e-5	6.458418393213499e-5
0.42542542542542544	6.396727878454708e-5	6.47375737918892e-5
0.43543543543543545	6.411577616581446e-5	6.489518236459557e-5
0.44544544544544545	6.426823698684114e-5	6.505705266815747e-5
0.45545545545545546	6.442469896585342e-5	6.522322909259217e-5
0.46546546546546547	6.458520098167127e-5	6.539375742891469e-5
0.4754754754754755	6.474978310105031e-5	6.556868489732334e-5
0.4854854854854855	6.491848659677377e-5	6.57480601794565e-5
0.4954954954954955	6.509135397640073e-5	6.593193344993184e-5
0.5055055055055055	6.526842900744849e-5	6.612035640980046e-5
0.5155155155155156	6.544975674201801e-5	6.63133823201007e-5
0.5255255255255256	6.563538354749832e-5	6.65110660395336e-5
0.5355355355355356	6.582535713095404e-5	6.671346405924989e-5
0.5455455455455456	6.60197265720203e-5	6.692063454178448e-5
0.5555555555555556	6.621854235093487e-5	6.713263736059317e-5
0.5655655655655656	6.642185638143893e-5	6.734953414144575e-5
0.5755755755755756	6.662972204202083e-5	6.757138830314452e-5
0.5855855855855856	6.684219421077938e-5	6.779826510325496e-5
0.5955955955955956	6.705932929961696e-5	6.803023168331612e-5
0.6056056056056056	6.728118528916358e-5	6.826735711401958e-5
0.6156156156156156	6.750782176829476e-5	6.850971244489761e-5
0.6256256256256256	6.773929997037041e-5	6.87573707555352e-5
0.6356356356356356	6.797568281373711e-5	6.901040720546399e-5
0.6456456456456456	6.821703494245687e-5	6.926889908916372e-5
0.6556556556556556	6.846342276986743e-5	6.953292589277633e-5
0.6656656656656657	6.871491452039366e-5	6.980256934906332e-5
0.6756756756756757	6.897158027765317e-5	7.007791349896714e-5
0.6856856856856857	6.923349202886876e-5	7.035904475328636e-5
0.6956956956956957	6.950072371302142e-5	7.064605195501978e-5
0.7057057057057057	6.97733512752374e-5	7.093902644693838e-5
0.7157157157157157	7.005145271267544e-5	7.123806213849461e-5
0.7257257257257257	7.033510813253283e-5	7.154325557942633e-5
0.7357357357357357	7.062439980549799e-5	7.185470602731557e-5
0.7457457457457457	7.091941222329786e-5	7.21725155306313e-5
0.7557557557557557	7.122023215833926e-5	7.249678899948294e-5
0.7657657657657657	7.152694872347349e-5	7.282763429332727e-5
0.7757757757757757	7.183965343819521e-5	7.316516230077804e-5
0.7857857857857858	7.215844029082733e-5	7.35094870284576e-5
0.7957957957957958	7.248340580874992e-5	7.38607256897903e-5
0.8058058058058059	7.281464912685274e-5	7.421899879886229e-5
0.8158158158158159	7.315227206062164e-5	7.458443026671598e-5
0.8258258258258259	7.349637918236028e-5	7.495714750186383e-5
0.8358358358358359	7.384707789594052e-5	7.533728151220949e-5
0.8458458458458459	7.420447851864905e-5	7.572496701405234e-5
0.8558558558558559	7.45686943660594e-5	7.61203425400518e-5
0.8658658658658659	7.493984183352355e-5	7.652355055851872e-5
0.8758758758758759	7.531804048959716e-5	7.693473758841479e-5
0.8858858858858859	7.570341316510132e-5	7.735405432539282e-5
0.8958958958958959	7.60960860497883e-5	7.77816557680215e-5
0.9059059059059059	7.649618879017362e-5	7.821770134974598e-5
0.9159159159159159	7.690385459201055e-5	7.866235507852394e-5
0.9259259259259259	7.731922032717508e-5	7.911578567673215e-5
0.9359359359359359	7.774242664106522e-5	7.957816673030493e-5
0.9459459459459459	7.817361806594774e-5	8.004967684003085e-5
0.955955955955956	7.86129431417072e-5	8.053049978054566e-5
0.965965965965966	7.906055453330655e-5	8.102082466542343e-5
0.975975975975976	7.951660915867659e-5	8.152084611615204e-5
0.985985985985986	7.998126832084982e-5	8.203076444072625e-5
0.995995995995996	8.045469784038202e-5	8.255078581542234e-5
1.006006006006006	8.09370681966035e-5	8.3081122475543e-5
1.016016016016016	8.142855467520592e-5	8.36219929125607e-5
1.026026026026026	8.192933751433153e-5	8.417362207934948e-5
1.0360360360360361	8.243960206634779e-5	8.473624160188849e-5
1.0460460460460461	8.295953895450324e-5	8.531009000081214e-5
1.0560560560560561	8.348934424473973e-5	8.589541291957228e-5
1.0660660660660661	8.40292196188822e-5	8.649246336313356e-5
1.0760760760760761	8.45793725536888e-5	8.710150194310961e-5
1.0860860860860861	8.514001651144946e-5	8.772279713627146e-5
1.0960960960960962	8.571137113124025e-5	8.83566255487083e-5
1.1061061061061062	8.629366243379668e-5	8.900327219457161e-5
1.1161161161161162	8.688712302881311e-5	8.966303078196596e-5
1.1261261261261262	8.749199233421642e-5	9.033620401192927e-5
1.1361361361361362	8.81085168005762e-5	9.102310388935651e-5
1.1461461461461462	8.873695014698575e-5	9.172405204497265e-5
1.1561561561561562	8.937755360354427e-5	9.243938007063204e-5
1.1661661661661662	9.003059616451392e-5	9.316942986948457e-5
1.1761761761761762	9.069635485144891e-5	9.391455401617794e-5
1.1861861861861862	9.137511498687062e-5	9.467511613701966e-5
1.1961961961961962	9.206717047685755e-5	9.545149129893089e-5
1.2062062062062062	9.277282410595848e-5	9.624406642122245e-5
1.2162162162162162	9.349238784632856e-5	9.705324069761366e-5
1.2262262262262262	9.422618317071052e-5	9.787942604015226e-5
1.2362362362362362	9.497454139199722e-5	9.872304753872111e-5
1.2462462462462462	9.573780400116553e-5	9.958454394043466e-5
1.2562562562562563	9.651632302826056e-5	0.00010046436814815446
1.2662662662662663	9.731046141620585e-5	0.00010136298773987546
1.2762762762762763	9.812059340905077e-5	0.00010228088551205396
1.2862862862862863	9.894710495446007e-5	0.00010321856004140582
1.2962962962962963	9.979039412534337e-5	0.0001041765262725984
1.3063063063063063	0.00010065087155709411	0.0001051553161329486
1.3163163163163163	0.00010152896090598806	0.00010615547916777581
1.3263263263263263	0.00010242509932042246	0.00010717758320988866
1.3363363363363363	0.00010333973793851054	0.00010822221506900267
1.3463463463463463	0.00010427334240156939	0.00010928998125965688
1.3563563563563563	0.00010522639339287054	0.00011038150875451353
1.3663663663663663	0.00010619938719620872	0.00011149744577489216
1.3763763763763763	0.00010719283628200405	0.00011263846260949081
1.3863863863863863	0.0001082072699124747	0.00011380525247515306
1.3963963963963963	0.00010924323477745007	0.00011499853241414539
1.4064064064064064	0.00011030129566010171	0.00011621904422743132
1.4164164164164164	0.00011138203612147224	0.00011746755545403476
1.4264264264264264	0.00011248605922730648	0.00011874486039142429
1.4364364364364364	0.00011361398829541488	0.00012005178116499405
1.4464464464464464	0.00011476646768557091	0.00012138916883860458
1.4564564564564564	0.00011594416361741012	0.00012275790458551444
1.4664664664664664	0.00011714776502856057	0.00012415890090394533
1.4764764764764764	0.00011837798446718684	0.00012559310289266112
1.4864864864864864	0.00011963555903041202	0.00012706148958390083
1.4964964964964964	0.0001209212513397479	0.00012856507534057693
1.5065065065065064	0.00012223585056302306	0.00013010491131407593
1.5165165165165164	0.00012358017348327734	0.00013168208697317033
1.5265265265265264	0.0001249550656163778	0.0001332977317044984
1.5365365365365364	0.0001263614023791732	0.00013495301648701292
1.5465465465465464	0.00012780009031265738	0.0001366491556496335
1.5565565565565564	0.00012927206836187277	0.00013838740870556504
1.5665665665665667	0.00013077830921727514	0.00014016908228629092
1.5765765765765767	0.00013231982071480012	0.00014199553215480371
1.5865865865865867	0.00013389764730789946	0.00014386816533000694
1.5965965965965967	0.0001355128716065041	0.00014578844230327665
1.6066066066066067	0.00013716661599088645	0.0001477578793729778
1.6166166166166167	0.00013886004429949567	0.0001497780510858344
1.6266266266266267	0.00014059436360581296	0.00015185059280969665
1.6366366366366367	0.00014237082607412534	0.00015397720342271394
1.6466466466466467	0.00014419073091180557	0.00015615964814519377
1.6566566566566567	0.00014605542641422681	0.00015839976151552573
1.6666666666666667	0.00014796631211251248	0.00016069945050838628
1.6766766766766767	0.0001499248410302751	0.00016306069782250705
1.6866866866866868	0.00015193252204678248	0.00016548556532986595
1.6966966966966968	0.000153990922389208	0.0001679761977079314
1.7067067067067068	0.0001561016702415426	0.0001705348262535984
1.7167167167167168	0.00015826645749329916	0.00017316377290688752
1.7267267267267268	0.0001604870426276839	0.00017586545447692125
1.7367367367367368	0.00016276525375644613	0.00017864238709359997
1.7467467467467468	0.00016510299181517565	0.00018149719090247482
1.7567567567567568	0.00016750223392650573	0.00018443259499934897
1.7667667667667668	0.0001699650369374983	0.00018745144264270967
1.7767767767767768	0.00017249354114359696	0.00019055669674111387
1.7867867867867868	0.0001750899742173842	0.00019375144564031407
1.7967967967967968	0.00017775665534033001	0.00019703890923397809
1.8068068068068068	0.00018049599956340473	0.00020042244540582655
1.8168168168168168	0.00018331052239873704	0.0002039055568311326
1.8268268268268268	0.00018620284467009418	0.00020749189816192103
1.8368368368368369	0.0001891756976226072	0.00021118528361493917
1.8468468468468469	0.0001922319283206525	0.00021498969498860338
1.8568568568568569	0.00019537450534565652	0.0002189092901424924
1.8668668668668669	0.00019860652481206687	0.00022294841195670556
1.8768768768768769	0.0002019312167259894	0.0002271115978174126
1.8868868868868869	0.0002053519517050833	0.00023140358964992132
1.896896896896897	0.00020887224808102312	0.00023582934454355139
1.906906906906907	0.000212495779416551	0.00024039404600362775
1.916916916916917	0.0002162263824562528	0.0002451031158690587
1.926926926926927	0.00022006806554435518	0.00024996222694954786
1.936936936936937	0.00022402501753522193	0.0002549773164248015
1.946946946946947	0.00022810161724049868	0.00026015460005028785
1.956956956956957	0.00023230244343202443	0.00026550058724730146
1.966966966966967	0.00023663228545712047	0.0002710220971105
1.976976976976977	0.00024109615448680166	0.00027672627541455843
1.986986986986987	0.0002456992954646576	0.00028262061268868324
1.996996996996997	0.00025044719978325477	0.0002887129634272575
2.007007007007007	0.0002553456187480132	0.0002950115665227366
2.017017017017017	0.000260400577888157	0.0003015250670067613
2.027027027027027	0.00026561839216492826	0.00030826253919802207
2.037037037037037	0.0002710056821507588	0.000315233511345936
2.047047047047047	0.0002765693912390822	0.0003224479919068814
2.057057057057057	0.00028231680397059996	0.00032991649753876483
2.067067067067067	0.00028825556554739576	0.0003376500829744706
2.0770770770770772	0.0002943937026274731	0.000345660372894073
2.0870870870870872	0.0003007396455027188	0.0003539595959597549
2.0970970970970972	0.00030730225173961485	0.0003625606211742987
2.1071071071071072	0.00031409083142740343	0.0003714769967404667
2.1171171171171173	0.0003211151741223722	0.0003807229916207838
2.1271271271271273	0.0003283855776472534	0.0003903136400138254
2.1371371371371373	0.00033591287886871826	0.000400264788960194
2.1471471471471473	0.00034370848661777914	0.0004105931493564843
2.1571571571571573	0.0003517844169252239	0.0004213163506225405
2.1671671671671673	0.0003601533307409019	0.0004324529993491444
2.1771771771771773	0.0003688285743644004	0.0004440227422259128
2.1871871871871873	0.00037782422277017857	0.0004560463336254911
2.1971971971971973	0.0003871551261001313	0.0004685457082273978
2.2072072072072073	0.0003968369595628468	0.0004815440591003268
2.2172172172172173	0.0004068862770280753	0.0004950659217215447
2.2272272272272273	0.0004173205686358477	0.0005091372644387892
2.2372372372372373	0.0004281583227517274	0.0005237855859362801
2.2472472472472473	0.0004394190926491645	0.0005390400203208935
2.2572572572572573	0.00045112356831953656	0.0005549314505070305
2.2672672672672673	0.0004632936538765581	0.0005714926306440343
2.2772772772772774	0.0004759525510254378	0.0005887583184114996
2.2872872872872874	0.000489124849163376	0.0006067654180729748
2.2972972972972974	0.0005028366226970774	0.0006255531352977324
2.3073073073073074	0.0005171155362336918	0.0006451631448523827
2.3173173173173174	0.0005319909583898403	0.000665639772365481
2.3273273273273274	0.000547494084994294	0.0006870301915320424
2.3373373373373374	0.0005636580726000147	0.0007093846382301085
2.3473473473473474	0.0005805181832644402	0.0007327566432184471
2.3573573573573574	0.0005981119416971257	0.0007572032852471744
2.3673673673673674	0.0006164793059792981	0.0007827854666257129
2.3773773773773774	0.0006356628531852985	0.0008095682135159484
2.3873873873873874	0.0006557079814064038	0.0008376210034876409
2.3973973973973974	0.0006766631298096747	0.0008670181231627565
2.4074074074074074	0.000698580018607393	0.0008978390591026469
2.4174174174174174	0.0007215139109555857	0.0009301689254537296
2.4274274274274275	0.0007455238991055795	0.0009640989323428928
2.4374374374374375	0.000770673217358567	0.0009997268994058886
2.4474474474474475	0.0007970295847101767	0.0010371578194661533
2.4574574574574575	0.0008246655803967863	0.0010765044779527924
2.4674674674674675	0.0008536590559691576	0.0011178881343513153
2.4774774774774775	0.0008840935879614566	0.0011614392728277797
2.4874874874874875	0.0009160589757364998	0.0012072984300377928
2.4974974974974975	0.0009496517896780223	0.001255617109239277
2.5075075075075075	0.0009849759755684846	0.0013065587910069277
2.5175175175175175	0.0010221435217539012	0.0013603000522552809
2.5275275275275275	0.0010612751965874787	0.00141703180688587
2.5375375375375375	0.0011025013646410924	0.0014769606832410174
2.5475475475475475	0.001145962891366813	0.0015403105556458397
2.5575575575575575	0.0011918121471810642	0.0016073242498798855
2.5675675675675675	0.0012402141235849616	0.001678265445244854
2.5775775775775776	0.0012913476756282053	0.0017534207992803128
2.5875875875875876	0.0013454069072399103	0.0018331023251069336
2.5975975975975976	0.001402602718250208	0.0019176500559588726
2.6076076076076076	0.001463164534894506	0.002007435036805624
2.6176176176176176	0.0015273422488342359	0.0021028626893494604
2.6276276276276276	0.0015954083936213224	0.0022043766040389565
2.6376376376376376	0.0016676605921721475	0.002312462821581933
2.6476476476476476	0.0017444243141015942	0.002427654676823241
2.6576576576576576	0.0018260559882458257	0.002550538290196953
2.6676676676676676	0.0019129465231212531	0.002681758806711711
2.6776776776776776	0.00200552529710771	0.0028220274999679125
2.6876876876876876	0.002104264690737827	0.002972129879830264
2.6976976976976976	0.0022096852462513052	0.0031329349676915675
2.7077077077077076	0.002322361554797941	0.003305405933832487
2.7177177177177176	0.0024429289900639467	0.0034906123284462708
2.7277277277277276	0.0025720914291949646	0.003689744182843201
2.7377377377377377	0.0027106301287125453	0.0039041283122416975
2.7477477477477477	0.00285941395573694	0.0041352472187744195
2.7577577577577577	0.003019411214482331	0.004384761075911241
2.7677677677677677	0.003191703356737112	0.004654533377654138
2.7777777777777777	0.0033775009248374886	0.004946660962295088
2.7877877877877877	0.003578162149573015	0.005263509278376788
2.7977977977977977	0.0037952147170981733	0.0056077539579948675
2.8078078078078077	0.004030381333250025	0.005982430011142058
2.8178178178178177	0.004285609856722712	0.0063909902694532505
2.8278278278278277	0.00456310895266663	0.006837375107933053
2.8378378378378377	0.004865390446320081	0.007326095985606547
2.8478478478478477	0.005195319846289312	0.007862336005706103
2.8578578578578577	0.005556176878577664	0.00845207155116567
2.8678678678678677	0.005951728350756028	0.009102220167056821
2.8778778778778777	0.006386316285868642	0.009820821328196117
2.8878878878878878	0.006864965075179663	0.010617258672701763
2.8978978978978978	0.007393512463224196	0.011502534875310956
2.9079079079079078	0.007978770588650088	0.01248961382591112
2.9179179179179178	0.008628725187683546	0.013593849522395219
2.9279279279279278	0.009352783603614375	0.014833527593922076
2.937937937937938	0.010162085693998932	0.016230554388219753
2.947947947947948	0.011069896459549849	0.017811341190097505
2.957957957957958	0.01209210578096259	0.01960794904623225
2.967967967967968	0.01324786984974711	0.021659585374924704
2.977977977977978	0.01456044192944476	0.02401458093375845
2.987987987987988	0.016058258831149707	0.02673303091547415
2.997997997997998	0.01777637678690394	0.029890366711135544
3.008008008008008	0.019758390744733997	0.0335822511262979
3.018018018018018	0.022059031671816137	0.037931386013647775
3.028028028028028	0.024747728954451313	0.043097132389487994
3.038038038038038	0.027913568947943716	0.04928934759798513
3.048048048048048	0.03167230943812377	0.056788682601156
3.058058058058058	0.0361764814161759	0.06597701476845451
3.068068068068068	0.04163022872755801	0.0773842138671845
3.078078078078078	0.04831159668809424	0.09176203569555774
3.088088088088088	0.05660685447534767	0.11020464622808082
3.098098098098098	0.06706486401452322	0.1343525237677201
3.108108108108108	0.08048603241627496	0.16675242264076187
3.118118118118118	0.09807337804739874	0.21152556082807514
3.1281281281281283	0.12170050723358954	0.275684785848198
3.1381381381381384	0.15441214212856355	0.37192843405225645
3.1481481481481484	0.2014188854990799	0.525133090589146
3.1581581581581584	0.27223086676438457	0.7893141342357215
3.1681681681681684	0.38569541158895737	1.2993427864649627
3.1781781781781784	0.583475053124527	2.465801522223178
3.1881881881881884	0.9727932544889459	5.950277042100831
3.1981981981981984	1.8998561724003937	19.730240963383515
3.2082082082082084	4.98623466147643	21.221162230190377
3.2182182182182184	23.665749835672827	6.611483917101629
3.2282282282282284	23.071730119058483	2.800198913911412
3.2382382382382384	5.105279596685546	1.5176000998117878
3.2482482482482484	2.0321291300826525	0.9513946745984168
3.2582582582582584	1.0817538678318288	0.6543957611003924
3.2682682682682684	0.6731862557475101	0.47967035084154996
3.2782782782782784	0.46124825288722143	0.36820509164447573
3.2882882882882885	0.3372603285923094	0.2926971387949745
3.2982982982982985	0.25841498204884883	0.23912989344601504
3.3083083083083085	0.2051115515055293	0.19971212788316814
3.3183183183183185	0.1673488680543136	0.16983288058695897
3.3283283283283285	0.13958917964934217	0.14662148763821978
3.3383383383383385	0.11856364072318823	0.12821445843232662
3.3483483483483485	0.10224084252420385	0.11335893034590949
3.3583583583583585	0.08930383907423735	0.101187060293761
3.3683683683683685	0.07886810418708969	0.09108205083534052
3.3783783783783785	0.07032141383852311	0.08259561176409701
3.3883883883883885	0.06322891752494826	0.07539546056083266
3.3983983983983985	0.05727472806989089	0.06923098210490515
3.4084084084084085	0.052224805749080186	0.0639102043228073
3.4184184184184185	0.04790269975564837	0.05928401749259216
3.4284284284284285	0.04417329392571904	0.05523514297853552
3.4384384384384385	0.040931672168137256	0.051670283798766835
3.4484484484484486	0.03809533852666474	0.04851444867977912
3.4584584584584586	0.03559868341654035	0.04570678723057749
3.4684684684684686	0.03338898349561808	0.043197492758409735
3.4784784784784786	0.03142346737295247	0.040945470585575475
3.4884884884884886	0.029667134096223107	0.03891656270712807
3.4984984984984986	0.02809111121902975	0.03708218185363543
3.5085085085085086	0.026671404910856452	0.03541825032654684
3.5185185185185186	0.025387938496740665	0.03390436815649183
3.5285285285285286	0.024223805664540698	0.032523155539932645
3.5385385385385386	0.023164685163900422	0.03125972895775053
3.5485485485485486	0.02219837821071608	0.03010128073004569
3.5585585585585586	0.021314439997561135	0.029036739258222786
3.5685685685685686	0.020503884006434263	0.02805649269126362
3.5785785785785786	0.019758943103228715	0.02715216280590337
3.5885885885885886	0.019072875258808724	0.02631641891213121
3.5985985985985987	0.018439804596493862	0.02554282386726373
3.6086086086086087	0.017854590594154472	0.02482570600386786
3.6186186186186187	0.01731271986899186	0.02416005209210766
3.6286286286286287	0.016810216185760965	0.023541417468695463
3.6386386386386387	0.016343565255044434	0.022965850248418098
3.6486486486486487	0.01590965160047419	0.022429827144934418
3.6586586586586587	0.015505705325353529	0.02193019890683858
3.6686686686686687	0.015129257039089149	0.02146414375289279
3.6786786786786787	0.014778099540961504	0.021029127490472827
3.6886886886886887	0.01445025512485879	0.020622869240322195
3.6986986986986987	0.014143947579569395	0.020243311882680175
3.7087087087087087	0.013857578127580313	0.019888596494310636
3.7187187187187187	0.013589704680191057	0.019557040171038976
3.7287287287287287	0.013339023895539918	0.01924711673212959
3.7387387387387387	0.01310435561399006	0.018957439885802355
3.7487487487487487	0.01288462931692104	0.01868674850337864
3.7587587587587588	0.012678872313303242	0.018433893705403933
3.7687687687687688	0.01248619940630243	0.01819782750958999
3.7787787787787788	0.012305803831567323	0.01797759282864
3.7887887887887888	0.012136949291355077	0.0177723146380851
3.798798798798799	0.011978962935721748	0.01758119216087901
3.808808808808809	0.011831229164319477	0.017403491937887337
3.818818818818819	0.01169318414123007	0.017238541672128748
3.828828828828829	0.011564310930878854	0.01708572475055728
3.838838838838839	0.011444135176301507	0.01694447536047509
3.848848848848849	0.011332221252151026	0.016814274129027286
3.858858858858859	0.011228168834250814	0.01669464422396689
3.868868868868869	0.01113160983543703	0.016585147861976627
3.878878878878879	0.011042205664249747	0.016485383177969333
3.888888888888889	0.010959644768778618	0.016394981414783735
3.898898898898899	0.0108836404329355	0.016313604397831902
3.908908908908909	0.010813928796621358	0.01624094226382261
3.918918918918919	0.010750267074914773	0.01617671141637353
3.928928928928929	0.010692431954523273	0.01612065268481891
3.938938938938939	0.010640218148466543	0.016072529665310913
3.948948948948949	0.010593437092229546	0.01603212722583291
3.958958958958959	0.010551915766742902	0.01599925015899877
3.968968968968969	0.010515495635229546	0.015973721968306005
3.978978978978979	0.010484031682494184	0.015955383775324572
3.988988988988989	0.010457391546640602	0.015944093336627517
3.998998998998999	0.010435454734273805	0.015939724160705483
4.009009009009009	0.010418111911341696	0.015942164716084
4.019019019019019	0.01040526426262071	0.01595131772304444
4.029029029029029	0.010396822913692611	0.015967099522089544
4.039039039039039	0.010392708409897162	0.015989439513147553
4.049049049049049	0.010392850247430386	0.016018279660276018
4.059059059059059	0.010397186452229274	0.016053574057113808
4.069069069069069	0.010405663202869411	0.016095288549050943
4.079079079079079	0.010418234494019065	0.016143400408463803
4.089089089089089	0.010434861837481145	0.01619789805996636
4.099099099099099	0.010455513998143538	0.016258780852851446
4.109109109109109	0.010480166762493325	0.016326058878534878
4.119119119119119	0.01050880273761997	0.016399752830889697
4.129129129129129	0.01054141117889641	0.016479893907940957
4.1391391391391394	0.010577987844753552	0.016566523753479726
4.1491491491491495	0.010618534877176384	0.01665969443761518
4.1591591591591595	0.010663060706762198	0.016759468475401537
4.1691691691691695	0.010711579981288171	0.016865918883053055
4.1791791791791795	0.01076411351705046	0.01697912927142436
4.1891891891891895	0.010820688272192113	0.017099193976724714
4.1991991991991995	0.010881337341578281	0.017226218228635903
4.2092092092092095	0.010946099972782805	0.01736031835624241
4.2192192192192195	0.011015021602934131	0.017501622032434935
4.2292292292292295	0.011088153916321244	0.01765026855764146
4.2392392392392395	0.01116555492271719	0.017806409184041777
4.2492492492492495	0.011247289056559313	0.017970207481566178
4.2592592592592595	0.011333427297246075	0.018141839747357277
4.2692692692692695	0.011424047310883815	0.018321495460523755
4.2792792792792795	0.011519233613981219	0.018509377784376394
4.2892892892892895	0.01161907775973021	0.01870570411857314
4.2992992992992995	0.01172367854755414	0.018910706703939496
4.3093093093093096	0.011833142256898584	0.019124633283105662
4.31931931931932	0.011947582906173253	0.019347747820347202
4.32932932932933	0.012067122538080509	0.01958033128455436
4.33933933933934	0.012191891532613477	0.01982268249954899
4.34934934934935	0.012322028949235368	0.02007511906652113
4.35935935935936	0.012457682899862913	0.020337978363790095
4.36936936936937	0.012599010954521914	0.02061161862970103
4.37937937937938	0.012746180581724968	0.02089642013501329
4.38938938938939	0.01289936962583924	0.02119278645186099
4.3993993993994	0.01305876682394095	0.021501145827041036
4.40940940940941	0.013224572364948114	0.02182195266822025
4.41941941941942	0.013396998494055817	0.02215568915254401
4.42942942942943	0.013576270165854915	0.0225028669680757
4.43943943943944	0.01376262574983314	0.022864029199676412
4.44944944944945	0.013956317792325422	0.023239752372063296
4.45945945945946	0.014157613839375988	0.023630648664147626
4.46946946946947	0.014366797325521001	0.02403736831036812
4.47947947947948	0.01458416853383933	0.024460602206274388
4.48948948948949	0.014810045633314627	0.02490108473760792
4.4994994994995	0.015044765800099296	0.025359596854173893
4.50950950950951	0.015288686429970793	0.025836969412235875
4.51951951951952	0.01554218645000022	0.026334086811712613
4.52952952952953	0.01580566773830314	0.026851890957589976
4.53953953953954	0.016079556661733233	0.027391385578178207
4.54954954954955	0.01636430574232657	0.027953640936734775
4.55955955955956	0.016660395464542645	0.02853979897724814
4.56956956956957	0.016968336236630018	0.029151078950002993
4.57957957957958	0.017288670520928695	0.029788783568035656
4.58958958958959	0.017621975149500334	0.030454305751873068
4.5995995995996	0.01796886384343507	0.03114913602695355
4.60960960960961	0.018329989956106827	0.03187487064632051
4.61961961961962	0.018706049463158472	0.032633220520194316
4.62962962962963	0.019097784224473478	0.0334260210447809
4.63963963963964	0.019505985546503835	0.034255242934436936
4.64964964964965	0.019931498076614804	0.03512300417532945
4.65965965965966	0.020375224064984744	0.036031583234409
4.66966966966967	0.02083812803390908	0.03698343367584467
4.67967967967968	0.021321241899321813	0.03798120035796947
4.68968968968969	0.021825670594979522	0.039027737408179115
4.6996996996997	0.02235259825617829	0.040126128201256266
4.70970970970971	0.022903295027171616	0.04127970759914958
4.71971971971972	0.023479124565017655	0.04249208674826519
4.72972972972973	0.02408155232201004	0.04376718077431935
4.73973973973974	0.024712154700208103	0.04510923976653801
4.74974974974975	0.025372629184134552	0.046522883503162485
4.75975975975976	0.02606480557264192	0.04801314044119365
4.76976976976977	0.026790658447914055	0.04958549157657924
4.77977977977978	0.027552321039396296	0.05124591987921661
4.78978978978979	0.028352100663403476	0.05300096612345111
4.7997997997998	0.02919249594595671	0.054857792072331706
4.80980980980981	0.030076216067498086	0.05682425213776129
4.81981981981982	0.031006202304801254	0.05890897483389725
4.82982982982983	0.031985652188071555	0.061121455574573644
4.83983983983984	0.03301804664154742	0.06347216264574497
4.84984984984985	0.03410718053533693	0.06597265852091345
4.85985985985986	0.035257197146111134	0.06863573909435437
4.86986986986987	0.03647262710744319	0.07147559390000635
4.87987987987988	0.0377584325291709	0.07450799098265226
4.88988988988989	0.03912005708282905	0.07775049081913449
4.8998998998999	0.040563482990652995	0.08122269458167543
4.90990990990991	0.04209529602448279	0.08494653313507898
4.91991991991992	0.04372275982357955	0.08894660451602002
4.92992992992993	0.04545390108547979	0.09325056932290701
4.93993993993994	0.047297607480696224	0.09788961553489692
4.94994994994995	0.0492637405030779	0.10289900688954456
4.95995995995996	0.05136326590812538	0.108318732224139
4.96996996996997	0.05360840493136143	0.11419427731420105
4.97997997997998	0.05601281014314208	0.12057754596966623
4.98998998998999	0.05859177061692658	0.127527963797905
5.0	0.06136245210664358	0.135113806542099
