-5.0	0.019697469195729404	0.02276365738587016
-4.98998998998999	0.01983944902707719	0.022927169248831935
-4.97997997997998	0.01998343101609643	0.023092978369452826
-4.96996996996997	0.020129453651906676	0.023261128702415087
-4.95995995995996	0.02027755635583355	0.02343166526088317
-4.94994994994995	0.020427779508585514	0.023604634147143196
-4.93993993993994	0.020580164478348418	0.02378008258428544
-4.92992992992993	0.02073475364984511	0.023958058948950908
-4.91991991991992	0.020891590454393257	0.024138612805203703
-4.90990990990991	0.021050719401001575	0.024321794939556832
-4.8998998998999	0.02121218610854178	0.02450765739720813
-4.88988988988989	0.02137603733904841	0.024696253519523047
-4.87987987987988	0.021542321032180418	0.024887637982828458
-4.86986986986987	0.02171108634089769	0.025081866838550185
-4.85985985985986	0.02188238366839634	0.025278997554764513
-4.84984984984985	0.022056264706367252	0.025479089059213908
-4.83983983983984	0.02223278247460754	0.02568220178384125
-4.82982982982983	0.02241199136206436	0.02588839771091367
-4.81981981981982	0.022593947169355817	0.026097740420792288
-4.80980980980981	0.022778707152834088	0.026310295141418468
-4.7997997997998	0.02296633007025372	0.026526128799586508
-4.78978978978979	0.02315687622811294	0.02674531007407895
-4.77977977977978	0.023350407530739598	0.026967909450736707
-4.76976976976977	0.023546987531189875	0.027193999279544783
-4.75975975975976	0.023746681484039744	0.027423653833825945
-4.74974974974975	0.02394955640015687	0.027656949371622375
-4.73973973973974	0.024155681103518626	0.027893964199355383
-4.72972972972973	0.024365126290182833	0.02813477873787608
-4.71971971971972	0.02457796458949937	0.028379475590983822
-4.70970970970971	0.02479427062765135	0.028628139616546377
-4.6996996996997	0.025014121093637084	0.028880858000307052
-4.68968968968969	0.025237594807795843	0.029137720332517755
-4.67967967967968	0.025464772792991353	0.029398818687503624
-4.66966966966967	0.025695738348567185	0.029664247706300325
-4.65965965965966	0.025930577127202606	0.029934104682488784
-4.64964964964965	0.026169377214792233	0.03020848965137924
-4.63963963963964	0.026412229213492445	0.03048750548268286
-4.62962962962963	0.026659226328076987	0.030771257976832004
-4.61961961961962	0.026910464455740028	0.031059855965113833
-4.60960960960961	0.027166042279529325	0.031353411413792005
-4.5995995995996	0.027426061365548465	0.03165203953238148
-4.58958958958959	0.027690626264121426	0.031955858886291974
-4.57957957957958	0.027959844615099566	0.0322649915140155
-4.56956956956957	0.028233827257497734	0.03257956304908201
-4.55955955955956	0.028512688343672467	0.03289970284699971
-4.54954954954955	0.02879654545825289	0.03322554411741388
-4.53953953953954	0.02908551974204563	0.03355722406172323
-4.52952952952953	0.02937973602116375	0.0338948840164193
-4.51951951951952	0.029679322941613826	0.03423866960241262
-4.50950950950951	0.029984413109623954	0.03458873088063649
-4.4994994994995	0.03029514323797782	0.03494522251421928
-4.48948948948949	0.030611654298650412	0.03530830393755747
-4.47947947947948	0.03093409168206586	0.03567813953260651
-4.46946946946947	0.03126260536328898	0.03605489881274994
-4.45945945945946	0.031597350075510934	0.03643875661461719
-4.44944944944945	0.03193848549118235	0.03682989329824229
-4.43943943943944	0.03228617641118721	0.03722849495596684
-4.42942942942943	0.03264059296245844	0.037634753630536116
-4.41941941941942	0.033001910804473365	0.03804886754284159
-4.40940940940941	0.033370311345069494	0.03847104132979102
-4.3993993993994	0.033745981966082375	0.038901486292831335
-4.38938938938939	0.034129116259296606	0.03934042065765174
-4.37937937937938	0.03451991427325576	0.03978806984565326
-4.36936936936937	0.034918582771503094	0.04024466675778079
-4.35935935935936	0.03532533550285274	0.040710452071365734
-4.34934934934935	0.03574039348433528	0.04118567455065
-4.33933933933934	0.03616398529748964	0.04167059137171693
-4.32932932932933	0.03659634739872687	0.042165468462579014
-4.31931931931932	0.03703772444452003	0.04267058085924037
-4.3093093093093096	0.03748836963224076	0.04318621307856514
-4.2992992992992995	0.037948545057478474	0.04371265950888166
-4.2892892892892895	0.03841852208878103	0.044250224819254155
-4.2792792792792795	0.03889858176075519	0.04479922438845034
-4.2692692692692695	0.03938901518657987	0.04535998475468318
-4.2592592592592595	0.03989012399099857	0.04593284408725209
-4.2492492492492495	0.04040222076497318	0.04651815268132576
-4.2392392392392395	0.040925629543222854	0.04711627347711738
-4.2292292292292295	0.041460686305953114	0.047727582604846275
-4.2192192192192195	0.04200773950619659	0.04835246995693278
-4.2092092092092095	0.04256715062421898	0.04899133978895631
-4.1991991991991995	0.04313929475061007	0.04964461135103718
-4.1891891891891895	0.04372456119972194	0.050312719551374736
-4.1791791791791795	0.04432335415526746	0.05099611565380415
-4.1691691691691695	0.04493609334999744	0.05169526801134726
-4.1591591591591595	0.04556321478149357	0.052410662837862027
-4.1491491491491495	0.04620517146628783	0.05314280502003293
-4.1391391391391394	0.046862434234608306	0.05389221897209486
-4.129129129129129	0.0475354925682755	0.05465944953582676
-4.119119119119119	0.04822485548439098	0.05544506292853802
-4.109109109109109	0.04893105246768657	0.056249647741942896
-4.099099099099099	0.049654634454554133	0.05707381599500681
-4.089089089089089	0.05039617487204902	0.057918204244072485
-4.079079079079079	0.05115627073532746	0.0587834747537769
-4.069069069069069	0.05193554380727084	0.059670316732531765
-4.059059059059059	0.052734641824301	0.06057944763658093
-4.049049049049049	0.05355423979267364	0.061511614546939
-4.039039039039039	0.054395041359860855	0.06246759562380536
-4.029029029029029	0.05525778026595285	0.0634482016433683
-4.019019019019019	0.05614322188039316	0.06445427762227554
-4.009009009009009	0.05705216482973458	0.06548670453539135
-3.998998998998999	0.05798544272254099	0.0665464011328894
-3.988988988988989	0.058943925978000196	0.06763432586314189
-3.978978978978979	0.05992852376534025	0.06875147890834252
-3.968968968968969	0.06094018606164644	0.06989890434029636
-3.958958958958959	0.06197990583628264	0.07107769240435009
-3.948948948948949	0.06304872137074248	0.07228898194001976
-3.938938938938939	0.06414771872342788	0.07353396294750626
-3.928928928928929	0.06527803434963936	0.07481387930995982
-3.918918918918919	0.06644085788780597	0.07613003168209237
-3.908908908908909	0.06763743512391787	0.07748378055652108
-3.898898898898899	0.0688690711470334	0.07887654952010072
-3.888888888888889	0.07013713370979884	0.08030982871338699
-3.878878878878879	0.07144305680902169	0.08178517850741684
-3.868868868868869	0.07278834450258323	0.08330423341302963
-3.858858858858859	0.07417457498028283	0.08486870623914776
-3.848848848848849	0.07560340490769694	0.08648039251766115
-3.838838838838839	0.07707657406368307	0.0881411752139718
-3.828828828828829	0.0785959102938998	0.08985302974366964
-3.818818818818819	0.08016333480460465	0.09161802931743898
-3.808808808808809	0.08178086782302586	0.09343835063802276
-3.798798798798799	0.08345063465286208	0.09531627997489396
-3.7887887887887888	0.08517487215590305	0.09725421964433816
-3.7787787787787788	0.08695593569343893	0.09925469492480775
-3.7687687687687688	0.08879630656405482	0.1013203614397571
-3.7587587587587588	0.09069859997759425	0.10345401304272013
-3.7487487487487487	0.09266557360856897	0.10565859024213684
-3.7387387387387387	0.09470013677612184	0.10793718920637367
-3.7287287287287287	0.09680536030181967	0.11029307139263853
-3.7187187187187187	0.09898448710113482	0.11272967384685822
-3.7087087087087087	0.10124094356948403	0.11525062022538399
-3.6986986986986987	0.10357835182917119	0.11785973259333367
-3.6886886886886887	0.10600054290957854	0.12056104405870278
-3.6786786786786787	0.10851157093953305	0.12335881230597959
-3.6686686686686687	0.11111572843796687	0.12625753409798665
-3.6586586586586587	0.11381756279683966	0.12926196081989388
-3.6486486486486487	0.11662189405895383	0.13237711514507886
-3.6386386386386387	0.11953383410266087	0.13560830890846867
-3.6286286286286287	0.12255880735582135	0.13896116227941369
-3.6186186186186187	0.12570257317258587	0.142441624332872
-3.6086086086086087	0.12897125001890913	0.14605599512481285
-3.5985985985985987	0.13237134162609845	0.14981094938514541
-3.5885885885885886	0.13590976528629525	0.15371356194922628
-3.5785785785785786	0.13959388247974022	0.1577713350569698
-3.5685685685685686	0.14343153204087797	0.16199222765667937
-3.5585585585585586	0.1474310660891224	0.1663846868589126
-3.5485485485485486	0.15160138897028613	0.1709576816937434
-3.5385385385385386	0.15595199947649774	0.17572073933260615
-3.5285285285285286	0.16049303663581005	0.18068398394308746
-3.5185185185185186	0.165235329387662	0.18585817835146143
-3.5085085085085086	0.17019045048691372	0.1912547686928107
-3.4984984984984986	0.17537077500713644	0.1968859322318681
-3.4884884884884886	0.18078954384300086	0.20276462853847005
-3.4784784784784786	0.18646093264186625	0.2089046541990141
-3.4684684684684686	0.19240012662517897	0.21532070123833524
-3.4584584584584586	0.19862340179092297	0.2220284194138378
-3.4484484484484486	0.20514821301771496	0.22904448252369744
-3.4384384384384385	0.21199328961834726	0.23638665884167742
-3.4284284284284285	0.21917873891387826	0.24407388574985522
-3.4184184184184185	0.22672615841648744	0.25212634858441324
-3.4084084084084085	0.23465875721753526	0.26056556363469763
-3.3983983983983985	0.2430014871727376	0.2694144651374465
-3.3883883883883885	0.2517811844540761	0.2786974959806651
-3.3783783783783785	0.26102672199194393	0.28844070166819924
-3.3683683683683685	0.2707691732525626	0.29867182688834204
-3.3583583583583585	0.28104198767476385	0.3094204137674777
-3.3483483483483485	0.2918811779130885	0.3207179005609168
-3.3383383383383385	0.3033255187841486	0.3325977191229717
-3.3283283283283285	0.31541675746845055	0.34509538898970094
-3.3183183183183185	0.3281998340533491	0.3582486052803809
-3.3083083083083085	0.3417231108803486	0.3720973168536197
-3.2982982982982985	0.3560386083385414	0.3866837902137509
-3.2882882882882885	0.37120224367282434	0.4020526535212721
-3.2782782782782784	0.3872740679845194	0.41825091368264344
-3.2682682682682684	0.40431849481291815	0.435327937841347
-3.2582582582582584	0.42240451140086904	0.4533353886235538
-3.2482482482482484	0.44160586084848813	0.47232710016743634
-3.2382382382382384	0.4620011797069553	0.49235887924837174
-3.2282282282282284	0.4836740709977521	0.5134882126741687
-3.2182182182182184	0.5067130869785136	0.5357738585531486
-3.2082082082082084	0.531211589015521	0.5592752950485885
-3.1981981981981984	0.557267443459232	0.584051995884264
-3.1881881881881884	0.5849825022604067	0.6101624972806208
-3.1781781781781784	0.6144618050639779	0.6376632163945579
-3.1681681681681684	0.6458124256266087	0.6666069770518409
-3.1581581581581584	0.6791418697504592	0.6970411951142167
-3.1481481481481484	0.7145559149311184	0.7290056739516655
-3.1381381381381384	0.7521557644592125	0.7625299612064084
-3.1281281281281283	0.7920343723471311	0.7976302226805855
-3.118118118118118	0.8342717826860168	0.834305599453523
-3.108108108108108	0.878929321681924	0.8725340322956554
-3.098098098098098	0.9260424881408561	0.9122675654391214
-3.088088088088088	0.9756124160166072	0.9534271822430453
-3.078078078078078	1.0275958403739462	0.9958972804812495
-3.068068068068068	1.081893597197352	1.03951996633686
-3.058058058058058	1.1383378402406816	1.0840894336068634
-3.048048048048048	1.1966783757024104	1.129346795401709
-3.038038038038038	1.2565688041360978	1.1749758432845172
-3.028028028028028	1.3175535143274488	1.2206003119047522
-3.018018018018018	1.379056973619741	1.265783308637832
-3.008008008008008	1.4403771551143185	1.3100296049715507
-2.997997997997998	1.5006852539890034	1.3527914531481176
-2.987987987987988	1.559033960568389	1.393478461949772
-2.977977977977978	1.6143763443920942	1.4314718202012309
-2.967967967967968	1.6655967375866985	1.4661427909481226
-2.957957957957958	1.7115538181641956	1.4968749316037486
-2.947947947947948	1.7511344251978624	1.523088972199424
-2.937937937937938	1.7833146841539762	1.544268779551716
-2.9279279279279278	1.8072231405738572	1.5599864425876273
-2.9179179179179178	1.8221992594696466	1.569924326605391
-2.9079079079079078	1.8278402960825832	1.573892031788047
-2.8978978978978978	1.824030455244533	1.5718365772666576
-2.8878878878878878	1.8109483958523265	1.563844779666888
-2.8778778778778777	1.7890521191709705	1.5501376093840302
-2.8678678678678677	1.7590434624238904	1.5310571549425858
-2.8578578578578577	1.721817099063756	1.5070475644886197
-2.8478478478478477	1.6784005817567536	1.4786318489791848
-2.8378378378378377	1.6298923252223523	1.44638666085107
-2.8278278278278277	1.5774036281309591	1.410917102628167
-2.8178178178178177	1.5220092430992231	1.37283332298461
-2.8078078078078077	1.4647090877203879	1.3327302074724507
-2.7977977977977977	1.406401867362665	1.2911709610157507
-2.7877877877877877	1.3478699346050849	1.2486748915620933
-2.7777777777777777	1.2897737619975684	1.2057092970102545
-2.7677677677677677	1.2326539420195095	1.1626850606890353
-2.7577577577577577	1.1769385558438603	1.1199553793232442
-2.7477477477477477	1.122953944360238	1.0778169688389094
-2.7377377377377377	1.0709372499697052	1.0365130949941566
-2.7277277277277276	1.0210494805842136	0.9962378322678191
-2.7177177177177176	0.9733882141273815	0.9571410422314359
-2.7077077077077076	0.9279993771934837	0.919333662867048
-2.6976976976976976	0.8848877814831665	0.8828929994662479
-2.6876876876876876	0.8440262863436864	0.8478677974119327
-2.6776776776776776	0.8053635830525538	0.8142829529824244
-2.6676676676676676	0.768830677408029	0.7821437790022545
-2.6576576576576576	0.7343461930390042	0.7514397883118998
-2.6476476476476476	0.7018206387039432	0.7221479913455248
-2.6376376376376376	0.6711597869442278	0.6942357267651867
-2.6276276276276276	0.6422673050889655	0.6676630583349137
-2.6176176176176176	0.615046767341776	0.6423847790828958
-2.6076076076076076	0.589403161663037	0.6183520670537838
-2.5975975975975976	0.5652439894501803	0.5955138370248723
-2.5875875875875876	0.5424800408729518	0.573817830561767
-2.5775775775775776	0.5210259148404106	0.5532114835536781
-2.5675675675675675	0.500800340287856	0.5336426064967658
-2.5575575575575575	0.48172634486179533	0.515059908702386
-2.5475475475475475	0.4637313080932564	0.4974133935716526
-2.5375375375375375	0.44674692864920534	0.4806546482693593
-2.5275275275275275	0.43070912906793657	0.4647370476454914
-2.5175175175175175	0.4155579163369467	0.4496158891353586
-2.5075075075075075	0.4012372125874633	0.4352484726294567
-2.4974974974974975	0.38769466689949406	0.4215941369289094
-2.4874874874874875	0.3748814565946775	0.40861426236632653
-2.4774774774774775	0.36275208432042777	0.3962722474429181
-2.4674674674674675	0.3512641755953586	0.38453346587601206
-2.4574574574574575	0.34037828020742605	0.3733652092321801
-2.4474474474474475	0.33005767986201234	0.362736619307349
-2.4374374374374375	0.3202682037096292	0.35261861357666113
-2.4274274274274275	0.31097805279517476	0.3429838063464279
-2.4174174174174174	0.3021576340248548	0.33380642767507834
-2.4074074074074074	0.29377940391263996	0.32506224166875636
-2.3973973973973974	0.2858177221211043	0.31672846538291805
-2.3873873873873874	0.27824871463245066	0.3087836892587874
-2.3773773773773774	0.2710501462589044	0.30120779978039686
-2.3673673673673674	0.264201302115601	0.29398190484356457
-2.3573573573573574	0.25768287762375824	0.28708826217365496
-2.3473473473473474	0.25147687658000756	0.280510211007078
-2.3373373373373374	0.24556651681326327	0.2742321071560638
-2.3273273273273274	0.23993614294896404	0.26823926150233246
-2.3173173173173174	0.2345711458082333	0.26251788190869635
-2.3073073073073074	0.2294578879838888	0.25705501849498347
-2.2972972972972974	0.22458363515411195	0.2518385121932942
-2.2872872872872874	0.21993649271630347	0.24685694647501535
-2.2772772772772774	0.21550534734715326	0.24209960212664167
-2.2672672672672673	0.21127981311915192	0.23755641494156846
-2.2572572572572573	0.207250181828159	0.23321793618955744
-2.2472472472472473	0.20340737721064361	0.22907529572344323
-2.2372372372372373	0.1997429127525119	0.22512016758322134
-2.2272272272272273	0.1962488528138282	0.22134473796007226
-2.2172172172172173	0.1929177768150531	0.2177416753868835
-2.2072072072072073	0.18974274625056667	0.214304103026803
-2.1971971971971973	0.18671727431422952	0.21102557293714874
-2.1871871871871873	0.1838352979394793	0.2079000421922758
-2.1771771771771773	0.1810911520730896	0.20492185075556188
-2.1671671671671673	0.1784795460171798	0.20208570099743683
-2.1571571571571573	0.1759955416884528	0.1993866387631937
-2.1471471471471473	0.17363453365705192	0.19682003590106026
-2.1371371371371373	0.17139223083981894	0.19438157416772117
-2.1271271271271273	0.16926463973434816	0.1920672304350442
-2.1171171171171173	0.16724804909094806	0.18987326312816388
-2.1071071071071072	0.16533901592965633	0.18779619983132254
-2.0970970970970972	0.1635343528187988	0.18583282600398893
-2.0870870870870872	0.1618311163403501	0.18398017475567374
-2.0770770770770772	0.16022659667553762	0.18223551763367735
-2.067067067067067	0.15871830825195152	0.18059635638366658
-2.057057057057057	0.15730398140068388	0.17906041564857023
-2.047047047047047	0.15598155497911884	0.1776256365767553
-2.037037037037037	0.15474916992165055	0.17629017131595695
-2.027027027027027	0.1536051636871797	0.17505237837489593
-2.017017017017017	0.1525480655785356	0.17391081884000625
-2.007007007007007	0.15157659291527015	0.17286425344036827
-1.996996996996997	0.15068964804747373	0.1719116404596314
-1.986986986986987	0.14988631620453852	0.17105213449969267
-1.976976976976977	0.14916586417914077	0.17028508610710424
-1.966966966966967	0.14852773985326714	0.16961004227970414
-1.956956956956957	0.1479715725799141	0.16902674787792413
-1.946946946946947	0.14749717444120086	0.16853514797268906
-1.936936936936937	0.14710454241125617	0.1681353911698206
-1.926926926926927	0.14679386146032622	0.16782783395964762
-1.916916916916917	0.14656550864534454	0.16761304615008332
-1.906906906906907	0.14642005824181142	0.16749181745203495
-1.896896896896897	0.14635828798230124	0.1674651652977053
-1.8868868868868869	0.1463811864786225	0.16753434398544403
-1.8768768768768769	0.14648996191759986	0.16770085525948375
-1.8668668668668669	0.14668605213496533	0.1679664604493727
-1.8568568568568569	0.1469711361882231	0.16833319431259944
-1.8468468468468469	0.14734714756781261	0.16880338074507586
-1.8368368368368369	0.1478162892069035	0.16937965054825035
-1.8268268268268268	0.14838105047409045	0.17006496146920463
-1.8168168168168168	0.14904422636061385	0.17086262076162928
-1.8068068068068068	0.14980893910521187	0.17177631055194073
-1.7967967967967968	0.15067866253582649	0.17281011633660925
-1.7867867867867868	0.15165724944929584	0.1739685589852269
-1.7767767767767768	0.15274896239852712	0.17525663067994862
-1.7667667667667668	0.15395850831298333	0.17667983528721037
-1.7567567567567568	0.15529107744389667	0.17824423373370205
-1.7467467467467468	0.15675238720229007	0.17995649504756173
-1.7367367367367368	0.15834873154770787	0.1818239538299811
-1.7267267267267268	0.16008703669119298	0.18385467504506486
-1.7167167167167168	0.16197492400047825	0.18605752716029303
-1.7067067067067068	0.1640207811425716	0.18844226484087714
-1.6966966966966968	0.1662338426734054	0.19101962260399344
-1.6866866866866868	0.16862428149185843	0.19380142108004872
-1.6766766766766767	0.1712033128232187	0.19680068781595456
-1.6666666666666667	0.17398331269380649	0.20003179489998318
-1.6566566566566567	0.17697795321487034	0.2035106161018353
-1.6466466466466467	0.18020235742359902	0.20725470672066607
-1.6366366366366367	0.18367327694896204	0.2112835099378168
-1.6266266266266267	0.18740929640162132	0.2156185942044673
-1.6166166166166167	0.19143106915714891	0.2202839270888011
-1.6066066066066067	0.1957615901445006	0.2253061921020885
-1.5965965965965967	0.200426512410668	0.23071515636892093
-1.5865865865865867	0.20545451566379497	0.23654409866873724
-1.5765765765765767	0.21087773677252966	0.24283030943682324
-1.5665665665665667	0.21673227441265971	0.2496156768818166
-1.5565565565565564	0.22305878282470562	0.25694737659388345
-1.5465465465465464	0.22990317313756062	0.26487868606796766
-1.5365365365365364	0.23731744513415842	0.27346995069317304
-1.5265265265265264	0.2453606779645945	0.2827897342853601
-1.5165165165165164	0.25410021552414597	0.2929161955968693
-1.5065065065065064	0.26361309151079204	0.3039387430053742
-1.4964964964964964	0.27398775124198166	0.3159600335499118
-1.4864864864864864	0.28532614307659115	0.32909840072094537
-1.4764764764764764	0.29774627304205215	0.3434908194026485
-1.4664664664664664	0.31138534379841715	0.35929654816547885
-1.4564564564564564	0.326403635893461	0.3767016315969651
-1.4464464464464464	0.34298933893743183	0.39592450261564316
-1.4364364364364364	0.36136460795441355	0.4172230025655592
-1.4264264264264264	0.38179321313551906	0.44090324375499496
-1.4164164164164164	0.40459028034546474	0.46733088728079086
-1.4064064064064064	0.43013480105919694	0.496945616647197
-1.3963963963963963	0.4588858480230278	0.5302798820543024
-1.3863863863863863	0.4914038035416868	0.5679834125654314
-1.3763763763763763	0.5283784476081138	0.6108556071476551
-1.3663663663663663	0.5706665521722926	0.6598888199260021
-1.3563563563563563	0.6193428278851192	0.7163269070941827
-1.3463463463463463	0.6757699018009258	0.781745456274288
-1.3363363363363363	0.7416958517935406	0.8581632897170153
-1.3263263263263263	0.8193923336042054	0.9481998159099922
-1.3163163163163163	0.9118536291641373	1.0553007844414477
-1.3063063063063063	1.0230890007439863	1.1840680338139167
-1.2962962962962963	1.1585611445481847	1.340750554442094
-1.2862862862862863	1.3258589730960024	1.5339911869753813
-1.2762762762762763	1.5357561439083034	1.7759875522638477
-1.2662662662662663	1.8039225542026647	2.084339481530617
-1.2562562562562563	2.1537739736555523	2.4850585385090387
-1.2462462462462462	2.6213645557396736	3.0175773756963733
-1.2362362362362362	3.264043193500562	3.7432139181115396
-1.2262262262262262	4.176146172310756	4.759430989273252
-1.2162162162162162	5.517577295607419	6.222609774529209
-1.2062062062062062	7.562872085930022	8.376804945098023
-1.1961961961961962	10.761387208813881	11.550576140647411
-1.1861861861861862	15.660066606300973	15.935500608642744
-1.1761761761761762	21.95674491601699	20.675221804320678
-1.1661661661661662	25.963420659797496	22.788973587484342
-1.1561561561561562	23.092119077371613	20.095965100396686
-1.1461461461461462	16.543002925530764	15.042434470109939
-1.1361361361361362	11.051277984228681	10.581290725092448
-1.1261261261261262	7.464683228647661	7.444873954226555
-1.1161161161161162	5.2240003933513215	5.364839532725939
-1.1061061061061062	3.7963118063998635	3.980572828645683
-1.0960960960960962	2.853238441781297	3.037078005928954
-1.0860860860860861	2.2066936854468437	2.3752440944204833
-1.0760760760760761	1.7481850106508259	1.8977668956275717
-1.0660660660660661	1.4132525678604646	1.5443587980251527
-1.0560560560560561	1.1622444744161544	1.276760475128994
-1.0460460460460461	0.9699246352527784	1.0700343825932153
-1.0360360360360361	0.8197188185888977	0.9074932146683248
-1.026026026026026	0.700428352709407	0.7776918902782683
-1.016016016016016	0.6042921022528069	0.6726012244910102
-1.006006006006006	0.5258079530858462	0.5864714063358172
-0.995995995995996	0.4609954250268984	0.5151074754538474
-0.985985985985986	0.4069220694520338	0.45539676442992477
-0.975975975975976	0.36139194591063895	0.4049940376266893
-0.965965965965966	0.3227362112586244	0.3621075190259937
-0.955955955955956	0.28966953777518123	0.32535080937128413
-0.9459459459459459	0.2611898736034088	0.29363866871586114
-0.9359359359359359	0.23650729741016596	0.2661125271872481
-0.9259259259259259	0.2149927530218789	0.242086478681031
-0.9159159159159159	0.19614059182885743	0.22100760533412792
-0.9059059059059059	0.17954085109595116	0.2024264720371597
-0.8958958958958959	0.16485849337302466	0.18597493423096687
-0.8858858858858859	0.1518176876588146	0.17134926972817616
-0.8758758758758759	0.14018978617314157	0.15829723104111246
-0.8658658658658659	0.1297840403604744	0.14660801572695684
-0.8558558558558559	0.12044036844541971	0.136104430425507
-0.8458458458458459	0.1120236744851848	0.12663671957828493
-0.8358358358358359	0.10441935145732391	0.11807766853881053
-0.8258258258258259	0.09752969568391387	0.11031869037944624
-0.8158158158158159	0.09127102833741228	0.10326667793496183
-0.8058058058058059	0.08557136970180325	0.09684145551777833
-0.7957957957957958	0.08036854862620663	0.09097370382450025
-0.7857857857857858	0.07560865691805951	0.08560326068134708
-0.7757757757757757	0.07124477887998593	0.08067772216019936
-0.7657657657657657	0.0672359416395432	0.0761512851652529
-0.7557557557557557	0.06354624366951704	0.07198378522556989
-0.7457457457457457	0.06014412789665434	0.0681398929315238
-0.7357357357357357	0.057001772738171266	0.06458843995313128
-0.7257257257257257	0.05409457979331825	0.061301851411900886
-0.7157157157157157	0.05140074112508431	0.05825566594256018
-0.7057057057057057	0.04890087237232489	0.05542812837324719
-0.6956956956956957	0.04657770054333291	0.05279984279499622
-0.6856856856856857	0.04441579741498825	0.0503534760520578
-0.6756756756756757	0.042401351116126494	0.04807350349149262
-0.6656656656656657	0.040521969800768894	0.045945990261850735
-0.6556556556556556	0.038766512385926384	0.043958402621574
-0.6456456456456456	0.037124942193973456	0.042099444666699064
-0.6356356356356356	0.0355882000428765	0.040358916659532326
-0.6256256256256256	0.03414809390146798	0.03872759177091885
-0.6156156156156156	0.03279720269728997	0.03719710856623891
-0.6056056056056056	0.031528792251232306	0.03575987699131118
-0.5955955955955956	0.03033674163252989	0.03440899596646972
-0.5855855855855856	0.029215478492114342	0.03313818098900033
-0.5755755755755756	0.028159922152185754	0.03194170038697966
-0.5655655655655656	0.02716543341314926	0.030814319070270185
-0.5555555555555556	0.026227770192452652	0.029751248794122498
-0.5455455455455456	0.025343048238531795	0.028748104093375266
-0.5355355355355356	0.02450770627134999	0.027800863165247065
-0.5255255255255256	0.023718474992440057	0.026905833080117274
-0.5155155155155156	0.02297234948468635	0.026059618785528833
-0.5055055055055055	0.022266564587739936	0.025259095441553588
-0.4954954954954955	0.02159857289077382	0.024501383687726277
-0.4854854854854855	0.020966025031946098	0.023783827494711793
-0.4754754754754755	0.02036675203460997	0.023103974299177443
-0.46546546546546547	0.019798749445244245	0.022459557159190503
-0.45545545545545546	0.019260163068028698	0.021848478700863788
-0.44544544544544545	0.018749276116779585	0.02126879665569818
-0.43543543543543545	0.018264497627236947	0.020718710812924507
-0.42542542542542544	0.01780435199192231	0.02019655123258902
-0.41541541541541543	0.017367469496451782	0.019700767583736813
-0.40540540540540543	0.016952577750663864	0.01922991948821848
-0.3953953953953954	0.01655849392050009	0.018782667764681394
-0.38538538538538536	0.01618411767752062	0.018357766479561062
-0.37537537537537535	0.01582842479253983	0.017954055722609465
-0.36536536536536535	0.015490461308189601	0.017570455033817732
-0.35535535535535534	0.015169338232588448	0.017205957416832986
-0.34534534534534533	0.014864226702688032	0.016859623881131568
-0.3353353353353353	0.014574353571552867	0.01653057846156785
-0.3253253253253253	0.014298997378773586	0.016218003669478363
-0.3153153153153153	0.014037484667627099	0.01592113633444
-0.3053053053053053	0.013789186616464024	0.015639263800127146
-0.2952952952952953	0.013553515955211159	0.015371720441549927
-0.2852852852852853	0.013329924140948931	0.015117884474379237
-0.2752752752752753	0.01311789876919027	0.014877175030054255
-0.2652652652652653	0.012916961199882613	0.01464904947309769
-0.2552552552552553	0.012726664379302827	0.014433000939413724
-0.24524524524524524	0.012546590840887991	0.014228556076499695
-0.23523523523523523	0.012376350869764569	0.014035272968410903
-0.22522522522522523	0.012215580817224545	0.013852739229987195
-0.21521521521521522	0.012063941552783808	0.01368057025642263
-0.20520520520520522	0.011921117042644369	0.013518407615569678
-0.19519519519519518	0.011786813044494191	0.013365917571652487
-0.18518518518518517	0.011660755909549514	0.013222789730124695
-0.17517517517517517	0.011542691483630322	0.013088735794421545
-0.16516516516516516	0.011432384099866098	0.012963488426265253
-0.15515515515515516	0.01132961565633716	0.012846800201968456
-0.14514514514514515	0.011234184772620004	0.01273844265793078
-0.13513513513513514	0.011145906019804787	0.012638205419217261
-0.12512512512512514	0.011064609219078805	0.012545895405656307
-0.11511511511511512	0.010990138804471425	0.012461336110521502
-0.10510510510510511	0.010922353245813194	0.012384366947313532
-0.09509509509509509	0.010861124528373161	0.0123148426606659
-0.08508508508508508	0.010806337686000884	0.012252632797795659
-0.07507507507507508	0.01075789038498863	0.012197621237350057
-0.06506506506506507	0.010715692556172832	0.012149705772838791
-0.055055055055055056	0.0106796660730888	0.012108797748214562
-0.04504504504504504	0.010649744474321666	0.012074821743463924
-0.035035035035035036	0.010625872728409824	0.01204771530839271
-0.025025025025025027	0.010608007039961344	0.01202742874305934
-0.015015015015015015	0.010596114695863636	0.012013924923617225
-0.005005005005005005	0.010590173950693147	0.012007179172543583
0.005005005005005005	0.010590173950693147	0.012007179172543405
0.015015015015015015	0.010596114695863636	0.012013924923616793
0.025025025025025027	0.010608007039961344	0.012027428743058543
0.035035035035035036	0.010625872728409713	0.012047715308392
0.04504504504504504	0.010649744474321893	0.012074821743463863
0.055055055055055056	0.010679666073089027	0.012108797748214255
0.06506506506506507	0.010715692556172607	0.012149705772838124
0.07507507507507508	0.010757890384988407	0.012197621237349703
0.08508508508508508	0.010806337686000547	0.012252632797795062
0.09509509509509509	0.010861124528373164	0.012314842660665175
0.10510510510510511	0.010922353245812972	0.012384366947312677
0.11511511511511512	0.010990138804471089	0.012461336110520853
0.12512512512512514	0.01106460921907857	0.012545895405655755
0.13513513513513514	0.011145906019804567	0.012638205419216024
0.14514514514514515	0.011234184772619771	0.012738442657930194
0.15515515515515516	0.011329615656336937	0.012846800201967074
0.16516516516516516	0.01143238409986586	0.012963488426264673
0.17517517517517517	0.011542691483630444	0.013088735794420154
0.18518518518518517	0.011660755909549528	0.013222789730123356
0.19519519519519518	0.01178681304449387	0.013365917571651361
0.20520520520520522	0.011921117042643963	0.01351840761556854
0.21521521521521522	0.012063941552783473	0.013680570256420643
0.22522522522522523	0.012215580817224318	0.013852739229985754
0.23523523523523523	0.012376350869764113	0.014035272968408573
0.24524524524524524	0.012546590840887977	0.014228556076498047
0.2552552552552553	0.012726664379302637	0.014433000939411803
0.2652652652652653	0.012916961199882233	0.01464904947309603
0.2752752752752753	0.013117898769190157	0.01487717503005196
0.2852852852852853	0.0133299241409488	0.015117884474377124
0.2952952952952953	0.013553515955210715	0.015371720441547778
0.3053053053053053	0.013789186616463573	0.015639263800124453
0.3153153153153153	0.01403748466762661	0.01592113633443755
0.3253253253253253	0.01429899737877301	0.01621800366947585
0.3353353353353353	0.01457435357155243	0.016530578461565117
0.34534534534534533	0.014864226702687947	0.016859623881128764
0.35535535535535534	0.015169338232587615	0.01720595741683019
0.36536536536536535	0.015490461308189277	0.017570455033814245
0.37537537537537535	0.01582842479253976	0.01795405572260582
0.38538538538538536	0.016184117677520735	0.01835776647955702
0.3953953953953954	0.016558493920499583	0.018782667764677283
0.40540540540540543	0.016952577750663684	0.01922991948821413
0.41541541541541543	0.017367469496450762	0.01970076758373223
0.42542542542542544	0.017804351991921676	0.020196551232583668
0.43543543543543545	0.01826449762723658	0.02071871081291966
0.44544544544544545	0.01874927611677902	0.021268796655692482
0.45545545545545546	0.019260163068028385	0.021848478700857862
0.46546546546546547	0.0197987494452441	0.0224595571591848
0.4754754754754755	0.02036675203460935	0.0231039742991713
0.4854854854854855	0.020966025031945733	0.02378382749470515
0.4954954954954955	0.021598572890774357	0.024501383687719196
0.5055055055055055	0.022266564587739172	0.02525909544154533
0.5155155155155156	0.022972349484686037	0.02605961878552069
0.5255255255255256	0.02371847499243923	0.026905833080108577
0.5355355355355356	0.02450770627134922	0.027800863165237995
0.5455455455455456	0.025343048238531396	0.028748104093365534
0.5555555555555556	0.026227770192451993	0.029751248794113096
0.5655655655655656	0.02716543341314849	0.030814319070259288
0.5755755755755756	0.02815992215218524	0.03194170038696871
0.5855855855855856	0.029215478492113492	0.03313818098898863
0.5955955955955956	0.030336741632528468	0.0344089959664576
0.6056056056056056	0.03152879225123185	0.03575987699129778
0.6156156156156156	0.032797202697288946	0.0371971085662248
0.6256256256256256	0.03414809390146655	0.03872759177090396
0.6356356356356356	0.03558820004287482	0.0403589166595166
0.6456456456456456	0.037124942193972076	0.042099444666682626
0.6556556556556556	0.03876651238592506	0.04395840262155626
0.6656656656656657	0.04052196980076819	0.045945990261830806
0.6756756756756757	0.04240135111612453	0.04807350349147312
0.6856856856856857	0.04441579741498628	0.05035347605203586
0.6956956956956957	0.04657770054333117	0.05279984279497247
0.7057057057057057	0.04890087237232327	0.055428128373221454
0.7157157157157157	0.051400741125082076	0.058255665942532724
0.7257257257257257	0.054094579793316604	0.06130185141187164
0.7357357357357357	0.05700177273816892	0.06458843995309992
0.7457457457457457	0.060144127896651634	0.06813989293149009
0.7557557557557557	0.06354624366951409	0.07198378522553343
0.7657657657657657	0.06723594163954047	0.07615128516521352
0.7757757757757757	0.07124477887998294	0.08067772216015648
0.7857857857857858	0.0756086569180563	0.08560326068130146
0.7957957957957958	0.08036854862620336	0.09097370382444951
0.8058058058058059	0.08557136970180071	0.09684145551772354
0.8158158158158159	0.09127102833740816	0.10326667793490238
0.8258258258258259	0.0975296956839091	0.11031869037938097
0.8358358358358359	0.10441935145731825	0.11807766853873918
0.8458458458458459	0.11202367448517861	0.1266367195782077
0.8558558558558559	0.120440368445413	0.13610443042542064
0.8658658658658659	0.12978404036046798	0.14660801572686116
0.8758758758758759	0.14018978617313507	0.1582972310410081
0.8858858858858859	0.15181768765880727	0.17134926972806036
0.8958958958958959	0.16485849337301653	0.18597493423083736
0.9059059059059059	0.1795408510959409	0.20242647203701647
0.9159159159159159	0.1961405918288457	0.22100760533396505
0.9259259259259259	0.21499275302186838	0.2420864786808491
0.9359359359359359	0.2365072974101543	0.2661125271870442
0.9459459459459459	0.2611898736033949	0.29363866871562855
0.955955955955956	0.28966953777516696	0.32535080937102034
0.965965965965966	0.3227362112586056	0.36210751902568944
0.975975975975976	0.3613919459106186	0.40499403762633607
0.985985985985986	0.4069220694520065	0.4553967644295141
0.995995995995996	0.4609954250268711	0.5151074754533732
1.006006006006006	0.5258079530858112	0.5864714063352551
1.016016016016016	0.6042921022527654	0.6726012244903374
1.026026026026026	0.7004283527093553	0.777691890277464
1.0360360360360361	0.8197188185888389	0.9074932146673487
1.0460460460460461	0.9699246352527031	1.0700343825920113
1.0560560560560561	1.162244474416064	1.2767604751274808
1.0660660660660661	1.4132525678603522	1.5443587980232407
1.0760760760760761	1.748185010650672	1.8977668956250926
1.0860860860860861	2.2066936854466346	2.375244094417208
1.0960960960960962	2.8532384417810293	3.0370780059245353
1.1061061061061062	3.796311806399494	3.9805728286395783
1.1161161161161162	5.224000393350775	5.364839532717358
1.1261261261261262	7.464683228646858	7.444873954214401
1.1361361361361362	11.051277984227564	10.581290725075997
1.1461461461461462	16.543002925529596	15.042434470091585
1.1561561561561562	23.0921190773714	20.095965100387282
1.1661661661661662	25.96342065979938	22.788973587498827
1.1761761761761762	21.95674491601945	20.675221804351313
1.1861861861861862	15.6600666063027	15.935500608670317
1.1961961961961962	10.761387208814803	11.550576140665902
1.2062062062062062	7.5628720859305325	8.37680494510936
1.2162162162162162	5.517577295607679	6.222609774536095
1.2262262262262262	4.176146172310875	4.759430989277452
1.2362362362362362	3.264043193500631	3.743213918114168
1.2462462462462462	2.6213645557396976	3.017577375698045
1.2562562562562563	2.1537739736555594	2.4850585385101094
1.2662662662662663	1.8039225542026538	2.0843394815312997
1.2762762762762763	1.5357561439082918	1.7759875522642636
1.2862862862862863	1.3258589730959787	1.5339911869756289
1.2962962962962963	1.1585611445481565	1.340750554442207
1.3063063063063063	1.0230890007439684	1.1840680338139504
1.3163163163163163	0.9118536291641139	1.0553007844414162
1.3263263263263263	0.8193923336041823	0.9481998159099223
1.3363363363363363	0.7416958517935185	0.8581632897169151
1.3463463463463463	0.6757699018009048	0.7817454562741638
1.3563563563563563	0.6193428278850959	0.7163269070940425
1.3663663663663663	0.5706665521722715	0.659888819925852
1.3763763763763763	0.5283784476080913	0.6108556071474953
1.3863863863863863	0.4914038035416674	0.5679834125652645
1.3963963963963963	0.45888584802300736	0.5302798820541333
1.4064064064064064	0.4301348010591772	0.496945616647025
1.4164164164164164	0.40459028034544514	0.4673308872806164
1.4264264264264264	0.3817932131354994	0.44090324375482043
1.4364364364364364	0.361364607954397	0.41722300256538525
1.4464464464464464	0.34298933893741335	0.3959245026154682
1.4564564564564564	0.32640363589344285	0.3767016315967907
1.4664664664664664	0.31138534379839805	0.3592965481653044
1.4764764764764764	0.29774627304203444	0.3434908194024736
1.4864864864864864	0.28532614307657495	0.3290984007207734
1.4964964964964964	0.2739877512419658	0.3159600335497405
1.5065065065065064	0.2636130915107767	0.30393874300520246
1.5165165165165164	0.25410021552412976	0.29291619559669796
1.5265265265265264	0.24536067796457936	0.28278973428519133
1.5365365365365364	0.23731744513414407	0.2734699506930046
1.5465465465465464	0.2299031731375464	0.2648786860677997
1.5565565565565564	0.22305878282469016	0.2569473765937155
1.5665665665665667	0.21673227441264442	0.2496156768816485
1.5765765765765767	0.21087773677251406	0.24283030943665748
1.5865865865865867	0.20545451566378	0.2365440986685708
1.5965965965965967	0.20042651241065343	0.23071515636875534
1.6066066066066067	0.19576159014448682	0.22530619210192188
1.6166166166166167	0.19143106915713518	0.2202839270886354
1.6266266266266267	0.18740929640160625	0.21561859420430093
1.6366366366366367	0.183673276948948	0.21128350993765097
1.6466466466466467	0.18020235742358479	0.20725470672049973
1.6566566566566567	0.1769779532148553	0.20351061610166804
1.6666666666666667	0.17398331269379205	0.20003179489981648
1.6766766766766767	0.17120331282320422	0.19680068781578605
1.6866866866866868	0.16862428149184394	0.19380142107988013
1.6966966966966968	0.1662338426733906	0.1910196226038242
1.7067067067067068	0.164020781142558	0.18844226484070753
1.7167167167167168	0.16197492400046454	0.18605752716012264
1.7267267267267268	0.16008703669117788	0.1838546750448935
1.7367367367367368	0.158348731547694	0.18182395382980893
1.7467467467467468	0.15675238720227577	0.1799564950473884
1.7567567567567568	0.1552910774438826	0.17824423373352696
1.7667667667667668	0.15395850831296823	0.17667983528703357
1.7767767767767768	0.15274896239851188	0.1752566306797713
1.7867867867867868	0.15165724944928094	0.17396855898504704
1.7967967967967968	0.15067866253581147	0.17281011633642754
1.8068068068068068	0.14980893910519708	0.17177631055175727
1.8168168168168168	0.14904422636059872	0.1708626207614432
1.8268268268268268	0.14838105047407477	0.17006496146901678
1.8368368368368369	0.14781628920688822	0.16937965054806012
1.8468468468468469	0.14734714756779713	0.1688033807448831
1.8568568568568569	0.14697113618820687	0.16833319431240523
1.8668668668668669	0.14668605213494854	0.16796646044917518
1.8768768768768769	0.14648996191758323	0.16770085525928405
1.8868868868868869	0.14638118647860626	0.1675343439852404
1.896896896896897	0.1463582879822847	0.16746516529749916
1.906906906906907	0.14642005824179422	0.16749181745182606
1.916916916916917	0.146565508645327	0.16761304614987013
1.926926926926927	0.14679386146030757	0.1678278339594305
1.936936936936937	0.14710454241123863	0.1681353911696007
1.946946946946947	0.14749717444118296	0.1685351479724656
1.956956956956957	0.14797157257989577	0.16902674787769564
1.966966966966967	0.1485277398532486	0.169610042279471
1.976976976976977	0.14916586417912098	0.17028508610686816
1.986986986986987	0.14988631620451814	0.17105213449945075
1.996996996996997	0.1506896480474535	0.17191164045938445
2.007007007007007	0.15157659291524972	0.1728642534401162
2.017017017017017	0.15254806557851408	0.17391081883974865
2.027027027027027	0.15360516368715843	0.17505237837463242
2.037037037037037	0.1547491699216284	0.1762901713156885
2.047047047047047	0.1559815549790965	0.17762563657647956
2.057057057057057	0.15730398140066157	0.17906041564828834
2.067067067067067	0.15871830825192837	0.18059635638337865
2.0770770770770772	0.1602265966755138	0.1822355176333826
2.0870870870870872	0.16183111634032474	0.18398017475537165
2.0970970970970972	0.163534352818774	0.18583282600367845
2.1071071071071072	0.1653390159296298	0.18779619983100382
2.1171171171171173	0.16724804909092086	0.18987326312783687
2.1271271271271273	0.16926463973432057	0.1920672304347086
2.1371371371371373	0.1713922308397904	0.19438157416737617
2.1471471471471473	0.1736345336570232	0.19682003590070593
2.1571571571571573	0.17599554168842252	0.19938663876282947
2.1671671671671673	0.1784795460171484	0.20208570099706152
2.1771771771771773	0.18109115207305845	0.2049218507551747
2.1871871871871873	0.18383529793944672	0.20790004219187788
2.1971971971971973	0.18671727431419577	0.21102557293673788
2.2072072072072073	0.18974274625053164	0.21430410302637862
2.2172172172172173	0.1929177768150173	0.21774167538644604
2.2272272272272273	0.19624885281379095	0.2213447379596198
2.2372372372372373	0.19974291275247383	0.22512016758275433
2.2472472472472473	0.20340737721060342	0.22907529572296095
2.2572572572572573	0.20725018182811716	0.23321793618905887
2.2672672672672673	0.211279813119108	0.23755641494105195
2.2772772772772774	0.21550534734710877	0.24209960212610587
2.2872872872872874	0.21993649271625726	0.24685694647446185
2.2972972972972974	0.22458363515406396	0.2518385121927207
2.3073073073073074	0.22945788798383956	0.25705501849438805
2.3173173173173174	0.23457114580818145	0.26251788190807795
2.3273273273273274	0.23993614294891116	0.26823926150169103
2.3373373373373374	0.24556651681320818	0.2742321071553978
2.3473473473473474	0.2514768765799493	0.2805102110063846
2.3573573573573574	0.2576828776236986	0.2870882621729337
2.3673673673673674	0.2642013021155386	0.2939819048428137
2.3773773773773774	0.2710501462588388	0.3012077997796156
2.3873873873873874	0.27824871463238204	0.3087836892579737
2.3973973973973974	0.28581772212103196	0.3167284653820691
2.4074074074074074	0.29377940391256413	0.32506224166787046
2.4174174174174174	0.3021576340247768	0.3338064276741533
2.4274274274274275	0.31097805279509244	0.34298380634546327
2.4374374374374375	0.3202682037095436	0.3526186135756513
2.4474474474474475	0.33005767986192197	0.3627366193062928
2.4574574574574575	0.3403782802073309	0.37336520923107464
2.4674674674674675	0.3512641755952593	0.38453346587485754
2.4774774774774775	0.36275208432032396	0.39627224744170714
2.4874874874874875	0.3748814565945675	0.40861426236505716
2.4974974974974975	0.3876946668993777	0.4215941369275799
2.5075075075075075	0.40123721258734135	0.4352484726280614
2.5175175175175175	0.4155579163368174	0.4496158891338941
2.5275275275275275	0.4307091290678003	0.464737047643954
2.5375375375375375	0.4467469286490618	0.48065464826774557
2.5475475475475475	0.4637313080931042	0.49741339356995656
2.5575575575575575	0.4817263448616355	0.5150599087006028
2.5675675675675675	0.5008003402876865	0.5336426064948928
2.5775775775775776	0.5210259148402303	0.5532114835517098
2.5875875875875876	0.5424800408727607	0.5738178305596978
2.5975975975975976	0.5652439894499791	0.5955138370226959
2.6076076076076076	0.5894031616628246	0.6183520670514953
2.6176176176176176	0.6150467673415498	0.6423847790804915
2.6276276276276276	0.6422673050887263	0.667663058332388
2.6376376376376376	0.6711597869439739	0.6942357267625341
2.6476476476476476	0.7018206387036728	0.7221479913427409
2.6576576576576576	0.73434619303872	0.7514397883089817
2.6676676676676676	0.7688306774077284	0.782143778999199
2.6776776776776776	0.8053635830522352	0.814282952979228
2.6876876876876876	0.8440262863433486	0.8478677974085964
2.6976976976976976	0.8848877814828096	0.8828929994627701
2.7077077077077076	0.9279993771931087	0.9193336628634321
2.7177177177177176	0.9733882141269885	0.9571410422276865
2.7277277277277276	1.0210494805838024	0.9962378322639492
2.7377377377377377	1.0709372499692762	1.0365130949901749
2.7477477477477477	1.1229539443597898	1.0778169688348287
2.7577577577577577	1.1769385558433978	1.1199553793190862
2.7677677677677677	1.2326539420190328	1.1626850606848254
2.7777777777777777	1.2897737619970804	1.2057092970060228
2.7877877877877877	1.347869934604594	1.2486748915578754
2.7977977977977977	1.406401867362171	1.2911709610115853
2.8078078078078077	1.4647090877198983	1.3327302074683887
2.8178178178178177	1.522009243098748	1.3728333229806995
2.8278278278278277	1.577403628130501	1.4109171026244671
2.8378378378378377	1.6298923252219255	1.4463866608476363
2.8478478478478477	1.6784005817563616	1.4786318489760755
2.8578578578578577	1.7218170990634174	1.5070475644858978
2.8678678678678677	1.7590434624236049	1.5310571549402998
2.8778778778778777	1.7890521191707496	1.5501376093822303
2.8878878878878878	1.8109483958521775	1.5638447796656159
2.8978978978978978	1.824030455244462	1.5718365772659415
2.9079079079079078	1.8278402960825868	1.5738920317879077
2.9179179179179178	1.822199259469734	1.5699243266058274
2.9279279279279278	1.80722314057402	1.5599864425886287
2.937937937937938	1.7833146841542165	1.5442687795532724
2.947947947947948	1.751134425198167	1.5230889722014889
2.957957957957958	1.7115538181645633	1.4968749316062877
2.967967967967968	1.6655967375871197	1.466142790951083
2.977977977977978	1.6143763443925494	1.4314718202045549
2.987987987987988	1.559033960568879	1.3934784619534029
2.997997997997998	1.5006852539895126	1.3527914531519944
3.008008008008008	1.4403771551148394	1.3100296049756142
3.018018018018018	1.379056973620272	1.2657833086420314
3.028028028028028	1.3175535143279746	1.2206003119090325
3.038038038038038	1.2565688041366188	1.1749758432888369
3.048048048048048	1.1966783757029198	1.1293467954060257
3.058058058058058	1.1383378402411803	1.08408943361114
3.068068068068068	1.0818935971978347	1.0395199663410783
3.078078078078078	1.0275958403744063	0.9958972804853752
3.088088088088088	0.9756124160170486	0.9534271822470698
3.098098098098098	0.9260424881412761	0.9122675654430205
3.108108108108108	0.8789293216823215	0.8725340322994227
3.118118118118118	0.834271782686395	0.8343055994571532
3.1281281281281283	0.7920343723474901	0.7976302226840757
3.1381381381381384	0.7521557644595525	0.7625299612097534
3.1481481481481484	0.7145559149314372	0.7290056739548653
3.1581581581581584	0.6791418697507576	0.6970411951172729
3.1681681681681684	0.6458124256268905	0.6666069770547564
3.1781781781781784	0.6144618050642445	0.6376632163973367
3.1881881881881884	0.5849825022606581	0.6101624972832659
3.1981981981981984	0.5572674434594674	0.5840519958867801
3.2082082082082084	0.5312115890157443	0.5592752950509803
3.2182182182182184	0.5067130869787249	0.5357738585554231
3.2282282282282284	0.4836740709979528	0.5134882126763309
3.2382382382382384	0.46200117970714216	0.49235887925042654
3.2482482482482484	0.4416058608486659	0.47232710016938995
3.2582582582582584	0.4224045114010354	0.45333538862541106
3.2682682682682684	0.4043184948130743	0.435327937843112
3.2782782782782784	0.38727406798466835	0.41825091368432044
3.2882882882882885	0.3712022436729645	0.4020526535228679
3.2982982982982985	0.3560386083386751	0.3866837902152683
3.3083083083083085	0.3417231108804753	0.3720973168550637
3.3183183183183185	0.3281998340534686	0.3582486052817551
3.3283283283283285	0.31541675746856246	0.3450953889910101
3.3383383383383385	0.303325518784257	0.33259771912421915
3.3483483483483485	0.29188117791319035	0.32071790056210625
3.3583583583583585	0.2810419876748602	0.30942041376861196
3.3683683683683685	0.27076917325265376	0.2986718268894246
3.3783783783783785	0.2610267219920311	0.2884407016692328
3.3883883883883885	0.2517811844541599	0.278697495981651
3.3983983983983985	0.24300148717281597	0.26941446513838946
3.4084084084084085	0.2346587572176101	0.2605655636355979
3.4184184184184185	0.22672615841655894	0.2521263485852747
3.4284284284284285	0.21917873891394798	0.24407388575067882
3.4384384384384385	0.21199328961841288	0.2363866588424655
3.4484484484484486	0.20514821301777617	0.2290444825244529
3.4584584584584586	0.19862340179098317	0.2220284194145626
3.4684684684684686	0.19240012662523645	0.21532070123902933
3.4784784784784786	0.1864609326419223	0.20890465419967874
3.4884884884884886	0.18078954384305412	0.20276462853910832
3.4984984984984986	0.17537077500718617	0.19688593223248194
3.5085085085085086	0.170190450486961	0.19125476869339952
3.5185185185185186	0.16523532938770763	0.1858581783520269
3.5285285285285286	0.16049303663585357	0.18068398394363142
3.5385385385385386	0.15595199947654023	0.17572073933313048
3.5485485485485486	0.1516013889703265	0.17095768169424816
3.5585585585585586	0.14743106608916215	0.16638468685939906
3.5685685685685686	0.1434315320409155	0.16199222765714857
3.5785785785785786	0.1395938824797756	0.1577713350574208
3.5885885885885886	0.13590976528633034	0.15371356194966043
3.5985985985985987	0.13237134162613112	0.14981094938556527
3.6086086086086087	0.12897125001894091	0.14605599512521852
3.6186186186186187	0.12570257317261604	0.14244162433326352
3.6286286286286287	0.12255880735585184	0.13896116227979052
3.6386386386386387	0.11953383410269088	0.1356083089088344
3.6486486486486487	0.11662189405898236	0.13237711514543085
3.6586586586586587	0.11381756279686726	0.12926196082023514
3.6686686686686687	0.11111572843799301	0.12625753409831533
3.6786786786786787	0.10851157093955872	0.12335881230629865
3.6886886886886887	0.10600054290960274	0.12056104405901037
3.6986986986986987	0.10357835182919489	0.11785973259363275
3.7087087087087087	0.10124094356950725	0.11525062022567285
3.7187187187187187	0.09898448710115619	0.11272967384713821
3.7287287287287287	0.09680536030184096	0.11029307139290948
3.7387387387387387	0.09470013677614161	0.10793718920663777
3.7487487487487487	0.0926655736085887	0.10565859024239146
3.7587587587587588	0.09069859997761319	0.10345401304296888
3.7687687687687688	0.0887963065640731	0.1013203614399978
3.7787787787787788	0.08695593569345725	0.09925469492504167
3.7887887887887888	0.08517487215592093	0.09725421964456565
3.798798798798799	0.08345063465287937	0.09531627997511508
3.808808808808809	0.08178086782304216	0.0934383506382373
3.818818818818819	0.08016333480462037	0.09161802931764781
3.828828828828829	0.07859591029391581	0.08985302974387219
3.838838838838839	0.07707657406369851	0.08814117521417002
3.848848848848849	0.07560340490771239	0.08648039251785314
3.858858858858859	0.07417457498029723	0.08486870623933435
3.868868868868869	0.07278834450259697	0.08330423341321191
3.878878878878879	0.0714430568090354	0.08178517850759323
3.888888888888889	0.07013713370981216	0.0803098287135593
3.898898898898899	0.06886907114704602	0.07887654952026839
3.908908908908909	0.06763743512393083	0.07748378055668471
3.918918918918919	0.06644085788781852	0.07613003168225173
3.928928928928929	0.0652780343496509	0.07481387931011588
3.938938938938939	0.06414771872343933	0.07353396294765806
3.948948948948949	0.06304872137075358	0.07228898194016768
3.958958958958959	0.061979905836294244	0.07107769240449516
3.968968968968969	0.06094018606165694	0.06989890434043781
3.978978978978979	0.05992852376535085	0.0687514789084801
3.988988988988989	0.05894392597801064	0.06763432586327607
3.998998998998999	0.05798544272255102	0.06654640113302093
4.009009009009009	0.0570521648297449	0.06548670453551968
4.019019019019019	0.05614322188040258	0.06445427762240132
4.029029029029029	0.055257780265962286	0.06344820164349113
4.039039039039039	0.05439504135987064	0.06246759562392537
4.049049049049049	0.0535542397926833	0.06151161454705681
4.059059059059059	0.05273464182430963	0.06057944763669598
4.069069069069069	0.05193554380727917	0.05967031673264415
4.079079079079079	0.051156270735336073	0.05878347475388719
4.089089089089089	0.05039617487205805	0.05791820424417978
4.099099099099099	0.04965463445456271	0.05707381599511155
4.109109109109109	0.0489310524676946	0.056249647742045716
4.119119119119119	0.048224855484399504	0.0554450629286383
4.129129129129129	0.04753549256828278	0.054659449535925546
4.1391391391391394	0.04686243423461594	0.053892218972191805
4.1491491491491495	0.046205171466295145	0.05314280502012772
4.1591591591591595	0.04556321478150048	0.05241066283795466
4.1691691691691695	0.044936093350003536	0.05169526801143784
4.1791791791791795	0.04432335415527445	0.05099611565389375
4.1891891891891895	0.04372456119972822	0.0503127195514621
4.1991991991991995	0.04313929475061618	0.0496446113511227
4.2092092092092095	0.04256715062422536	0.04899133978904055
4.2192192192192195	0.04200773950620255	0.04835246995701537
4.2292292292292295	0.04146068630595908	0.04772758260492769
4.2392392392392395	0.04092562954322783	0.04711627347719644
4.2492492492492495	0.040402220764978874	0.04651815268140374
4.2592592592592595	0.03989012399100408	0.04593284408732856
4.2692692692692695	0.03938901518658576	0.04535998475475781
4.2792792792792795	0.03889858176076133	0.04479922438852403
4.2892892892892895	0.03841852208878628	0.04425022481932671
4.2992992992992995	0.0379485450574841	0.043712659508952874
4.3093093093093096	0.037488369632246034	0.04318621307863526
4.31931931931932	0.03703772444452556	0.04267058085930869
4.32932932932933	0.0365963473987315	0.042165468462646835
4.33933933933934	0.03616398529749499	0.04167059137178305
4.34934934934935	0.035740393484340424	0.04118567455071493
4.35935935935936	0.03532533550285785	0.040710452071429884
4.36936936936937	0.034918582771507604	0.040244666757844015
4.37937937937938	0.03451991427326021	0.03978806984571515
4.38938938938939	0.03412911625930123	0.039340420657712316
4.3993993993994	0.033745981966086594	0.03890148629289116
4.40940940940941	0.03337031134507332	0.038471041329849985
4.41941941941942	0.033001910804477785	0.038048867542899587
4.42942942942943	0.0326405929624634	0.03763475363059338
4.43943943943944	0.03228617641119125	0.037228494956022734
4.44944944944945	0.031938485491186275	0.03682989329829724
4.45945945945946	0.03159735007551443	0.0364387566146717
4.46946946946947	0.03126260536329293	0.03605489881280367
4.47947947947948	0.03093409168206955	0.035678139532659046
4.48948948948949	0.030611654298654735	0.03530830393760961
4.4994994994995	0.030295143237981197	0.03494522251427026
4.50950950950951	0.02998441310962795	0.034588730880686674
4.51951951951952	0.02967932294161695	0.03423866960246221
4.52952952952953	0.029379736021167294	0.03389488401646718
4.53953953953954	0.02908551974204957	0.033557224061771404
4.54954954954955	0.02879654545825692	0.03322554411746095
4.55955955955956	0.028512688343676575	0.03289970284704636
4.56956956956957	0.028233827257501218	0.03257956304912776
4.57957957957958	0.02795984461510316	0.0322649915140604
4.58958958958959	0.02769062626412513	0.0319558588863365
4.5995995995996	0.027426061365552114	0.03165203953242525
4.60960960960961	0.027166042279532916	0.03135341141383464
4.61961961961962	0.02691046445574356	0.031059855965156598
4.62962962962963	0.02665922632808001	0.03077125797687367
4.63963963963964	0.026412229213495727	0.030487505482724175
4.64964964964965	0.026169377214795543	0.03020848965142002
4.65965965965966	0.025930577127205732	0.02993410468252881
4.66966966966967	0.025695738348570606	0.029664247706339943
4.67967967967968	0.025464772792994455	0.02939881868754292
4.68968968968969	0.02523759480779866	0.029137720332556728
4.6996996996997	0.025014121093639957	0.028880858000345844
4.70970970970971	0.024794270627654595	0.028628139616584246
4.71971971971972	0.024577964589502895	0.02837947559102157
4.72972972972973	0.02436512629018542	0.02813477873791284
4.73973973973974	0.02415568110352147	0.027893964199391715
4.74974974974975	0.023949556400159885	0.027656949371657774
4.75975975975976	0.023746681484042617	0.027423653833861597
4.76976976976977	0.023546987531191756	0.02719399927957931
4.77977977977978	0.02335040753074241	0.026967909450770964
4.78978978978979	0.023156876228115637	0.026745310074113283
4.7997997997998	0.022966330070255836	0.026526128799620158
4.80980980980981	0.02277870715283666	0.026310295141451445
4.81981981981982	0.022593947169358444	0.026097740420825532
4.82982982982983	0.02241199136206656	0.025888397710945824
4.83983983983984	0.022232782474609497	0.025682201783873506
4.84984984984985	0.02205626470636952	0.025479089059245175
4.85985985985986	0.02188238366839844	0.025278997554795707
4.86986986986987	0.02171108634089975	0.025081866838580876
4.87987987987988	0.021542321032183145	0.024887637982859527
4.88988988988989	0.02137603733905133	0.024696253519553575
4.8998998998999	0.021212186108543824	0.024507657397237353
4.90990990990991	0.02105071940100359	0.02432179493958636
4.91991991991992	0.020891590454395752	0.024138612805232332
4.92992992992993	0.020734753649847715	0.023958058948979715
4.93993993993994	0.020580164478350836	0.023780082584313748
4.94994994994995	0.02042777950858805	0.02360463414717139
4.95995995995996	0.020277556355835898	0.023431665260910714
4.96996996996997	0.020129453651908817	0.02326112870244329
4.97997997997998	0.019983431016099062	0.023092978369480415
4.98998998998999	0.019839449027079917	0.022927169248858913
5.0	0.01969746919573134	0.02276365738589686
