-5.0	0.034362093967649866	0.0326373697133038
-4.98998998998999	0.034287308255508304	0.03256479859645535
-4.97997997997998	0.034212675580758474	0.032492387618701664
-4.96996996996997	0.03413819698517052	0.03242013775600074
-4.95995995995996	0.034063873517731505	0.032348049991166875
-4.94994994994995	0.03398970623482251	0.03227612531394968
-4.93993993993994	0.033915696200314364	0.03220436472114895
-4.92992992992993	0.033841844485540146	0.03213276921661969
-4.91991991991992	0.0337681521695903	0.032061339811449194
-4.90990990990991	0.033694620339255896	0.03199007752409219
-4.8998998998999	0.03362125008912986	0.0319189833803313
-4.88988988988989	0.033548042521756694	0.031848058413461874
-4.87987987987988	0.03347499874777087	0.03177730366439964
-4.86986986986987	0.033402119885888336	0.0317067201816837
-4.85985985985986	0.03332940706310744	0.031636309021691345
-4.84984984984985	0.033256861414775137	0.03156607124859416
-4.83983983983984	0.03318448408459732	0.031496007934761164
-4.82982982982983	0.033112276225047484	0.03142612016036675
-4.81981981981982	0.03304023899704939	0.03135640901405954
-4.80980980980981	0.03296837357048891	0.03128687559263421
-4.7997997997998	0.03289668112407807	0.031217521001372442
-4.78978978978979	0.03282516284555071	0.03114834635408645
-4.77977977977978	0.03275381993169127	0.03107935277315841
-4.76976976976977	0.032682653588783556	0.031010541389855237
-4.75975975975976	0.03261166503227302	0.030941913344285473
-4.74974974974975	0.03254085548717778	0.03087346978552244
-4.73973973973974	0.0324702261881543	0.030805211871761072
-4.72972972972973	0.03239977837967272	0.030737140770511866
-4.71971971971972	0.03232951331596765	0.03066925765862411
-4.70970970970971	0.03225943226140131	0.030601563722444235
-4.6996996996997	0.03218953649052995	0.03053406015793602
-4.68968968968969	0.03211982728811293	0.03046674817087902
-4.67967967967968	0.03205030594935196	0.03039962897692888
-4.66966966966967	0.0319809737801456	0.030332703801762412
-4.65965965965966	0.031911832097044714	0.030265973881299063
-4.64964964964965	0.03184288222745644	0.03019944046176465
-4.63963963963964	0.03177412550985028	0.030133104799786793
-4.62962962962963	0.03170556329393761	0.03006696816270885
-4.61961961961962	0.031637196940658974	0.030001031828565294
-4.60960960960961	0.03156902782247508	0.029935297086377925
-4.5995995995996	0.03150105732362506	0.02986976523621745
-4.58958958958959	0.03143328684006389	0.029804437589354256
-4.57957957957958	0.031365717779765344	0.029739315468548987
-4.56956956956957	0.03129835156282899	0.02967440020802129
-4.55955955955956	0.031231189621779502	0.029609693153802248
-4.54954954954955	0.031164233401594153	0.029545195663766417
-4.53953953953954	0.03109748436001767	0.02948090910788168
-4.52952952952953	0.031030943967580948	0.029416834868390095
-4.51951951951952	0.030964613707915055	0.029352974339953018
-4.50950950950951	0.03089849507798353	0.029289328929849826
-4.4994994994995	0.03083258958808668	0.02922590005810751
-4.48948948948949	0.03076689876228471	0.0291626891578527
-4.47947947947948	0.030701424138398756	0.029099697675272714
-4.46946946946947	0.030636167268403767	0.029036927070023158
-4.45945945945946	0.030571129718393063	0.028974378815337168
-4.44944944944945	0.030506313069117344	0.028912054398155806
-4.43943943943944	0.030441718915854774	0.028849955319532262
-4.42942942942943	0.030377348868988355	0.028788083094668165
-4.41941941941942	0.03031320455391026	0.028726439253091405
-4.40940940940941	0.03024928761134407	0.028665025339194922
-4.3993993993994	0.030185599697773707	0.02860384291206164
-4.38938938938939	0.030122142485363462	0.028542893545910598
-4.37937937937938	0.03005891766255332	0.028482178830354088
-4.36936936936937	0.02999592693391666	0.028421700370506314
-4.35935935935936	0.029933172020749573	0.02836145978727714
-4.34934934934935	0.029870654661117345	0.028301458717678626
-4.33933933933934	0.029808376610295954	0.02824169881505457
-4.32932932932933	0.02974633964077482	0.028182181749260578
-4.31931931931932	0.02968454554281727	0.028122909206961567
-4.3093093093093096	0.029622996124564118	0.028063882891999112
-4.2992992992992995	0.029561693212371065	0.028005104525450065
-4.2892892892892895	0.02950063865108936	0.027946575846220945
-4.2792792792792795	0.02943983430436379	0.02788829861093813
-4.2692692692692695	0.029379282054856477	0.027830274594520612
-4.2592592592592595	0.029318983804806565	0.027772505590462265
-4.2492492492492495	0.029258941475979846	0.027714993410941607
-4.2392392392392395	0.029199157010227718	0.027657739887308908
-4.2292292292292295	0.029139632369791474	0.027600746870329228
-4.2192192192192195	0.029080369537570767	0.027544016230500356
-4.2092092092092095	0.029021370517475352	0.027487549858404202
-4.1991991991991995	0.028962637334785598	0.027431349664928457
-4.1891891891891895	0.028904172036518974	0.027375417581785425
-4.1791791791791795	0.02884597669172208	0.02731975556171553
-4.1691691691691695	0.028788053392001085	0.027264365578892336
-4.1591591591591595	0.028730404251665707	0.02720924962927647
-4.1491491491491495	0.028673031408267286	0.02715440973097618
-4.1391391391391394	0.028615937022901123	0.027099847924568758
-4.129129129129129	0.028559123280782986	0.027045566273599476
-4.119119119119119	0.02850259239139781	0.02699156686490665
-4.109109109109109	0.028446346589139672	0.026937851808917973
-4.099099099099099	0.028390388133479275	0.02688442324027036
-4.089089089089089	0.028334719309688883	0.026831283318006712
-4.079079079079079	0.02827934242912853	0.026778434226152496
-4.069069069069069	0.028224259829711766	0.026725878174084092
-4.059059059059059	0.02816947387630272	0.026673617396922297
-4.049049049049049	0.02811498696139255	0.02662165415612175
-4.039039039039039	0.028060801505246553	0.026569990739782227
-4.029029029029029	0.028006919956808377	0.026518629463140358
-4.019019019019019	0.027953344793778735	0.02646757266917029
-4.009009009009009	0.027900078523426422	0.026416822728893223
-3.998998998998999	0.027847123683049323	0.026366382042085554
-3.988988988988989	0.027794482840450933	0.026316253037571583
-3.978978978978979	0.027742158594450634	0.026266438173833277
-3.968968968968969	0.02769015357556343	0.026216939939635867
-3.958958958958959	0.02763847044643545	0.02616776085442865
-3.948948948948949	0.02758711190261175	0.026118903469033717
-3.938938938938939	0.027536080672945454	0.02607037036608563
-3.928928928928929	0.02748537952028072	0.02602216416067696
-3.918918918918919	0.027435011242125985	0.025974287500917206
-3.908908908908909	0.027384978671144814	0.0259267430686883
-3.898898898898899	0.027335284676042983	0.025879533579984956
-3.888888888888889	0.02728593216198238	0.025832661785867177
-3.878878878878879	0.027236924071411463	0.025786130472843255
-3.868868868868869	0.02718826338470461	0.025739942463685175
-3.858858858858859	0.027139953120961586	0.025694100618082173
-3.848848848848849	0.02709199633864786	0.025648607833309533
-3.838838838838839	0.027044396136271992	0.02560346704485877
-3.828828828828829	0.026997155653395458	0.025558681227449254
-3.818818818818819	0.026950278071178422	0.025514253395441677
-3.808808808808809	0.0269037666131639	0.025470186603772364
-3.798798798798799	0.026857624546386193	0.025426483948629692
-3.7887887887887888	0.026811855181930556	0.025383148568427844
-3.7787787787787788	0.02676646187581305	0.025340183644471083
-3.7687687687687688	0.026721448030008473	0.02529759240178866
-3.7587587587587588	0.0266768170932036	0.025255378110043164
-3.7487487487487487	0.026632572561789806	0.0252135440844168
-3.7387387387387387	0.02658871798079901	0.02517209368653658
-3.7287287287287287	0.02654525694485263	0.025131030325166136
-3.7187187187187187	0.026502193099208034	0.02509035745753891
-3.7087087087087087	0.02645953014063643	0.025050078589929834
-3.6986986986986987	0.026417271818562734	0.025010197278895665
-3.6886886886886887	0.026375421936171227	0.024970717132157184
-3.6786786786786787	0.02633398435134256	0.024931641809722214
-3.6686686686686687	0.026292962977955726	0.024892975024834035
-3.6586586586586587	0.02625236178688275	0.024854720545189078
-3.6486486486486487	0.02621218480716885	0.024816882193962834
-3.6386386386386387	0.026172436127469414	0.02477946385098077
-3.6286286286286287	0.026133119896831137	0.024742469453896652
-3.6186186186186187	0.026094240326418387	0.0247059029993056
-3.6086086086086087	0.02605580169053458	0.024669768544127214
-3.5985985985985987	0.026017808328053168	0.024634070206753022
-3.5885885885885886	0.02598026464373486	0.024598812168412046
-3.5785785785785786	0.02594317510970244	0.024563998674314514
-3.5685685685685686	0.025906544266721815	0.024529634035361025
-3.5585585585585586	0.025870376725803768	0.024495722629264763
-3.5485485485485486	0.025834677169791962	0.024462268901879986
-3.5385385385385386	0.025799450354710703	0.024429277369083166
-3.5285285285285286	0.0257647011114686	0.024396752617939874
-3.5185185185185186	0.02573043434745731	0.024364699308329192
-3.5085085085085086	0.025696655048316114	0.024333122174628873
-3.4984984984984986	0.0256633682795247	0.024302026027174167
-3.4884884884884886	0.02563057918829758	0.02427141575418823
-3.4784784784784786	0.02559829300521865	0.02424129632321525
-3.4684684684684686	0.025566515046420355	0.02421167278307204
-3.4584584584584586	0.0255352507151746	0.024182550265657236
-3.4484484484484486	0.025504505504085322	0.02415393398767804
-3.4384384384384385	0.025474284996939565	0.024125829252787064
-3.4284284284284285	0.025444594870888314	0.024098241453262538
-3.4184184184184185	0.025415440898691702	0.024071176072440123
-3.4084084084084085	0.025386828950705164	0.024044638686274978
-3.3983983983983985	0.02535876499727444	0.024018634965958952
-3.3883883883883885	0.02533125511107428	0.023993170679767587
-3.3783783783783785	0.0253043054693774	0.02396825169557306
-3.3683683683683685	0.02527792235659845	0.023943883983096055
-3.3583583583583585	0.02525211216690378	0.02392007361610403
-3.3483483483483485	0.025226881406669854	0.023896826775173095
-3.3383383383383385	0.02520223669730158	0.023874149749990522
-3.3283283283283285	0.025178184777717234	0.02385204894219341
-3.3183183183183185	0.025154732507771126	0.023830530867799325
-3.3083083083083085	0.025131886870425522	0.023809602160029846
-3.2982982982982985	0.025109654975411778	0.02378926957229279
-3.2882882882882885	0.02508804406184841	0.023769539980978666
-3.2782782782782784	0.025067061501904044	0.023750420388511932
-3.2682682682682684	0.0250467148035124	0.023731917926494015
-3.2582582582582584	0.025027011614353303	0.023714039858810213
-3.2482482482482484	0.025007959725025158	0.0236967935850233
-3.2382382382382384	0.024989567072638347	0.023680186643743304
-3.2282282282282284	0.02497184174469048	0.023664226715947964
-3.2182182182182184	0.024954791982773106	0.023648921628969786
-3.2082082082082084	0.024938426186575026	0.023634279359892263
-3.1981981981981984	0.0249227529179533	0.02362030803962215
-3.1881881881881884	0.024907780905065242	0.023607015956442094
-3.1781781781781784	0.024893519046808785	0.023594411560751618
-3.1681681681681684	0.024879976417400133	0.023582503468711772
-3.1581581581581584	0.024867162270618144	0.023571300466706396
-3.1481481481481484	0.024855086045037982	0.02356081151605366
-3.1381381381381384	0.02484375736858736	0.023551045757636092
-3.1281281281281283	0.02483318606392426	0.02354201251621726
-3.118118118118118	0.02482338215346975	0.023533721306023284
-3.108108108108108	0.024814355864945188	0.02352618183535138
-3.098098098098098	0.024806117637004646	0.023519404012307444
-3.088088088088088	0.0247986781250391	0.023513397949636774
-3.078078078078078	0.024792048207115395	0.023508173971007625
-3.068068068068068	0.024786238990212504	0.023503742616478453
-3.058058058058058	0.024781261816602933	0.02350011464859095
-3.048048048048048	0.02477712827061002	0.023497301058563045
-3.038038038038038	0.02477385018538588	0.023495313072944557
-3.028028028028028	0.02477143964992212	0.023494162159929114
-3.018018018018018	0.024769909016662393	0.023493860036569433
-3.008008008008008	0.024769270908935246	0.02349441867577484
-2.997997997997998	0.02476953822890518	0.023495850313889333
-2.987987987987988	0.024770724165603462	0.023498167457984567
-2.977977977977978	0.02477284220374871	0.023501382894156903
-2.967967967967968	0.02477590613208723	0.023505509695766712
-2.957957957957958	0.024779930052964264	0.023510561231633455
-2.947947947947948	0.02478492839120122	0.023516551175074944
-2.937937937937938	0.024790915904459622	0.02352349351315555
-2.9279279279279278	0.024797907692888553	0.023531402556248453
-2.9179179179179178	0.024805919210073912	0.023540292947502588
-2.9079079079079078	0.02481496627366443	0.023550179673378573
-2.8978978978978978	0.02482506507699063	0.023561078074355764
-2.8878878878878878	0.024836232200432403	0.023573003855713294
-2.8778778778778777	0.024848484624171274	0.023585973099069076
-2.8678678678678677	0.02486183974053871	0.02360000227429971
-2.8578578578578577	0.02487631536738201	0.023615108252090594
-2.8478478478478477	0.024891929761785222	0.023631308316239188
-2.8378378378378377	0.024908701634338015	0.02364862017757498
-2.8278278278278277	0.024926650164018356	0.023667061987630397
-2.8178178178178177	0.024945795013562606	0.023686652353034115
-2.8078078078078077	0.02496615634575921	0.023707410350446646
-2.7977977977977977	0.024987754840031164	0.02372935554251313
-2.7877877877877877	0.025010611709768378	0.023752507993936172
-2.7777777777777777	0.02503474872087408	0.023776888288398444
-2.7677677677677677	0.02506018821027557	0.02380251754631785
-2.7577577577577577	0.025086953106038326	0.023829417443250355
-2.7477477477477477	0.02511506694750521	0.023857610228991098
-2.7377377377377377	0.0251445539070887	0.023887118747847037
-2.7277277277277276	0.025175438812639145	0.023917966459149557
-2.7177177177177176	0.025207747170665658	0.023950177459235146
-2.7077077077077076	0.02524150519067113	0.02398377650403444
-2.6976976976976976	0.025276739810864493	0.024018789033215658
-2.6876876876876876	0.02531347872453899	0.024055241194350277
-2.6776776776776776	0.025351750407926664	0.024093159869217715
-2.6676676676676676	0.02539158414949266	0.024132572700707636
-2.6576576576576576	0.0254330100799604	0.024173508121501493
-2.6476476476476476	0.025476059204281996	0.024215995382949124
-2.6376376376376376	0.02552076343493585	0.024260064586537494
-2.6276276276276276	0.025567155627038846	0.024305746716505806
-2.6176176176176176	0.025615269614026853	0.024353073673158494
-2.6076076076076076	0.02566514024680436	0.02440207830890217
-2.5975975975975976	0.025716803433374326	0.024452794465334937
-2.5875875875875876	0.025770296180784694	0.024505257012584346
-2.5775775775775776	0.025825656639525612	0.024559501889643374
-2.5675675675675675	0.025882924149480895	0.02461556614802209
-2.5575575575575575	0.025942139288549108	0.02467348799642887
-2.5475475475475475	0.02600334392381453	0.02473330684841042
-2.5375375375375375	0.02606658126503208	0.02479506337202209
-2.5275275275275275	0.026131895920808626	0.02485879954210822
-2.5175175175175175	0.02619933395825806	0.024924558695219805
-2.5075075075075075	0.02626894296494307	0.0249923855876382
-2.4974974974974975	0.02634077211459527	0.0250623264561748
-2.4874874874874875	0.026414872236198046	0.025134429082370038
-2.4774774774774775	0.026491295887248925	0.025208742859682307
-2.4674674674674675	0.026570097429577534	0.025285318865228605
-2.4574574574574575	0.026651333111173545	0.025364209934209354
-2.4474474474474475	0.026735061150922227	0.025445470739341957
-2.4374374374374375	0.026821341829477874	0.025529157874565382
-2.4274274274274275	0.026910237583795606	0.02561532994314077
-2.4174174174174174	0.02700181310790231	0.025704047650689697
-2.4074074074074074	0.0270961354597906	0.025795373903949623
-2.3973973973973974	0.02719327417334121	0.02588937391460504
-2.3873873873873874	0.027293301377860374	0.025986115310519
-2.3773773773773774	0.027396291924129124	0.026085668251173134
-2.3673673673673674	0.027502323518015855	0.026188105552611217
-2.3573573573573574	0.027611476862228992	0.026293502818020554
-2.3473473473473474	0.02772383580727467	0.026401938576618315
-2.3373373373373374	0.027839487510151893	0.0265134944316857
-2.3273273273273274	0.027958522604619205	0.026628255217508286
-2.3173173173173174	0.02808103538115412	0.026746309165615857
-2.3073073073073074	0.028207123978843705	0.02686774808183991
-2.2972972972972974	0.028336890589069373	0.02699266753537586
-2.2872872872872874	0.028470441673131047	0.02712116705874142
-2.2772772772772774	0.028607888193201994	0.027253350362612314
-2.2672672672672673	0.028749345859388056	0.02738932556220741
-2.2572572572572573	0.02889493539349312	0.027529205422324246
-2.2472472472472473	0.02904478280977587	0.027673107615331184
-2.2372372372372373	0.029199019715072317	0.027821154999751244
-2.2272272272272273	0.029357783631429706	0.027973475915973434
-2.2172172172172173	0.029521218338773265	0.02813020450391006
-2.2072072072072073	0.029689474244131302	0.02829148104322617
-2.1971971971971973	0.02986270877560136	0.028457452316348806
-2.1871871871871873	0.030041086806504937	0.02862827200004636
-2.1771771771771773	0.030224781109951	0.028804101084073087
-2.1671671671671673	0.03041397284678516	0.02898510832115203
-2.1571571571571573	0.030608852091630567	0.029171470711828913
-2.1471471471471473	0.030809618397315344	0.029363374024713573
-2.1371371371371373	0.031016481404849514	0.02956101335754059
-2.1271271271271273	0.031229661499268657	0.02976459374257233
-2.1171171171171173	0.03144939051855342	0.02997433079829039
-2.1071071071071072	0.03167591251912636	0.030190451435052296
-2.0970970970970972	0.03190948460347492	0.03041319461609479
-2.0870870870870872	0.032150377816134806	0.030642812182893244
-2.0770770770770772	0.03239887811342284	0.03087956974775626
-2.067067067067067	0.03265528741707377	0.03112374766204397
-2.057057057057057	0.032919924756213394	0.031375642067272044
-2.047047047047047	0.03319312750912416	0.03163556603862427
-2.037037037037037	0.033475252755339996	0.03190385082546543
-2.027027027027027	0.033766678746658806	0.03218084720635959
-2.017017017017017	0.03406780651432333	0.032466926963572756
-2.007007007007007	0.034379061617621734	0.032762484494652654
-1.996996996996997	0.034700896065356826	0.03306793857252873
-1.986986986986987	0.03503379040883347	0.03338373427232618
-1.976976976976977	0.035378256042079344	0.03371034508295927
-1.966966966966967	0.035734837723936694	0.034048275223206526
-1.956956956956957	0.03610411635069643	0.03439806218762261
-1.946946946946947	0.03648671200491387	0.034760279546198126
-1.936936936936937	0.03688328731842238	0.03513554003013388
-1.926926926926927	0.03729455118175162	0.035524498936764515
-1.916916916916917	0.03772126284427839	0.03592785789230775
-1.906906906906907	0.038164236455000985	0.036346369015020266
-1.896896896896897	0.03862434609489005	0.0367808395347314
-1.8868868868868869	0.03910253136839728	0.037232136916769736
-1.8768768768768769	0.03959980362247319	0.03770119456747864
-1.8668668668668669	0.0401172528792491	0.038189018187097946
-1.8568568568568569	0.04065605557510358	0.03869669286380862
-1.8468468468468469	0.04121748321796695	0.03922539100850428
-1.8368368368368369	0.04180291209040198	0.039776381242951395
-1.8268268268268268	0.042413834146409965	0.04035103838344634
-1.8168168168168168	0.04305186927246455	0.04095085466992237
-1.8068068068068068	0.04371877911425777	0.04157745242834815
-1.7967967967967968	0.044416482705294885	0.04223259837870541
-1.7867867867867868	0.04514707416865985	0.04291821983927835
-1.7767767767767768	0.0459128428151523	0.04363642312305253
-1.7667667667667668	0.04671629602222359	0.04438951447140777
-1.7567567567567568	0.04756018533789752	0.04518002393888102
-1.7467467467467468	0.04844753634795607	0.04601073271385114
-1.7367367367367368	0.04938168294163317	0.04688470445682766
-1.7267267267267268	0.050366306729828746	0.04780532134993897
-1.7167167167167168	0.05140548253555543	0.048776325684236524
-1.7067067067067068	0.05250373104139892	0.049801867993460334
-1.6966966966966968	0.053666079923847074	0.05088656292589074
-1.6866866866866868	0.05489813507761987	0.052035554338878395
-1.6766766766766767	0.05620616388010732	0.05325459138180321
-1.6666666666666667	0.05759719289465683	0.05455011775935861
-1.6566566566566567	0.05907912294177087	0.05592937685464605
-1.6466466466466467	0.06066086517446815	0.05740053602348356
-1.6366366366366367	0.06235250265362418	0.058972834171226084
-1.6266266266266267	0.06416548304797445	0.06065675774066125
-1.6166166166166167	0.06611284949674866	0.062464251547705074
-1.6066066066066067	0.06820951853209492	0.06440897258886913
-1.5965965965965967	0.0704726163386271	0.0665065971206875
-1.5865865865865867	0.0729218877556198	0.06877519420358015
-1.5765765765765767	0.0755801965596771	0.0712356826325315
-1.5665665665665667	0.07847414098387091	0.07391239322876039
-1.5565565565565564	0.08163481576825435	0.07683376512157611
-1.5465465465465464	0.08509876180527053	0.08003321369848244
-1.5365365365365364	0.08890915781976097	0.08355022019132173
-1.5265265265265264	0.09311732676982949	0.08743170971294478
-1.5165165165165164	0.09778465495019024	0.09173380795884677
-1.5065065065065064	0.10298505708175508	0.09652409952776098
-1.4964964964964964	0.10880817047028857	0.10188455716258032
-1.4864864864864864	0.11536353234215993	0.1079153775442922
-1.4764764764764764	0.12278609677070292	0.11474005531807739
-1.4664664664664664	0.13124359675146652	0.12251216780824388
-1.4564564564564564	0.1409464766154983	0.13142455177399942
-1.4464464464464464	0.1521614472514347	0.14172186755602098
-1.4364364364364364	0.16523020906208535	0.15371802400523346
-1.4264264264264264	0.1805956353651545	0.16782067436493642
-1.4164164164164164	0.19883885166418777	0.1845661417698786
-1.4064064064064064	0.220732394495908	0.204669938973904
-1.3963963963963963	0.2473172865890458	0.22910089815247658
-1.3863863863863863	0.2800157815281444	0.259191402826672
-1.3763763763763763	0.32079690861702254	0.2968030629924586
-1.3663663663663663	0.3724179315531989	0.34457690984110856
-1.3563563563563563	0.4387664305694931	0.40630819969368315
-1.3463463463463463	0.5253059047743444	0.4874872956779042
-1.3363363363363363	0.6395197630403636	0.5959946089519588
-1.3263263263263263	0.790868177404564	0.7426694197930843
-1.3163163163163163	0.9886601477499672	0.9404976159569021
-1.3063063063063063	1.2337841582639515	1.1983517172622038
-1.2962962962962963	1.4984218195911576	1.5003050019281148
-1.2862862862862863	1.7014158627250493	1.7675741035456483
-1.2762762762762763	1.7328824870797102	1.8581971470482659
-1.2662662662662663	1.5618613021573278	1.697146904065526
-1.2562562562562563	1.2796815658936862	1.3820622883489324
-1.2462462462462462	0.9963158492793618	1.0586770499357978
-1.2362362362362362	0.7640813101449996	0.7973221403298992
-1.2262262262262262	0.5893532162744262	0.6051289576526421
-1.2162162162162162	0.4616670443994712	0.467799577964236
-1.2062062062062062	0.36859826417019775	0.36962618035270733
-1.1961961961961962	0.3001327586653856	0.2985572727744203
-1.1861861861861862	0.24906255748801998	0.24623884339414387
-1.1761761761761762	0.2103878555631247	0.20704536704690504
-1.1661661661661662	0.18066492501279208	0.17719285725793843
-1.1561561561561562	0.15750737147240923	0.1541089596972363
-1.1461461461461462	0.1392416878136323	0.13601791614564124
-1.1361361361361362	0.12467740941155316	0.12167290887852103
-1.1261261261261262	0.11295493806705571	0.11018345861663784
-1.1161161161161162	0.10344436651704368	0.10090306304059195
-1.1061061061061062	0.09567754239134926	0.0933550429916005
-1.0960960960960962	0.08930187582686414	0.08718284498156563
-1.0860860860860861	0.08404850137923979	0.08211620337046137
-1.0760760760760761	0.07971002839453689	0.07794773964975724
-1.0660660660660661	0.07612477972810666	0.07451653533397247
-1.0560560560560561	0.07316547971185808	0.07169643497574678
-1.0460460460460461	0.07073103351636693	0.06938760474734551
-1.0360360360360361	0.06874048211770348	0.06751036319389106
-1.026026026026026	0.06712850732492329	0.06600061903537471
-1.016016016016016	0.06584205422304441	0.0648064599216807
-1.006006006006006	0.06483776818737146	0.0638855753304639
-0.995995995995996	0.06408003201308302	0.063203290792711
-0.985985985985986	0.06353944963138809	0.06273105488808554
-0.975975975975976	0.06319166531028456	0.062445264922651
-0.965965965965966	0.06301643719586338	0.06232634835101884
-0.955955955955956	0.06299690527652997	0.06235803902723441
-0.9459459459459459	0.06311900923846246	0.06252680312671942
-0.9359359359359359	0.0633710227453929	0.06282138100955156
-0.9259259259259259	0.0637431788209504	0.06323241953512708
-0.9159159159159159	0.0642273670626674	0.06375217551307635
-0.9059059059059059	0.06481688784561873	0.06437427547626703
-0.8958958958958959	0.06550625207966336	0.06509352035538263
-0.8858858858858859	0.06629101761171124	0.06590572621127719
-0.8758758758758759	0.06716765530000406	0.0668075941117177
-0.8658658658658659	0.06813343928072778	0.06779660372571768
-0.8558558558558559	0.06918635710084942	0.06887092637565731
-0.8458458458458459	0.07032503628080591	0.07002935413933173
-0.8358358358358359	0.07154868456884027	0.07127124233873194
-0.8258258258258259	0.07285704170519623	0.07259646325197613
-0.8158158158158159	0.07425034095176433	0.07400536934807192
-0.8058058058058059	0.07572927898886928	0.07549876468410607
-0.7957957957957958	0.07729499307654554	0.07707788337527285
-0.7857857857857858	0.07894904458739051	0.07874437428388599
-0.7757757757757757	0.08069340822556816	0.08050029124793158
-0.7657657657657657	0.08253046638814084	0.08234808833970078
-0.7557557557557557	0.08446300827340132	0.08429061976055834
-0.7457457457457457	0.08649423343845211	0.0863311440887803
-0.7357357357357357	0.0886277596110602	0.08847333271297207
-0.7257257257257257	0.09086763465802056	0.09072128234190359
-0.7157157157157157	0.09321835268246505	0.09307953158217894
-0.7057057057057057	0.09568487429092402	0.09555308163907464
-0.6956956956956957	0.09827265117551845	0.09814742127517317
-0.6856856856856857	0.10098765517842752	0.10086855621714534
-0.6756756756756757	0.10383641213099319	0.10372304329375522
-0.6656656656656657	0.10682604079907243	0.10671802965397888
-0.6556556556556556	0.1099642973603245	0.109861297488704
-0.6456456456456456	0.11325962595264284	0.11316131478412034
-0.6356356356356356	0.1167212158645538	0.1166272927169693
-0.6256256256256256	0.12035906615193662	0.12026925043693622
-0.6156156156156156	0.1241840584787353	0.12409808806493003
-0.6056056056056056	0.12820803921243124	0.12812566892679755
-0.5955955955955956	0.13244391192841645	0.1323649121836957
-0.5855855855855856	0.13690574167133393	0.13682989720209293
-0.5755755755755756	0.14160887255365448	0.14153598125775108
-0.5655655655655656	0.1465700605465177	0.14649993241314993
-0.5555555555555556	0.1518076235952763	0.15174007971157483
-0.5455455455455456	0.15734161158997198	0.1572764832249242
-0.5355355355355356	0.1631939991404233	0.16313112688524495
-0.5255255255255256	0.16938890461505984	0.16932813758872775
-0.5155155155155156	0.17595283953991694	0.17589403463435066
-0.5055055055055055	0.18291499316304555	0.18285801434347726
-0.4954954954954955	0.1903075579195058	0.1902522755484407
-0.4854854854854855	0.19816610255718886	0.19811239276348047
-0.4754754754754755	0.20653000103566974	0.20647774509666214
-0.46546546546546547	0.21544292685177696	0.21539201060703753
-0.45545545545545546	0.22495342441832686	0.2249037376860902
-0.44544544544544545	0.23511557146047812	0.23506700747283457
-0.43543543543543545	0.2459897493717946	0.24594220420322604
-0.42542542542542544	0.25764354202961987	0.25759691402943974
-0.41541541541541543	0.2701527881573817	0.27010697735896916
-0.40540540540540543	0.2836028178702192	0.28355772539451396
-0.3953953953953954	0.29808991120045786	0.2980454386173476
-0.38538538538538536	0.31372302526905543	0.31367907392111166
-0.37537537537537535	0.3306258481584498	0.33058231843876346
-0.36536536536536535	0.34893925205139703	0.3488960426045945
-0.35535535535535534	0.3688242368164629	0.3687812436633437
-0.34534534534534533	0.39046547938541626	0.3904225949321204
-0.3353353353353353	0.4140756356502914	0.41403274756415165
-0.3253253253253253	0.43990058289886214	0.4398575728240044
-0.3153153153153153	0.4682258453241272	0.46818258737805246
-0.3053053053053053	0.49938451783006	0.4993408768639629
-0.2952952952952953	0.5337671011456726	0.5337229306473169
-0.2852852852852853	0.5718337938231892	0.5717889334274074
-0.2752752752752753	0.6141299683894978	0.6140842408790965
-0.2652652652652653	0.6613058104633628	0.661259018094243
-0.2552552552552553	0.7141414514918875	0.7140933714729318
-0.24524524524524524	0.7735794241686927	0.7735298030603743
-0.23523523523523523	0.840766984382269	0.8407155310374865
-0.22522522522522523	0.9171118825651974	0.9170582592015782
-0.21521521521521522	1.0043567003950253	1.004300511133026
-0.20520520520520522	1.1046791668176128	1.1046199428417363
-0.19519519519519518	1.2208293724890955	1.2207665525011349
-0.18518518518518517	1.3563202492954352	1.356253153565894
-0.17517517517517517	1.515696325873016	1.5156241210964336
-0.16516516516516516	1.7049198007740054	1.7048414518938375
-0.15515515515515516	1.9319363302829684	1.931850533006429
-0.14514514514514515	2.2075229036298505	2.207427988255289
-0.13513513513513514	2.546590779095936	2.546484570026416
-0.12512512512512514	2.970245607214233	2.9701252125351703
-0.11511511511511512	3.509152784024765	3.5090142708473206
-0.10510510510510511	4.209246309846709	4.2090841858444055
-0.09509509509509509	5.1418501313712595	5.141656482885555
-0.08508508508508508	6.42258784458445	6.4223508330573225
-0.07507507507507508	8.249020326631417	8.248721408613422
-0.06506506506506507	10.981647590146057	10.981255991399395
-0.055055055055055056	15.336411503353384	15.335872172381965
-0.04504504504504504	22.906023404310282	22.905227327470044
-0.035035035035035036	37.85261971285987	37.851317075674025
-0.025025025025025027	74.13277725870141	74.13024762446786
-0.015015015015015015	205.3411261706271	205.33419071496613
-0.005005005005005005	1784.9445018987703	1784.888433677597
0.005005005005005005	1784.9445018987715	1784.8884336733513
0.015015015015015015	205.34112616984174	205.33419071550017
0.025025025025025027	74.13277725888709	74.13024762456315
0.035035035035035036	37.85261971290699	37.851317075722754
0.04504504504504504	22.90602340425024	22.905227327499475
0.055055055055055056	15.336411503373077	15.335872172343622
0.06506506506506507	10.981647590160605	10.9812559913988
0.07507507507507508	8.24902032664203	8.248721408602668
0.08508508508508508	6.4225878445925435	6.422350833066088
0.09509509509509509	5.141850131371178	5.141656482872554
0.10510510510510511	4.209246309852472	4.2090841858442385
0.11511511511511512	3.5091527840339034	3.509014270856137
0.12512512512512514	2.970245607221767	2.9701252125312787
0.13513513513513514	2.546590779095871	2.546484570026504
0.14514514514514515	2.2075229036326256	2.2074279882553944
0.15515515515515516	1.9319363302855308	1.9318505330089382
0.16516516516516516	1.7049198007828732	1.7048414518983188
0.17517517517517517	1.515696325875016	1.5156241210964352
0.18518518518518517	1.356320249298956	1.3562531535676765
0.19519519519519518	1.2208293724858674	1.2207665524979117
0.20520520520520522	1.1046791668175884	1.1046199428403365
0.21521521521521522	1.0043567003963039	1.0043005111342838
0.22522522522522523	0.9171118825651451	0.9170582591992101
0.23523523523523523	0.8407669843811763	0.8407155310353296
0.24524524524524524	0.7735794241706678	0.773529803060388
0.2552552552552553	0.7141414514919184	0.7140933714747657
0.2652652652652653	0.661305810460818	0.6612590180933969
0.2752752752752753	0.6141299683878892	0.6140842408775307
0.2852852852852853	0.5718337938224483	0.5717889334281808
0.2952952952952953	0.533767101147059	0.5337229306480362
0.3053053053053053	0.49938451783007265	0.49934087686527484
0.3153153153153153	0.4682258453234875	0.46818258737624086
0.3253253253253253	0.4399005828982966	0.43985757282286697
0.3353353353353353	0.41407563565135763	0.4140327475625252
0.34534534534534533	0.3904654793864081	0.3904225949316414
0.35535535535535534	0.3688242368159638	0.36878124366475545
0.36536536536536535	0.3489392520495749	0.3488960426032753
0.37537537537537535	0.3306258481584997	0.3305823184378846
0.38538538538538536	0.3137230252698541	0.3136790739219116
0.3953953953953954	0.29808991120124295	0.2980454386173607
0.40540540540540543	0.2836028178702255	0.283557725394138
0.41541541541541543	0.2701527881573685	0.27010697735929207
0.42542542542542544	0.25764354202961304	0.2575969140287648
0.43543543543543545	0.24598974937113346	0.24594220420225346
0.44544544544544545	0.23511557146137838	0.2350670074734785
0.45545545545545546	0.22495342441831118	0.22490373768579772
0.46546546546546547	0.21544292685264982	0.2153920106064537
0.4754754754754755	0.2065300010356758	0.2064777450972125
0.4854854854854855	0.19816610255668624	0.19811239276321543
0.4954954954954955	0.19030755791926665	0.19025227554846552
0.5055055055055055	0.18291499316277798	0.18285801434323531
0.5155155155155156	0.17595283953923466	0.17589403463434608
0.5255255255255256	0.16938890461504136	0.169328137588277
0.5355355355355356	0.16319399913978563	0.16313112688567102
0.5455455455455456	0.1573416115899542	0.15727648322447937
0.5555555555555556	0.15180762359525737	0.15174007971178746
0.5655655655655656	0.1465700605471101	0.14649993241411313
0.5755755755755756	0.14160887255399932	0.14153598125846856
0.5855855855855856	0.13690574167151887	0.13682989720206823
0.5955955955955956	0.13244391192876376	0.13236491218282953
0.6056056056056056	0.12820803921275237	0.12812566892696883
0.6156156156156156	0.12418405847873801	0.12409808806460666
0.6256256256256256	0.12035906615220882	0.12026925043769715
0.6356356356356356	0.1167212158644212	0.1166272927171071
0.6456456456456456	0.11325962595248662	0.11316131478368414
0.6556556556556556	0.1099642973608831	0.10986129748912257
0.6656656656656657	0.10682604079836718	0.10671802965424565
0.6756756756756757	0.10383641213126783	0.10372304329366765
0.6856856856856857	0.10098765517828652	0.10086855621688212
0.6956956956956957	0.09827265117524948	0.09814742127525554
0.7057057057057057	0.09568487429090022	0.09555308163897702
0.7157157157157157	0.09321835268212678	0.09307953158124911
0.7257257257257257	0.09086763465879723	0.09072128234164424
0.7357357357357357	0.08862775961107407	0.08847333271293273
0.7457457457457457	0.08649423343813094	0.08633114408869572
0.7557557557557557	0.08446300827351523	0.08429061976066227
0.7657657657657657	0.08253046638793567	0.08234808834050211
0.7757757757757757	0.08069340822565506	0.08050029124776077
0.7857857857857858	0.07894904458740847	0.07874437428385761
0.7957957957957958	0.07729499307659732	0.07707788337518359
0.8058058058058059	0.07572927898887863	0.07549876468361512
0.8158158158158159	0.07425034095156319	0.07400536934835657
0.8258258258258259	0.07285704170563216	0.07259646325247036
0.8358358358358359	0.07154868456899274	0.07127124233939318
0.8458458458458459	0.0703250362807203	0.07002935413873446
0.8558558558558559	0.06918635710021075	0.06887092637557882
0.8658658658658659	0.06813343928030922	0.06779660372569125
0.8758758758758759	0.06716765530061047	0.06680759411147673
0.8858858858858859	0.06629101761192516	0.06590572621143442
0.8958958958958959	0.06550625207939968	0.06509352035543639
0.9059059059059059	0.06481688784545413	0.0643742754765332
0.9159159159159159	0.06422736706278565	0.06375217551355643
0.9259259259259259	0.06374317882120938	0.06323241953574403
0.9359359359359359	0.06337102274478254	0.06282138100997368
0.9459459459459459	0.06311900923838416	0.06252680312696017
0.955955955955956	0.06299690527672791	0.062358039027117715
0.965965965965966	0.06301643719627813	0.062326348351419744
0.975975975975976	0.06319166531111185	0.062445264922584155
0.985985985985986	0.06353944963116774	0.06273105488843861
0.995995995995996	0.06408003201327754	0.06320329079365847
1.006006006006006	0.0648377681867739	0.06388557533043346
1.016016016016016	0.06584205422324889	0.06480645992137833
1.026026026026026	0.06712850732520205	0.06600061903570145
1.0360360360360361	0.06874048211766068	0.06751036319376304
1.0460460460460461	0.07073103351749609	0.06938760474744088
1.0560560560560561	0.07316547971172105	0.07169643497613347
1.0660660660660661	0.07612477972859243	0.07451653533441874
1.0760760760760761	0.07971002839497132	0.07794773965064486
1.0860860860860861	0.08404850137955247	0.08211620337090424
1.0960960960960962	0.08930187582740359	0.08718284498209564
1.1061061061061062	0.09567754239263397	0.09335504299226816
1.1161161161161162	0.10344436651801776	0.10090306304059489
1.1261261261261262	0.11295493806780137	0.11018345861784702
1.1361361361361362	0.12467740941179305	0.1216729088796424
1.1461461461461462	0.13924168781425844	0.1360179161459664
1.1561561561561562	0.15750737147378005	0.15410895969929025
1.1661661661661662	0.18066492501305	0.17719285726056824
1.1761761761761762	0.21038785556571496	0.20704536704965726
1.1861861861861862	0.24906255749119763	0.2462388433967856
1.1961961961961962	0.30013275866816586	0.29855727277769467
1.2062062062062062	0.36859826417472713	0.369626180357217
1.2162162162162162	0.46166704440498024	0.467799577971357
1.2262262262262262	0.5893532162820302	0.6051289576597599
1.2362362362362362	0.7640813101552164	0.7973221403435049
1.2462462462462462	0.9963158492897509	1.0586770499497065
1.2562562562562563	1.2796815659059717	1.3820622883662925
1.2662662662662663	1.5618613021645393	1.6971469040764042
1.2762762762762763	1.7328824870790362	1.8581971470433136
1.2862862862862863	1.7014158627142195	1.7675741035292798
1.2962962962962963	1.4984218195739372	1.5003050019058473
1.3063063063063063	1.2337841582492606	1.1983517172438827
1.3163163163163163	0.9886601477366008	0.9404976159448628
1.3263263263263263	0.7908681773982166	0.7426694197812846
1.3363363363363363	0.6395197630338724	0.5959946089435846
1.3463463463463463	0.5253059047680309	0.48748729567233323
1.3563563563563563	0.4387664305660579	0.4063081996897218
1.3663663663663663	0.3724179315516726	0.3445769098378326
1.3763763763763763	0.3207969086153058	0.29680306298965997
1.3863863863863863	0.2800157815268304	0.2591914028247588
1.3963963963963963	0.24731728658826646	0.2291008981514648
1.4064064064064064	0.22073239449423493	0.20466993897240895
1.4164164164164164	0.19883885166334567	0.1845661417687105
1.4264264264264264	0.18059563536432247	0.16782067436475295
1.4364364364364364	0.1652302090617065	0.15371802400431914
1.4464464464464464	0.15216144725184746	0.14172186755564145
1.4564564564564564	0.14094647661504656	0.13142455177300402
1.4664664664664664	0.1312435967519768	0.12251216780803742
1.4764764764764764	0.12278609677010029	0.11474005531786217
1.4864864864864864	0.11536353234109825	0.10791537754416917
1.4964964964964964	0.10880817047024338	0.10188455716229863
1.5065065065065064	0.10298505708131238	0.0965240995274095
1.5165165165165164	0.09778465495011693	0.0917338079583805
1.5265265265265264	0.09311732676994959	0.08743170971289596
1.5365365365365364	0.08890915782001797	0.08355022019114702
1.5465465465465464	0.08509876180532557	0.08003321369845036
1.5565565565565564	0.08163481576835585	0.07683376512156899
1.5665665665665667	0.07847414098425322	0.07391239322924449
1.5765765765765767	0.07558019655973644	0.07123568263251845
1.5865865865865867	0.07292188775566176	0.0687751942037205
1.5965965965965967	0.0704726163381446	0.06650659712103353
1.6066066066066067	0.06820951853221298	0.06440897258882365
1.6166166166166167	0.06611284949681252	0.06246425154782706
1.6266266266266267	0.06416548304785603	0.06065675774057094
1.6366366366366367	0.06235250265331888	0.05897283417145961
1.6466466466466467	0.060660865174400995	0.05740053602367405
1.6566566566566567	0.05907912294183814	0.05592937685461496
1.6666666666666667	0.05759719289480925	0.054550117759033345
1.6766766766766767	0.05620616388022895	0.05325459138140141
1.6866866866866868	0.05489813507773379	0.05203555433885173
1.6966966966966968	0.05366607992409423	0.050886562925793855
1.7067067067067068	0.05250373104131884	0.0498018679936184
1.7167167167167168	0.051405482535665396	0.04877632568459315
1.7267267267267268	0.050366306729944056	0.04780532134983777
1.7367367367367368	0.04938168294139205	0.04688470445682521
1.7467467467467468	0.04844753634821176	0.04601073271376016
1.7567567567567568	0.04756018533783294	0.04518002393865072
1.7667667667667668	0.046716296022248804	0.044389514471294494
1.7767767767767768	0.04591284281530446	0.04363642312301893
1.7867867867867868	0.04514707416881925	0.04291821983931215
1.7967967967967968	0.04441648270535797	0.0422325983787128
1.8068068068068068	0.04371877911413077	0.041577452428273855
1.8168168168168168	0.04305186927228428	0.0409508546701834
1.8268268268268268	0.04241383414664449	0.04035103838361446
1.8368368368368369	0.041802912090441305	0.039776381242964384
1.8468468468468469	0.04121748321788139	0.039225391008518094
1.8568568568568569	0.04065605557499207	0.03869669286383966
1.8668668668668669	0.040117252879354234	0.03818901818706014
1.8768768768768769	0.03959980362246901	0.037701194567545074
1.8868868868868869	0.039102531368398856	0.03723213691695041
1.896896896896897	0.038624346095027164	0.036780839534588015
1.906906906906907	0.038164236454939444	0.0363463690150085
1.916916916916917	0.037721262844537286	0.03592785789227065
1.926926926926927	0.037294551181780704	0.0355244989370141
1.936936936936937	0.036883287318517664	0.03513554003020982
1.946946946946947	0.036486712004871774	0.03476027954638554
1.956956956956957	0.03610411635065824	0.03439806218778065
1.966966966966967	0.0357348377241232	0.0340482752233114
1.976976976976977	0.03537825604216478	0.03371034508309571
1.986986986986987	0.035033790408948974	0.033383734272326444
1.996996996996997	0.03470089606549091	0.033067938572797315
2.007007007007007	0.0343790616178554	0.032762484494899546
2.017017017017017	0.03406780651407828	0.032466926963527876
2.027027027027027	0.033766678746908925	0.032180847206468015
2.037037037037037	0.03347525275531304	0.031903850825529066
2.047047047047047	0.0331931275092985	0.03163556603863145
2.057057057057057	0.032919924756252016	0.03137564206739728
2.067067067067067	0.032655287417199245	0.031123747661938626
2.0770770770770772	0.03239887811345651	0.03087956974790405
2.0870870870870872	0.03215037781620442	0.0306428121829939
2.0970970970970972	0.0319094846035755	0.030413194616116336
2.1071071071071072	0.03167591251922977	0.030190451435102513
2.1171171171171173	0.031449390518542834	0.029974330798378242
2.1271271271271273	0.031229661499249755	0.029764593742554555
2.1371371371371373	0.031016481405042574	0.029561013357741393
2.1471471471471473	0.030809618397436563	0.02936337402481519
2.1571571571571573	0.030608852091765944	0.029171470711899843
2.1671671671671673	0.03041397284689034	0.02898510832129212
2.1771771771771773	0.030224781109840733	0.02880410108409309
2.1871871871871873	0.030041086806568338	0.02862827200009557
2.1971971971971973	0.0298627087756263	0.028457452316502527
2.2072072072072073	0.02968947424412453	0.028291481043280255
2.2172172172172173	0.02952121833886649	0.028130204504023693
2.2272272272272273	0.02935778363150154	0.027973475916027713
2.2372372372372373	0.029199019715166464	0.02782115499986124
2.2472472472472473	0.029044782809801224	0.027673107615427947
2.2572572572572573	0.028894935393651587	0.027529205422394783
2.2672672672672673	0.028749345859487487	0.0273893255623085
2.2772772772772774	0.028607888193197366	0.027253350362587695
2.2872872872872874	0.02847044167317386	0.027121167058904126
2.2972972972972974	0.028336890589215652	0.026992667535368102
2.3073073073073074	0.028207123978888613	0.026867748081899297
2.3173173173173174	0.028081035381188398	0.026746309165672038
2.3273273273273274	0.027958522604682394	0.026628255217593714
2.3373373373373374	0.027839487510182063	0.026513494431834712
2.3473473473473474	0.027723835807417566	0.026401938576643587
2.3573573573573574	0.02761147686231348	0.026293502818102072
2.3673673673673674	0.027502323518020153	0.026188105552744614
2.3773773773773774	0.02739629192420168	0.026085668251253018
2.3873873873873874	0.027293301377988615	0.025986115310539022
2.3973973973973974	0.027193274173426315	0.025889373914773733
2.4074074074074074	0.027096135459884207	0.025795373903991708
2.4174174174174174	0.027001813107926168	0.025704047650748088
2.4274274274274275	0.026910237583834918	0.025615329943270607
2.4374374374374375	0.02682134182952644	0.025529157874694224
2.4474474474474475	0.02673506115100348	0.025445470739436916
2.4574574574574575	0.026651333111217347	0.02536420993425093
2.4674674674674675	0.026570097429695242	0.02528531886532194
2.4774774774774775	0.02649129588734752	0.02520874285979352
2.4874874874874875	0.02641487223634135	0.025134429082435367
2.4974974974974975	0.02634077211471065	0.025062326456334088
2.5075075075075075	0.026268942965016626	0.024992385587733687
2.5175175175175175	0.026199333958359355	0.02492455869528546
2.5275275275275275	0.026131895920982813	0.024858799542209584
2.5375375375375375	0.026066581265127647	0.0247950633721474
2.5475475475475475	0.026003343923907553	0.024733306848434965
2.5575575575575575	0.025942139288646034	0.024673487996473165
2.5675675675675675	0.025882924149542984	0.02461556614807983
2.5775775775775776	0.02582565663967068	0.024559501889789545
2.5875875875875876	0.02577029618091374	0.02450525701265967
2.5975975975975976	0.02571680343345931	0.024452794465500142
2.6076076076076076	0.025665140246842126	0.024402078308940194
2.6176176176176176	0.025615269614076147	0.024353073673227997
2.6276276276276276	0.02556715562706525	0.02430574671658384
2.6376376376376376	0.02552076343506875	0.02426006458665488
2.6476476476476476	0.025476059204416198	0.02421599538302167
2.6576576576576576	0.025433010080061293	0.024173508121581536
2.6676676676676676	0.025391584149602006	0.02413257270092008
2.6776776776776776	0.025351750408103814	0.02409315986930172
2.6876876876876876	0.02531347872461547	0.02405524119442513
2.6976976976976976	0.025276739810976293	0.024018789033338775
2.7077077077077076	0.0252415051907212	0.023983776504161232
2.7177177177177176	0.02520774717076561	0.023950177459282844
2.7277277277277276	0.025175438812770897	0.023917966459283468
2.7377377377377377	0.025144553907227567	0.023887118747935518
2.7477477477477477	0.02511506694759979	0.023857610229118646
2.7577577577577577	0.025086953106181274	0.02382941744325529
2.7677677677677677	0.025060188210429872	0.02380251754642035
2.7777777777777777	0.025034748720990135	0.023776888288496514
2.7877877877877877	0.02501061170990946	0.02375250799404167
2.7977977977977977	0.024987754840106645	0.02372935554267197
2.8078078078078077	0.024966156345888557	0.0237074103505562
2.8178178178178177	0.02494579501366669	0.02368665235316223
2.8278278278278277	0.024926650164111323	0.02366706198778025
2.8378378378378377	0.024908701634466172	0.023648620177708055
2.8478478478478477	0.02489192976190085	0.02363130831629165
2.8578578578578577	0.024876315367493827	0.02361510825219265
2.8678678678678677	0.02486183974069326	0.023600002274440906
2.8778778778778777	0.024848484624297434	0.023585973099128806
2.8878878878878878	0.024836232200574234	0.023573003855838083
2.8978978978978978	0.024825065077073376	0.023561078074510425
2.9079079079079078	0.02481496627379786	0.023550179673574295
2.9179179179179178	0.024805919210223498	0.023540292947618932
2.9279279279279278	0.02479790769302769	0.023531402556320347
2.937937937937938	0.024790915904551014	0.02352349351331889
2.947947947947948	0.024784928391349725	0.023516551175147272
2.957957957957958	0.02477993005307156	0.023510561231669315
2.967967967967968	0.02477590613222125	0.023505509695816284
2.977977977977978	0.02477284220383286	0.023501382894302657
2.987987987987988	0.024770724165721025	0.023498167458097324
2.997997997997998	0.024769538228997433	0.023495850313978408
3.008008008008008	0.02476927090902918	0.023494418675893202
3.018018018018018	0.0247699090167843	0.02349386003665917
3.028028028028028	0.02477143965003255	0.023494162160088167
3.038038038038038	0.02477385018548702	0.023495313073057206
3.048048048048048	0.02477712827073448	0.023497301058731664
3.058058058058058	0.024781261816703325	0.023500114648698507
3.068068068068068	0.024786238990333144	0.023503742616596157
3.078078078078078	0.02479204820727059	0.023508173971099833
3.088088088088088	0.024798678125151904	0.023513397949709428
3.098098098098098	0.024806117637165382	0.023519404012421533
3.108108108108108	0.02481435586506482	0.0235261818354539
3.118118118118118	0.024823382153612874	0.023533721306135395
3.1281281281281283	0.02483318606402154	0.023542012516326597
3.1381381381381384	0.024843757368687346	0.023551045757741435
3.1481481481481484	0.02485508604517491	0.023560811516212754
3.1581581581581584	0.024867162270764468	0.023571300466827358
3.1681681681681684	0.024879976417496227	0.023582503468785015
3.1781781781781784	0.024893519046946318	0.02359441156088229
3.1881881881881884	0.024907780905186534	0.023607015956564184
3.1981981981981984	0.02492275291805451	0.023620308039680165
3.2082082082082084	0.024938426186689566	0.023634279360033414
3.2182182182182184	0.024954791982925394	0.023648921629105552
3.2282282282282284	0.024971841744852275	0.023664226716076913
3.2382382382382384	0.024989567072782184	0.02368018664387236
3.2482482482482484	0.02500795972510643	0.023696793585147636
3.2582582582582584	0.025027011614491803	0.02371403985898198
3.2682682682682684	0.02504671480358689	0.023731917926667633
3.2782782782782784	0.025067061501993608	0.023750420388650356
3.2882882882882885	0.02508804406200169	0.023769539981096183
3.2982982982982985	0.02510965497558645	0.02378926957241307
3.3083083083083085	0.02513188687062631	0.023809602160120506
3.3183183183183185	0.02515473250793781	0.023830530867951127
3.3283283283283285	0.025178184777920574	0.023852048942355708
3.3383383383383385	0.025202236697442943	0.02387414975017782
3.3483483483483485	0.02522688140684544	0.02389682677527511
3.3583583583583585	0.025252112167063485	0.023920073616191025
3.3683683683683685	0.025277922356758038	0.02394388398322109
3.3783783783783785	0.025304305469541117	0.023968251695753204
3.3883883883883885	0.02533125511123104	0.023993170679891877
3.3983983983983985	0.02535876499744355	0.024018634966088602
3.4084084084084085	0.02538682895087641	0.024044638686462984
3.4184184184184185	0.025415440898811214	0.024071176072606774
3.4284284284284285	0.02544459487104314	0.024098241453488416
3.4384384384384385	0.02547428499706841	0.024125829252938814
3.4484484484484486	0.025504505504202194	0.024153933987842484
3.4584584584584586	0.025535250715379872	0.02418255026580576
3.4684684684684686	0.025566515046590844	0.024211672783224378
3.4784784784784786	0.025598293005419923	0.02424129632333039
3.4884884884884886	0.025630579188444868	0.024271415754307402
3.4984984984984986	0.025663368279678248	0.024302026027325785
3.5085085085085086	0.025696655048459943	0.024333122174767973
3.5185185185185186	0.025730434347636676	0.02436469930849687
3.5285285285285286	0.025764701111596996	0.02439675261808253
3.5385385385385386	0.02579945035491013	0.02442927736924153
3.5485485485485486	0.025834677169957042	0.02446226890201706
3.5585585585585586	0.025870376725944846	0.02449572262939641
3.5685685685685686	0.02590654426683217	0.024529634035546772
3.5785785785785786	0.02594317510985575	0.024563998674527916
3.5885885885885886	0.0259802646439293	0.02459881216855015
3.5985985985985987	0.026017808328237788	0.024634070206931563
3.6086086086086087	0.02605580169072549	0.024669768544290163
3.6186186186186187	0.026094240326580653	0.024705902999499877
3.6286286286286287	0.026133119897013123	0.02474246945407225
3.6386386386386387	0.026172436127622947	0.024779463851197385
3.6486486486486487	0.026212184807385956	0.024816882194140345
3.6586586586586587	0.02625236178706647	0.02485472054538016
3.6686686686686687	0.026292962978162745	0.024892975024999556
3.6786786786786787	0.026333984351536728	0.024931641809866307
3.6886886886886887	0.026375421936378558	0.02497071713235017
3.6986986986986987	0.026417271818768066	0.025010197279051835
3.7087087087087087	0.026459530140802916	0.025050078590093654
3.7187187187187187	0.026502193099403923	0.02509035745774379
3.7287287287287287	0.026545256945072128	0.025131030325385363
3.7387387387387387	0.026588717980979358	0.02517209368668205
3.7487487487487487	0.026632572561977222	0.025213544084592508
3.7587587587587588	0.026676817093376024	0.025255378110226965
3.7687687687687688	0.026721448030183937	0.025297592401928186
3.7787787787787788	0.026766461876020737	0.025340183644660032
3.7887887887887888	0.02681185518214597	0.025383148568605705
3.798798798798799	0.026857624546614303	0.0254264839488138
3.808808808808809	0.02690376661334966	0.025470186603972933
3.818818818818819	0.02695027807134748	0.02551425339564772
3.828828828828829	0.02699715565360413	0.025558681227655485
3.838838838838839	0.02704439613649791	0.025603467045050444
3.848848848848849	0.027091996338835363	0.025648607833472153
3.858858858858859	0.027139953121174926	0.025694100618257727
3.868868868868869	0.027188263384907457	0.025739942463891524
3.878878878878879	0.027236924071603115	0.025786130473020575
3.888888888888889	0.027285932162161585	0.025832661786036423
3.898898898898899	0.027335284676229685	0.025879533580198667
3.908908908908909	0.027384978671380438	0.025926743068876445
3.918918918918919	0.027435011242334724	0.025974287501104126
3.928928928928929	0.027485379520496105	0.02602216416086536
3.938938938938939	0.027536080673160896	0.0260703703662821
3.948948948948949	0.02758711190281616	0.0261189034692538
3.958958958958959	0.0276384704466439	0.026167760854624356
3.968968968968969	0.02769015357576969	0.026216939939855844
3.978978978978979	0.0277421585946708	0.026266438174023802
3.988988988988989	0.027794482840682137	0.026316253037768755
3.998998998998999	0.02784712368331075	0.026366382042307606
4.009009009009009	0.027900078523647277	0.02641682272911512
4.019019019019019	0.027953344793984706	0.02646757266936692
4.029029029029029	0.02800691995702056	0.02651862946336053
4.039039039039039	0.02806080150548395	0.026569990739992517
4.049049049049049	0.028114986961604884	0.026621654156344512
4.059059059059059	0.028169473876565085	0.026673617397148366
4.069069069069069	0.028224259829920134	0.026725878174279464
4.079079079079079	0.0282793424293522	0.026778434226379603
4.089089089089089	0.028334719309910127	0.026831283318201237
4.099099099099099	0.028390388133710386	0.026884423240478725
4.109109109109109	0.028446346589350368	0.026937851809130973
4.119119119119119	0.02850259239166284	0.026991566865122756
4.129129129129129	0.02855912328103295	0.027045566273834625
4.1391391391391394	0.0286159370231392	0.027099847924779163
4.1491491491491495	0.02867303140850169	0.02715440973116176
4.1591591591591595	0.028730404251914747	0.027209249629517294
4.1691691691691695	0.028788053392258747	0.027264365579127103
4.1791791791791795	0.028845976691977963	0.02731975556194561
4.1891891891891895	0.028904172036753915	0.027375417582011057
4.1991991991991995	0.02896263733502698	0.027431349665119786
4.2092092092092095	0.02902137051770504	0.02748754985861443
4.2192192192192195	0.02908036953784736	0.027544016230751513
4.2292292292292295	0.029139632370039303	0.02760074687057427
4.2392392392392395	0.029199157010490962	0.027657739887525467
4.2492492492492495	0.029258941476212243	0.027714993411160346
4.2592592592592595	0.029318983805055314	0.027772505590686797
4.2692692692692695	0.02937928205511519	0.027830274594771724
4.2792792792792795	0.029439834304588765	0.027888298611148686
4.2892892892892895	0.029500638651342344	0.027946575846455296
4.2992992992992995	0.029561693212614138	0.02800510452569939
4.3093093093093096	0.029622996124820035	0.028063882892214915
4.31931931931932	0.0296845455430479	0.028122909207191273
4.32932932932933	0.029746339641023387	0.02818218174948885
4.33933933933934	0.02980837661053115	0.028241698815289592
4.34934934934935	0.029870654661382445	0.028301458717920894
4.35935935935936	0.02993317202101022	0.02836145978752178
4.36936936936937	0.029995926934177568	0.028421700370722974
4.37937937937938	0.030058917662801277	0.028482178830615233
4.38938938938939	0.03012214248563871	0.028542893546161182
4.3993993993994	0.030185599698033125	0.02860384291231867
4.40940940940941	0.030249287611592877	0.028665025339469172
4.41941941941942	0.030313204554151024	0.028726439253363985
4.42942942942943	0.030377348869268024	0.02878808309488992
4.43943943943944	0.030441718916126827	0.0288499553197965
4.44944944944945	0.030506313069369115	0.028912054398421337
4.45945945945946	0.030571129718642502	0.028974378815598972
4.46946946946947	0.030636167268652547	0.02903692707028785
4.47947947947948	0.030701424138689273	0.02909969767555999
4.48948948948949	0.03076689876259238	0.029162689158110083
4.4994994994995	0.030832589588383932	0.029225900058383776
4.50950950950951	0.03089849507827354	0.029289328930118867
4.51951951951952	0.030964613708201597	0.02935297434022383
4.52952952952953	0.031030943967848567	0.02941683486867692
4.53953953953954	0.03109748436027441	0.02948090910813219
4.54954954954955	0.031164233401874495	0.02954519566400623
4.55955955955956	0.031231189622080636	0.029609693154086913
4.56956956956957	0.03129835156309608	0.029674400208288664
4.57957957957958	0.03136571778000915	0.02973931546882396
4.58958958958959	0.031433286840345964	0.02980443758967092
4.5995995995996	0.031501057323937785	0.029869765236500093
4.60960960960961	0.03156902782279516	0.029935297086671125
4.61961961961962	0.03163719694091484	0.030001031828839998
4.62962962962963	0.031705563294213625	0.030066968162987245
4.63963963963964	0.03177412551016363	0.030133104800058375
4.64964964964965	0.031842882227765205	0.030199440462021516
4.65965965965966	0.03191183209732951	0.03026597388157801
4.66966966966967	0.0319809737804626	0.030332703802035746
4.67967967967968	0.03205030594967272	0.030399628977189
4.68968968968969	0.032119827288393084	0.030466748171152566
4.6996996996997	0.03218953649082324	0.03053406015821883
4.70970970970971	0.03225943226170927	0.030601563722729104
4.71971971971972	0.032329513316265074	0.03066925765890773
4.72972972972973	0.032399778379956765	0.030737140770820078
4.73973973973974	0.032470226188463465	0.030805211872062185
4.74974974974975	0.032540855487457075	0.03087346978581237
4.75975975975976	0.03261166503258632	0.030941913344584838
4.76976976976977	0.032682653589098346	0.031010541390154217
4.77977977977978	0.03275381993201068	0.031079352773479296
4.78978978978979	0.0328251628458428	0.03114834635436352
4.7997997997998	0.032896681124405316	0.031217521001693043
4.80980980980981	0.03296837357083152	0.03128687559296219
4.81981981981982	0.03304023899738266	0.03135640901434997
4.82982982982983	0.03311227622536275	0.031426120160681935
4.83983983983984	0.03318448408494455	0.031496007935048316
4.84984984984985	0.03325686141507868	0.03156607124892389
4.85985985985986	0.03332940706343508	0.03163630902196662
4.86986986986987	0.033402119886194855	0.03170672018199712
4.87987987987988	0.03347499874808806	0.031777303664736745
4.88988988988989	0.033548042522084584	0.031848058413789085
4.8998998998999	0.03362125008942246	0.03191898338064486
4.90990990990991	0.033694620339589955	0.03199007752439693
4.91991991991992	0.03376815216992988	0.032061339811749856
4.92992992992993	0.03384184448585879	0.032132769216931895
4.93993993993994	0.033915696200625026	0.03220436472146954
4.94994994994995	0.03398970623516989	0.032276125314306334
4.95995995995996	0.034063873518068125	0.032348049991490865
4.96996996996997	0.03413819698549684	0.03242013775631609
4.97997997997998	0.03421267558109027	0.032492387619023295
4.98998998998999	0.03428730825582988	0.03256479859675045
5.0	0.034362093968016545	0.03263736971363212
