-5.0	0.03385617167760623	0.03447724303946614
-4.98998998998999	0.03397464562774159	0.0345967753301673
-4.97997997997998	0.03409416038158348	0.0347173518669464
-4.96996996996997	0.03421472827011671	0.03483898494561156
-4.95995995995996	0.03433636180616123	0.0349616870420685
-4.94994994994995	0.034459073687544105	0.03508547081544499
-4.93993993993994	0.03458287680034282	0.03521034911127091
-4.92992992992993	0.034707784222182694	0.035336334964729064
-4.91991991991992	0.034833809225607464	0.035463441603962906
-4.90990990990991	0.03496096528151719	0.03559168245345339
-4.8998998998999	0.03508926606267235	0.035721071137460175
-4.88988988988989	0.03521872544727121	0.03585162148353747
-4.87987987987988	0.03534935752259587	0.03598334752612039
-4.86986986986987	0.03548117658874	0.03611626351017169
-4.85985985985986	0.035614197162407095	0.03625038389491949
-4.84984984984985	0.035748433980779856	0.03638572335765623
-4.83983983983984	0.03588390200548249	0.03652229679762193
-4.82982982982983	0.03602061642661461	0.03666011933996344
-4.81981981981982	0.03615859266686981	0.036799206339781065
-4.80980980980981	0.03629784638573599	0.036939573386237066
-4.7997997997998	0.03643839348379072	0.03708123630677882
-4.78978978978979	0.03658025010707776	0.037224211171419906
-4.77977977977978	0.03672343265157154	0.03736851429712983
-4.76976976976977	0.03686795776774766	0.03751416225229939
-4.75975975975976	0.0370138423652328	0.037661171861304854
-4.74974974974975	0.03716110361756234	0.0378095602091683
-4.73973973973974	0.037309758967026506	0.03795934464630736
-4.72972972972973	0.037459826129633514	0.038110542793390115
-4.71971971971972	0.03761132310016056	0.03826317254628433
-4.70970970970971	0.03776426815732011	0.03841725208111934
-4.6996996996997	0.037918679869036256	0.03857279985944149
-4.68968968968969	0.038074577097822505	0.03872983463348567
-4.67967967967968	0.03823197900628666	0.03888837545155619
-4.66966966966967	0.038390905062738935	0.039048441663518084
-4.65965965965966	0.03855137504693073	0.03921005292640128
-4.64964964964965	0.03871340905590694	0.03937322921013294
-4.63963963963964	0.038877027509988504	0.03953799080338168
-4.62962962962963	0.039042251158879986	0.039704358319525644
-4.61961961961962	0.039209101087907774	0.03987235270275541
-4.60960960960961	0.039377598724394954	0.040041995234291895
-4.5995995995996	0.03954776584417098	0.040213307538759166
-4.58958958958959	0.039719624578218704	0.04038631159066343
-4.57957957957958	0.03989319741947285	0.04056102972104099
-4.56956956956957	0.04006850722975876	0.04073748462422325
-4.55955955955956	0.0402455772468835	0.04091569936476506
-4.54954954954955	0.040424431091880236	0.04109569738451166
-4.53953953953954	0.040605092776417114	0.04127750250982293
-4.52952952952953	0.04078758671035213	0.04146113895894818
-4.51951951951952	0.04097193770947267	0.04164663134956967
-4.50950950950951	0.041158171003388616	0.04183400470649889
-4.4994994994995	0.041346312243609185	0.04202328446954588
-4.48948948948949	0.04153638751178904	0.042214496501562775
-4.47947947947948	0.0417284233281635	0.0424076670966552
-4.46946946946947	0.04192244666016654	0.04260282298857698
-4.45945945945946	0.0421184849312391	0.042799991359307996
-4.44944944944945	0.04231656602983176	0.042999199847824
-4.43943943943944	0.04251671831861139	0.04320047655905041
-4.42942942942943	0.042718970643866	0.04340385007302189
-4.41941941941942	0.04292335234513168	0.0436093494542358
-4.40940940940941	0.043129893265015914	0.04381700426122191
-4.3993993993994	0.043338623759258635	0.04402684455631515
-4.38938938938939	0.043549574707005774	0.04423890091564593
-4.37937937937938	0.04376277752132648	0.044453204439360225
-4.36936936936937	0.04397826415994995	0.0446697867620569
-4.35935935935936	0.044196067136265484	0.04488868006346717
-4.34934934934935	0.04441621953054707	0.04510991707935878
-4.33933933933934	0.04463875500145204	0.04533353111269914
-4.32932932932933	0.04486370779777386	0.04555955604506063
-4.31931931931932	0.04509111277045685	0.0457880263482848
-4.3093093093093096	0.04532100538488739	0.046018977096399495
-4.2992992992992995	0.04555342173346795	0.0462524439778213
-4.2892892892892895	0.045788398548477556	0.04648846330781638
-4.2792792792792795	0.04602597321522033	0.0467270720412517
-4.2692692692692695	0.04626618378548305	0.04696830778563438
-4.2592592592592595	0.04650906899129281	0.047212208814438966
-4.2492492492492495	0.04675466825900277	0.04745881408074971
-4.2392392392392395	0.0470030217236888	0.047708163231201285
-4.2292292292292295	0.047254170243887554	0.04796029662023917
-4.2192192192192195	0.04750815541666927	0.048215255324713165
-4.2092092092092095	0.04776501959306025	0.0484730811587901
-4.1991991991991995	0.04802480589382493	0.048733816689215156
-4.1891891891891895	0.048287558225610094	0.048997505250927435
-4.1791791791791795	0.04855332129746693	0.04926419096302321
-4.1691691691691695	0.04882214063775435	0.04953391874508566
-4.1591591591591595	0.049094062611439296	0.049806734333900975
-4.1491491491491495	0.04936913443779475	0.05008268430054231
-4.1391391391391394	0.049647404208517217	0.050361816067864426
-4.129129129129129	0.0499289209062653	0.0506441779283824
-4.119119119119119	0.05021373442362672	0.05092981906258435
-4.109109109109109	0.05050189558254008	0.051218789557644646
-4.099099099099099	0.0507934561541611	0.05151114042658926
-4.089089089089089	0.051088468879204346	0.05180692362788779
-4.079079079079079	0.051386987488756725	0.05210619208551341
-4.069069069069069	0.05168906672557972	0.05240899970946048
-4.059059059059059	0.05199476236592576	0.05271540141673418
-4.049049049049049	0.052304131241847955	0.053025453152837305
-4.039039039039039	0.052617231264055625	0.0533392119137528
-4.029029029029029	0.052934121445296335	0.05365673576842771
-4.019019019019019	0.05325486192429689	0.05397808388179249
-4.009009009009009	0.0535795139902713	0.054303316538316396
-3.998998998998999	0.05390814010799707	0.05463249516609961
-3.988988988988989	0.05424080394350631	0.054965682361535394
-3.978978978978979	0.05457757039036081	0.055302941914545684
-3.968968968968969	0.05491850559656852	0.0556443388344041
-3.958958958958959	0.05526367699212934	0.05598993937616139
-3.948948948948949	0.0556131533172377	0.0563398110676865
-3.938938938938939	0.05596700465114768	0.056694022737338416
-3.928928928928929	0.056325302441732186	0.05705264454228489
-3.918918918918919	0.05668811953573313	0.05741574799747844
-3.908908908908909	0.0570555302097438	0.05778340600531174
-3.898898898898899	0.05742761020190631	0.05815569288595776
-3.888888888888889	0.05780443674438455	0.05853268440842967
-3.878878878878879	0.05818608859657762	0.058914457822344904
-3.868868868868869	0.058572646079155875	0.05930109189045058
-3.858858858858859	0.05896419110887613	0.05969266692188922
-3.848848848848849	0.05936080723422761	0.06008926480624005
-3.838838838838839	0.05976257967193576	0.060490969048362854
-3.828828828828829	0.060169595344309545	0.06089786480403594
-3.818818818818819	0.06058194291748273	0.06131003891642427
-3.808808808808809	0.060999712840562686	0.06172757995340336
-3.798798798798799	0.061422997385684575	0.06215057824572465
-3.7887887887887888	0.06185189068903175	0.06257912592608261
-3.7787787787787788	0.06228648879280398	0.06301331696907045
-3.7687687687687688	0.06272688968817594	0.0634532472320593
-3.7587587587587588	0.06317319335927432	0.0638990144970148
-3.7487487487487487	0.06362550182816629	0.06435071851327527
-3.7387387387387387	0.064083919200909	0.06480846104129745
-3.7287287287287287	0.06454855171467762	0.06527234589742226
-3.7187187187187187	0.06501950778597845	0.06574247899962833
-3.7087087087087087	0.06549689805998703	0.06621896841435194
-3.6986986986986987	0.06598083546103083	0.06670192440434694
-3.6886886886886887	0.06647143524422781	0.0671914594776346
-3.6786786786786787	0.06696881504832264	0.06768768843754354
-3.6686686686686687	0.06747309494972649	0.06819072843387829
-3.6586586586586587	0.06798439751779435	0.06870069901522384
-3.6486486486486487	0.06850284787136734	0.06921772218241055
-3.6386386386386387	0.06902857373657903	0.06974192244316309
-3.6286286286286287	0.06956170550598138	0.07027342686794599
-3.6186186186186187	0.07010237629899572	0.07081236514703944
-3.6086086086086087	0.07065072202370988	0.07135886964883967
-3.5985985985985987	0.07120688144004617	0.07191307547944543
-3.5885885885885886	0.07177099622434077	0.07247512054349876
-3.5785785785785786	0.07234321103531867	0.07304514560633694
-3.5685685685685686	0.07292367358153161	0.07362329435746993
-3.5585585585585586	0.07351253469023578	0.07420971347536981
-3.5485485485485486	0.07410994837776627	0.07480455269363107
-3.5385385385385386	0.07471607192140908	0.07540796486849441
-3.5285285285285286	0.07533106593278949	0.07602010604774899
-3.5185185185185186	0.07595509443280445	0.07664113554103723
-3.5085085085085086	0.07658832492810931	0.07727121599157422
-3.4984984984984986	0.07723092848918114	0.07791051344928258
-3.4884884884884886	0.07788307982995876	0.0785591974453634
-3.4784784784784786	0.07854495738909407	0.07921744106832629
-3.4684684684684686	0.079216743412816	0.07988542104145303
-3.4584584584584586	0.0798986240394022	0.08056331780172672
-3.4484484484484486	0.08059078938530125	0.08125131558022726
-3.4384384384384385	0.08129343363288585	0.08194960248399104
-3.4284284284284285	0.08200675511982466	0.08265837057932474
-3.4184184184184185	0.08273095643013366	0.08337781597660406
-3.4084084084084085	0.08346624448682981	0.08410813891650114
-3.3983983983983985	0.08421283064625122	0.08484954385768197
-3.3883883883883885	0.08497093079397203	0.08560223956592986
-3.3783783783783785	0.08574076544235554	0.08636643920469184
-3.3683683683683685	0.08652255982969748	0.08714236042702571
-3.3583583583583585	0.08731654402094172	0.08793022546893055
-3.3483483483483485	0.08812295300995795	0.08873026124401824
-3.3383383383383385	0.08894202682333135	0.08954269943951597
-3.3283283283283285	0.08977401062565421	0.09036777661353136
-3.3183183183183185	0.09061915482624536	0.09120573429357813
-3.3083083083083085	0.09147771518728208	0.0920568190762603
-3.2982982982982985	0.0923499529332609	0.09292128272811008
-3.2882882882882885	0.09323613486175367	0.09379938228747718
-3.2782782782782784	0.09413653345535936	0.09469138016742491
-3.2682682682682684	0.09505142699478475	0.0955975442595387
-3.2582582582582584	0.09598109967298889	0.09651814803856244
-3.2482482482482484	0.09692584171023698	0.09745347066777005
-3.2382382382382384	0.09788594947001081	0.09840379710496075
-3.2282282282282284	0.09886172557563414	0.09936941820896239
-3.2182182182182184	0.09985347902745695	0.1003506308465183
-3.2082082082082084	0.10086152532048925	0.1013477379993963
-3.1981981981981984	0.10188618656230257	0.10236104887159808
-3.1881881881881884	0.10292779159103185	0.10339087899646747
-3.1781781781781784	0.10398667609327097	0.10443755034354026
-3.1681681681681684	0.10506318272167359	0.10550139142491581
-3.1581581581581584	0.10615766121201722	0.10658273740095482
-3.1481481481481484	0.10727046849948933	0.10768193018504231
-3.1381381381381384	0.10840196883392508	0.10879931854719219
-3.1281281281281283	0.10955253389369843	0.10993525821620628
-3.118118118118118	0.11072254289797813	0.11109011198007836
-3.108108108108108	0.11191238271696405	0.11226424978435535
-3.098098098098098	0.1131224479797838	0.11345804882809092
-3.088088088088088	0.1143531411796324	0.11467189365702664
-3.078078078078078	0.11560487277572563	0.11590617625361405
-3.068068068068068	0.11687806129161357	0.11716129612344583
-3.058058058058058	0.11817313340936886	0.11843766037764987
-3.048048048048048	0.11949052405912403	0.1197356838107389
-3.038038038038038	0.1208306765033758	0.12105578897341747
-3.028028028028028	0.12219404241545977	0.12239840623979681
-3.018018018018018	0.12358108195156257	0.12376397386837042
-3.008008008008008	0.12499226381555754	0.1251529380561863
-2.997997997997998	0.1264280653159169	0.12656575298549225
-2.987987987987988	0.12788897241394967	0.12800288086214315
-2.977977977977978	0.12937547976247657	0.1294647919450138
-2.967967967967968	0.13088809073407012	0.1309519645655915
-2.957957957957958	0.1324273174379119	0.13246488513688817
-2.947947947947948	0.1339936807242197	0.13400404815075984
-2.937937937937938	0.13558771017520058	0.13556995616262751
-2.9279279279279278	0.13720994408136583	0.13716311976261528
-2.9179179179179178	0.13886092940199934	0.13878405753197204
-2.9079079079079078	0.1405412217084909	0.14043329598365104
-2.8978978978978978	0.14225138510917362	0.1421113694857834
-2.8878878878878878	0.14399199215423697	0.14381882016683284
-2.8778778778778777	0.14576362371917656	0.14555619780098725
-2.8678678678678677	0.14756686886519954	0.1473240596724254
-2.8578578578578577	0.14940232467487338	0.1491229704169062
-2.8478478478478477	0.15127059606128498	0.15095350183915474
-2.8378378378378377	0.1531722955487583	0.15281623270431235
-2.8278278278278277	0.15510804302327968	0.15471174850180028
-2.8178178178178177	0.15707846545047358	0.15664064117970153
-2.8078078078078077	0.15908419655902284	0.15860350884780697
-2.7977977977977977	0.16112587648730345	0.16060095544732017
-2.7877877877877877	0.1632041513908015	0.1626335903851628
-2.7777777777777777	0.16531967300796072	0.1647020281307157
-2.7677677677677677	0.16747309818181708	0.1668068877727766
-2.7577577577577577	0.16966508833485877	0.1689487925344032
-2.7477477477477477	0.17189630889427132	0.17112836924325017
-2.7377377377377377	0.1741674286648028	0.17334624775489804
-2.7277277277277276	0.17647911914627396	0.17560306032667605
-2.7177177177177176	0.1788320537927179	0.17789944093929289
-2.7077077077077076	0.18122690721004095	0.18023602456361573
-2.6976976976976976	0.18366435428904435	0.1826134463698301
-2.6876876876876876	0.18614506927051097	0.1850323408762062
-2.6776776776776776	0.1886697247391165	0.1874933410345709
-2.6676676676676676	0.1912389905427429	0.18999707724963633
-2.6576576576576576	0.19385353263384766	0.19254417632927076
-2.6476476476476476	0.1965140118294794	0.19513526036279394
-2.6376376376376376	0.19922108248650397	0.19777094552434385
-2.6276276276276276	0.2019753910886898	0.20045184079850248
-2.6176176176176176	0.20477757474227287	0.20317854662524568
-2.6076076076076076	0.20762825957672745	0.20595165346149255
-2.5975975975975976	0.21052805904758445	0.20877174025651654
-2.5875875875875876	0.21347757213816537	0.21163937283864845
-2.5775775775775776	0.21647738145742138	0.21455510221082508
-2.5675675675675675	0.21952805123109126	0.21751946275271436
-2.5575575575575575	0.22263012518376418	0.2205329703273405
-2.5475475475475475	0.225784124309653	0.22359612029045195
-2.5375375375375375	0.22899054453022868	0.22670938540102442
-2.5275275275275275	0.2322498542372784	0.2298732136318036
-2.5175175175175175	0.23556249172035834	0.2330880258790093
-2.5075075075075075	0.23892886247815573	0.2363542135708943
-2.4974974974974975	0.24234933641380452	0.2396721361751936
-2.4874874874874875	0.2458242449149179	0.2430421186062266
-2.4774774774774775	0.2493538778197159	0.24646444853282184
-2.4674674674674675	0.2529384802714869	0.2499393735890672
-2.4574574574574575	0.2565782494645072	0.2534670984905333
-2.4474474474474475	0.2602733312854211	0.25704778205945356
-2.4374374374374375	0.2640238168552324	0.26068153416319895
-2.4274274274274275	0.26782973897808776	0.2643684125713843
-2.4174174174174174	0.27169106850430147	0.2681084197378519
-2.4074074074074074	0.2756077106164104	0.2719014995150431
-2.3973973973973974	0.2795795010483391	0.275747533809226
-2.3873873873873874	0.28360620224934546	0.27964633918645726
-2.3773773773773774	0.2876874995059075	0.28359766344034876
-2.3673673673673674	0.29182299703639714	0.2876011821341464
-2.3573573573573574	0.2960122140749958	0.29165649513094494
-2.3473473473473474	0.3002545809632682	0.2957631231275228
-2.3373373373373374	0.3045494352693984	0.2999205042085413
-2.3273273273273274	0.30889601795712945	0.30412799043967353
-2.3173173173173174	0.31329346962826704	0.3083848445196061
-2.3073073073073074	0.31774082686443844	0.31269023651251815
-2.2972972972972974	0.32223701869580174	0.3170432406841898
-2.2872872872872874	0.3267808632261286	0.32144283246650673
-2.2772772772772774	0.3313710644454622	0.3258878855765009
-2.2672672672672673	0.33600620926336716	0.33037716931764416
-2.2572572572572573	0.3406847647971555	0.33490934609235073
-2.2472472472472473	0.34540507595107384	0.33948296915596105
-2.2372372372372373	0.3501653633235366	0.3440964806434983
-2.2272272272272273	0.35496372148060396	0.3487482099014296
-2.2172172172172173	0.3597981176345342	0.3534363721574459
-2.2072072072072073	0.3646663907668113	0.35815906756159527
-2.1971971971971973	0.3695662512350465	0.36291428063255593
-2.1871871871871873	0.3744952809030106	0.36769988014254107
-2.1771771771771773	0.3794509338322365	0.3725136194740587
-2.1671671671671673	0.38443053757261114	0.37735313748100235
-2.1571571571571573	0.3894312950877561	0.3822159598852988
-2.1471471471471473	0.3944502873487867	0.38709950123897807
-2.1371371371371373	0.3994844766274531	0.3920010674793885
-2.1271271271271273	0.40453071051653294	0.3969178591029399
-2.1171171171171173	0.4095857267012729	0.40184697497996325
-2.1071071071071072	0.41464615850175957	0.4067854168297341
-2.0970970970970972	0.41970854120071577	0.4117300943711202
-2.0870870870870872	0.42476931916614763	0.41667783115988755
-2.0770770770770772	0.42982485377197527	0.4216253711190999
-2.067067067067067	0.434871432113522	0.4265693857638278
-2.057057057057057	0.439905276507558	0.43150648211589354
-2.047047047047047	0.44492255475960985	0.43643321129863455
-2.037037037037037	0.4499193911732929	0.4413460777952074
-2.027027027027027	0.4548918782688588	0.4462415493479619
-2.017017017017017	0.4598360891699497	0.45111606746949257
-2.007007007007007	0.4647480906097869	0.45596605852955485
-1.996996996996997	0.4696239564998373	0.46078794537523404
-1.986986986986987	0.47445978199654554	0.46557815943534614
-1.976976976976977	0.4792516979941794	0.470333153253507
-1.966966966966967	0.4839958859649108	0.4750494133882624
-1.956956956956957	0.4886885930610237	0.47972347361304113
-1.946946946946947	0.4933261473883784	0.4843519283433157
-1.936936936936937	0.4979049733555303	0.48893144621381535
-1.926926926926927	0.5024216069988733	0.49345878372467716
-1.916916916916917	0.5068727111816596	0.49793079887203046
-1.906906906906907	0.5112550905625033	0.5023444646765369
-1.896896896896897	0.51556570622898	0.5066968825214896
-1.8868868868868869	0.5198016898922145	0.5109852952119751
-1.8768768768768769	0.5239603575404863	0.5152070996669763
-1.8668668668668669	0.5280392224530804	0.519359859157765
-1.8568568568568569	0.5320360074800948	0.5234413150087697
-1.8468468468468469	0.5359486564995929	0.5274493976804367
-1.8368368368368369	0.5397753449703623	0.5313822371584889
-1.8268268268268268	0.5435144895064274	0.5352381725793239
-1.8168168168168168	0.547164756408463	0.5390157610279102
-1.8068068068068068	0.550725069096838	0.5427137854517077
-1.7967967967967968	0.5541946144015717	0.5463312616421198
-1.7867867867867868	0.5575728476754096	0.5498674442435951
-1.7767767767767768	0.5608594967077077	0.5533218317593929
-1.7667667667667668	0.5640545644282257	0.5566941705326801
-1.7567567567567568	0.5671583304017987	0.5599844576908987
-1.7467467467467468	0.5701713511262263	0.5631929430514448
-1.7367367367367368	0.5730944591570525	0.5663201299958711
-1.7267267267267268	0.5759287610936338	0.5693667753297547
-1.7167167167167168	0.578675634471193	0.5723338881541684
-1.7067067067067068	0.5813367236129768	0.5752227277835548
-1.6966966966966968	0.5839139345053292	0.5780348007529426
-1.6866866866866868	0.5864094287661721	0.5807718569649502
-1.6766766766766767	0.5888256167841949	0.5834358850338969
-1.6666666666666667	0.5911651501115797	0.5860291068901949
-1.6566566566566567	0.5934309131977498	0.5885539717135212
-1.6466466466466467	0.5956260145549835	0.5910131492675827
-1.6366366366366367	0.5977537774491991	0.5934095227124413
-1.6266266266266267	0.5998177302102908	0.595746180973165
-1.6166166166166167	0.6018215962566998	0.5980264107449466
-1.6066066066066067	0.6037692839282768	0.6002536882157562
-1.5965965965965967	0.6056648762194347	0.6024316705873024
-1.5865865865865867	0.6075126205025265	0.6045641874745128
-1.5765765765765767	0.6093169183277819	0.6066552322617885
-1.5665665665665667	0.6110823153823789	0.6087089534925233
-1.5565565565565564	0.6128134916868518	0.6107296463652886
-1.5465465465465464	0.6145152521020247	0.6127217444068115
-1.5365365365365364	0.6161925172144576	0.6146898113884437
-1.5265265265265264	0.617850314663117	0.6166385335484964
-1.5165165165165164	0.6194937709640596	0.6185727121788092
-1.5065065065065064	0.6211281038846408	0.6204972566292968
-1.4964964964964964	0.6227586154128651	0.6224171777798289
-1.4864864864864864	0.6243906853620403	0.624337582024214
-1.4764764764764764	0.6260297656457974	0.626263665806501
-1.4664664664664664	0.627681375253077	0.6282007107455709
-1.4564564564564564	0.6293510959483394	0.6301540793796421
-1.4464464464464464	0.6310445687173812	0.6321292115583533
-1.4364364364364364	0.63276749097548	0.6341316215063316
-1.4264264264264264	0.6345256145506173	0.6361668955786937
-1.4164164164164164	0.6363247444514877	0.638240690725891
-1.4064064064064064	0.6381707384272045	0.6403587336822321
-1.3963963963963963	0.640069507323211	0.6425268208904144
-1.3863863863863863	0.6420270162359942	0.6447508191719853
-1.3763763763763763	0.6440492864680655	0.6470366671521236
-1.3663663663663663	0.6461423982832584	0.649390377446058
-1.3563563563563563	0.6483124944622791	0.6518180396131199
-1.3463463463463463	0.6505657846580473	0.6543258238845031
-1.3363363363363363	0.652908550550953	0.656919985670236
-1.3263263263263263	0.6553471518045676	0.6596068708514323
-1.3163163163163163	0.65788803282382	0.6623929218645496
-1.3063063063063063	0.6605377303188417	0.6652846845852091
-1.2962962962962963	0.6633028816797252	0.6682888160208684
-1.2862862862862863	0.6661902341696104	0.6714120928231315
-1.2762762762762763	0.6692066549460429	0.6746614206325893
-1.2662662662662663	0.672359141923498	0.6780438442717874
-1.2562562562562563	0.6756548354930815	0.6815665588044297
-1.2462462462462462	0.6791010311190999	0.6852369214821803
-1.2362362362362362	0.6827051928360399	0.6890624646039024
-1.2262262262262262	0.6864749676734349	0.6930509093159153
-1.2162162162162162	0.6904182010411402	0.6972101803862101
-1.2062062062062062	0.6945429531118509	0.7015484219897113
-1.1961961961961962	0.6988575162433525	0.7060740145470703
-1.1861861861861862	0.7033704334882565	0.7107955926641816
-1.1761761761761762	0.7080905182453192	0.7157220642259277
-1.1661661661661662	0.7130268751125125	0.7208626307031989
-1.1561561561561562	0.7181889220090397	0.7262268087392311
-1.1461461461461462	0.7235864136409315	0.7318244530881634
-1.1361361361361362	0.7292294663925175	0.7376657809865322
-1.1261261261261262	0.7351285847347071	0.7437613980462842
-1.1161161161161162	0.7412946892500017	0.7501223257671846
-1.1061061061061062	0.7477391463839507	0.7567600307755449
-1.0960960960960962	0.7544738000434077	0.763686455906907
-1.0860860860860861	0.7615110051730445	0.77091405326104
-1.0760760760760761	0.7688636634542635	0.7784558193698683
-1.0660660660660661	0.77654526128352	0.786325332631991
-1.0560560560560561	0.7845699102019725	0.7945367931813067
-1.0460460460460461	0.7929523899634409	0.803105065372989
-1.0360360360360361	0.8017081944454756	0.812045723086347
-1.026026026026026	0.8108535806260483	0.8213750980627457
-1.016016016016016	0.8204056208693152	0.8311103315159947
-1.006006006006006	0.8303822587855758	0.841269429274922
-0.995995995995996	0.84080236895488	0.8518713207410189
-0.985985985985986	0.8516858208300957	0.8629359219701163
-0.975975975975976	0.8630535471644389	0.874484203215605
-0.965965965965966	0.8749276173398622	0.8865382613015523
-0.955955955955956	0.8873313160080789	0.8991213972285069
-0.9459459459459459	0.900289227494204	0.9122581994523828
-0.9359359359359359	0.9138273264550513	0.9259746333180631
-0.9259259259259259	0.9279730753314148	0.9402981371752261
-0.9159159159159159	0.9427555291840728	0.9552577257540188
-0.9059059059059059	0.9582054485611493	0.9708841014339187
-0.8958958958958959	0.9743554211060615	0.9872097741004898
-0.8858858858858859	0.9912399926859632	1.0042691903529601
-0.8758758758758759	1.0088958088963007	1.0220988729002116
-0.8658658658658659	1.027361767883566	1.040737571067528
-0.8558558558558559	1.0466791855219548	1.0602264234276237
-0.8458458458458459	1.0668919740861023	1.0806091336742043
-0.8358358358358359	1.088046835677894	1.1019321609695658
-0.8258258258258259	1.110193471796895	1.1242449261264156
-0.8158158158158159	1.1333848105886328	1.1476000351264473
-0.8058058058058059	1.1576772534678008	1.1720535216368693
-0.7957957957957958	1.1831309429944297	1.1976651103643445
-0.7857857857857858	1.2098100540847199	1.224498503284965
-0.7757757757757757	1.2377831108647914	1.252621691011242
-0.7657657657657657	1.2671233317318922	1.2821072918083616
-0.7557557557557557	1.2979090054729683	1.3130329210522484
-0.7457457457457457	1.330223901613517	1.3454815942389942
-0.7357357357357357	1.3641577185323892	1.3795421670111425
-0.7257257257257257	1.3998065732870206	1.4153098160684465
-0.7157157157157157	1.4372735375560874	1.4528865652851999
-0.7057057057057057	1.4766692246288047	1.4923818618693476
-0.6956956956956957	1.518112432961759	1.5339132079813398
-0.6856856856856857	1.5617308524954654	1.5776068538908743
-0.6756756756756757	1.6076618406844734	1.6235985595003175
-0.6656656656656657	1.656053276063001	1.6720344319182605
-0.6556556556556556	1.7070644981548575	1.7230718477406572
-0.6456456456456456	1.7608673436651257	1.776880469808936
-0.6356356356356356	1.8176472901795346	1.8336433694882268
-0.6256256256256256	1.8776047200739874	1.8935582669649746
-0.6156156156156156	1.940956319029528	1.956838903738535
-0.6056056056056056	2.0079366254940307	2.023716563404152
-0.5955955955955956	2.078799749671689	2.094441759042205
-0.5855855855855856	2.1538212832037438	2.1692861080860557
-0.5755755755755756	2.2333004236884553	2.2485444184983505
-0.5655655655655656	2.3175623416413984	2.3325370135109695
-0.5555555555555556	2.4069608215030973	2.421612326159499
-0.5455455455455456	2.501881212954039	2.5161497994651936
-0.5355355355355356	2.6027437342131274	2.6165631335025625
-0.5255255255255256	2.7100071753143875	2.7233039268770014
-0.5155155155155156	2.8241730567378114	2.8368657674880526
-0.5055055055055055	2.9457903074137475	2.957788836069528
-0.4954954954954955	3.075460536259015	3.0866650961148507
-0.4854854854854855	3.213843983319313	3.2241441556951123
-0.4754754754754755	3.3616662506228483	3.370939900707892
-0.46546546546546547	3.519725929403617	3.5278380156628173
-0.45545545545545546	3.688903259914571	3.6957045277129463
-0.44544544544544545	3.8701699832087124	3.8754955328803398
-0.43543543543543545	4.064600571729431	4.068268291017073
-0.42542542542542544	4.273385058163388	4.275193908863207
-0.41541541541541543	4.497843720796087	4.49757186965824
-0.40540540540540543	4.739443929790962	4.73684671439212
-0.3953953953953954	4.999819513849641	4.994627235467812
-0.38538538538538536	5.280793072344514	5.272708610095427
-0.37537537537537535	5.584401736305716	5.573097980318385
-0.36536536536536535	5.9129269749993565	5.898044081726132
-0.35535535535535534	6.268929156062758	6.250071636638894
-0.34534534534534533	6.655287699425863	6.632021363289879
-0.3353353353353353	7.075247822081887	7.047096614166778
-0.3253253253253253	7.532475055878062	7.498917848426377
-0.3153153153153153	8.031118937534249	7.991586369516695
-0.3053053053053053	8.5758875220839	8.529759023797244
-0.2952952952952953	9.172134659351428	9.118735861858964
-0.2852852852852853	9.825962296185516	9.764563111493487
-0.2752752752752753	10.54434041731265	10.474154194675654
-0.2652652652652653	11.335247596710106	11.255431925803984
-0.2552552552552553	12.20783546337399	12.117495423419342
-0.24524524524524524	13.172620624552392	13.070815593151298
-0.23523523523523523	14.241707621455339	14.127463189299403
-0.22522522522522523	15.429046123643918	15.301373252922547
-0.21521521521521522	16.750724478779166	16.608648847837365
-0.20520520520520522	18.225299403960918	18.067904965457625
-0.19519519519519518	19.874157200409755	19.700649422906793
-0.18518518518518517	21.72189408048333	21.531690223748125
-0.17517517517517517	23.796689977482504	23.589546126359707
-0.16516516516516516	26.130628474923494	25.906815903432328
-0.15515515515515516	28.75988070231617	28.52042724473492
-0.14514514514514515	31.724616835201314	31.471631682231223
-0.13513513513513514	35.06842697401507	34.805528271779366
-0.12512512512512514	38.836914563911236	38.5697755147897
-0.11511511511511512	43.07496384531724	42.81197944617787
-0.10510510510510511	47.821983868954966	47.57502821834439
-0.09509509509509509	53.10423308315168	52.88941351203891
-0.08508508508508508	58.92323613074827	58.761440431121564
-0.07507507507507508	65.23954444878991	65.15641361286579
-0.06506506506506507	71.95205598319815	71.97682021012265
-0.055055055055055056	78.87530623618821	79.03779188284739
-0.04504504504504504	85.72088273538921	86.04614209874107
-0.035035035035035036	92.09372313421903	92.59445165787606
-0.025025025025025027	97.51680055753486	98.18513595151622
-0.015015015015015015	101.49369004079844	102.29567713654784
-0.005005005005005005	103.60385317667331	104.4804606267017
0.005005005005005005	103.60385317667416	104.48046062670336
0.015015015015015015	101.49369004080057	102.29567713654991
0.025025025025025027	97.51680055753823	98.1851359515199
0.035035035035035036	92.09372313422281	92.59445165788128
0.04504504504504504	85.7208827353931	86.04614209874596
0.055055055055055056	78.8753062361917	79.0377918828521
0.06506506506506507	71.95205598320233	71.97682021012754
0.07507507507507508	65.2395444487933	65.15641361287041
0.08508508508508508	58.923236130751086	58.761440431125465
0.09509509509509509	53.10423308315406	52.88941351204226
0.10510510510510511	47.821983868956885	47.57502821834726
0.11511511511511512	43.07496384531871	42.811979446180295
0.12512512512512514	38.836914563912444	38.56977551479164
0.13513513513513514	35.06842697401587	34.805528271780894
0.14514514514514515	31.72461683520204	31.47163168223237
0.15515515515515516	28.759880702316543	28.520427244735778
0.16516516516516516	26.13062847492379	25.906815903433003
0.17517517517517517	23.79668997748259	23.589546126360183
0.18518518518518517	21.721894080483274	21.531690223748445
0.19519519519519518	19.874157200409517	19.70064942290705
0.20520520520520522	18.22529940396067	18.06790496545767
0.21521521521521522	16.750724478778732	16.608648847837483
0.22522522522522523	15.42904612364349	15.3013732529225
0.23523523523523523	14.241707621454841	14.127463189299144
0.24524524524524524	13.172620624551863	13.070815593151089
0.2552552552552553	12.207835463373565	12.1174954234192
0.2652652652652653	11.335247596709747	11.255431925803812
0.2752752752752753	10.54434041731223	10.474154194675302
0.2852852852852853	9.825962296185153	9.764563111493326
0.2952952952952953	9.17213465935091	9.118735861858678
0.3053053053053053	8.575887522083505	8.52975902379687
0.3153153153153153	8.031118937533812	7.99158636951643
0.3253253253253253	7.532475055877644	7.498917848426036
0.3353353353353353	7.0752478220814785	7.047096614166462
0.34534534534534533	6.655287699425513	6.632021363289572
0.35535535535535534	6.268929156062423	6.250071636638503
0.36536536536536535	5.912926974999057	5.898044081725782
0.37537537537537535	5.584401736305414	5.573097980318137
0.38538538538538536	5.280793072344229	5.27270861009515
0.3953953953953954	4.999819513849341	4.99462723546744
0.40540540540540543	4.739443929790665	4.73684671439188
0.41541541541541543	4.497843720795794	4.497571869657952
0.42542542542542544	4.273385058163142	4.275193908862931
0.43543543543543545	4.064600571729185	4.0682682910167935
0.44544544544544545	3.8701699832085037	3.875495532880121
0.45545545545545546	3.6889032599143152	3.6957045277127185
0.46546546546546547	3.519725929403404	3.5278380156625824
0.4754754754754755	3.361666250622649	3.3709399007076564
0.4854854854854855	3.21384398331913	3.2241441556948747
0.4954954954954955	3.0754605362588237	3.086665096114647
0.5055055055055055	2.9457903074135543	2.957788836069305
0.5155155155155156	2.8241730567376684	2.836865767487824
0.5255255255255256	2.71000717531424	2.7233039268767945
0.5355355355355356	2.6027437342129724	2.616563133502379
0.5455455455455456	2.501881212953911	2.5161497994649915
0.5555555555555556	2.40696082150297	2.4216123261593148
0.5655655655655656	2.3175623416412843	2.3325370135107995
0.5755755755755756	2.2333004236883536	2.2485444184981587
0.5855855855855856	2.1538212832036434	2.1692861080858834
0.5955955955955956	2.0787997496716093	2.094441759042032
0.6056056056056056	2.0079366254939313	2.023716563403988
0.6156156156156156	1.9409563190294472	1.9568389037383636
0.6256256256256256	1.8776047200739154	1.8935582669648265
0.6356356356356356	1.8176472901794618	1.8336433694880845
0.6456456456456456	1.7608673436650668	1.7768804698087985
0.6556556556556556	1.7070644981547984	1.7230718477405305
0.6656656656656657	1.6560532760629552	1.6720344319181468
0.6756756756756757	1.6076618406844283	1.623598559500183
0.6856856856856857	1.5617308524954323	1.5776068538907602
0.6956956956956957	1.5181124329617386	1.5339132079812303
0.7057057057057057	1.47666922462876	1.4923818618692177
0.7157157157157157	1.4372735375560548	1.4528865652850793
0.7257257257257257	1.3998065732869995	1.4153098160683284
0.7357357357357357	1.3641577185323825	1.3795421670110348
0.7457457457457457	1.3302239016135005	1.345481594238887
0.7557557557557557	1.2979090054729403	1.3130329210521492
0.7657657657657657	1.2671233317318773	1.282107291808248
0.7757757757757757	1.2377831108647772	1.2526216910111385
0.7857857857857858	1.2098100540847119	1.2244985032848623
0.7957957957957958	1.1831309429944263	1.1976651103642404
0.8058058058058059	1.1576772534678004	1.1720535216367758
0.8158158158158159	1.1333848105886457	1.1476000351263544
0.8258258258258259	1.1101934717968995	1.1242449261263194
0.8358358358358359	1.0880468356779118	1.1019321609694752
0.8458458458458459	1.0668919740861116	1.0806091336741137
0.8558558558558559	1.046679185521967	1.060226423427546
0.8658658658658659	1.0273617678835807	1.0407375710674382
0.8758758758758759	1.0088958088963307	1.022098872900138
0.8858858858858859	0.9912399926859788	1.0042691903528713
0.8958958958958959	0.9743554211060823	0.9872097741004093
0.9059059059059059	0.958205448561182	0.9708841014338351
0.9159159159159159	0.9427555291840989	0.9552577257539312
0.9259259259259259	0.9279730753314391	0.940298137175154
0.9359359359359359	0.9138273264550891	0.9259746333179959
0.9459459459459459	0.9002892274942427	0.9122581994523117
0.955955955955956	0.88733131600812	0.89912139722843
0.965965965965966	0.8749276173399052	0.8865382613014771
0.975975975975976	0.8630535471644757	0.8744842032155425
0.985985985985986	0.8516858208301304	0.8629359219700531
0.995995995995996	0.840802368954923	0.851871320740959
1.006006006006006	0.8303822587856221	0.8412694292748671
1.016016016016016	0.8204056208693621	0.8311103315159422
1.026026026026026	0.8108535806260943	0.821375098062692
1.0360360360360361	0.8017081944455291	0.8120457230862885
1.0460460460460461	0.7929523899634974	0.803105065372928
1.0560560560560561	0.7845699102020265	0.79453679318125
1.0660660660660661	0.7765452612835805	0.7863253326319388
1.0760760760760761	0.7688636634543189	0.7784558193698191
1.0860860860860861	0.7615110051731001	0.7709140532609823
1.0960960960960962	0.7544738000434678	0.7636864559068561
1.1061061061061062	0.7477391463840177	0.7567600307754891
1.1161161161161162	0.7412946892500659	0.7501223257671312
1.1261261261261262	0.7351285847347673	0.7437613980462421
1.1361361361361362	0.7292294663925818	0.7376657809864895
1.1461461461461462	0.7235864136409964	0.7318244530881199
1.1561561561561562	0.7181889220091049	0.7262268087391822
1.1661661661661662	0.713026875112582	0.720862630703157
1.1761761761761762	0.7080905182453943	0.7157220642258922
1.1861861861861862	0.703370433488327	0.71079559266414
1.1961961961961962	0.6988575162434265	0.7060740145470303
1.2062062062062062	0.694542953111924	0.701548421989675
1.2162162162162162	0.6904182010412153	0.6972101803861755
1.2262262262262262	0.6864749676735098	0.6930509093158739
1.2362362362362362	0.6827051928361162	0.6890624646038678
1.2462462462462462	0.6791010311191851	0.6852369214821497
1.2562562562562563	0.6756548354931586	0.681566558804394
1.2662662662662663	0.6723591419235803	0.6780438442717502
1.2762762762762763	0.6692066549461275	0.6746614206325494
1.2862862862862863	0.6661902341696893	0.6714120928230967
1.2962962962962963	0.6633028816798022	0.6682888160208399
1.3063063063063063	0.6605377303189212	0.6652846845851771
1.3163163163163163	0.657888032823898	0.6623929218645188
1.3263263263263263	0.6553471518046514	0.6596068708514067
1.3363363363363363	0.6529085505510329	0.6569199856702119
1.3463463463463463	0.6505657846581349	0.6543258238844814
1.3563563563563563	0.6483124944623667	0.6518180396130976
1.3663663663663663	0.6461423982833439	0.649390377446036
1.3763763763763763	0.6440492864681496	0.6470366671521018
1.3863863863863863	0.6420270162360848	0.644750819171964
1.3963963963963963	0.6400695073232965	0.6425268208904024
1.4064064064064064	0.6381707384272908	0.640358733682211
1.4164164164164164	0.6363247444515652	0.6382406907258715
1.4264264264264264	0.6345256145507004	0.6361668955786766
1.4364364364364364	0.6327674909755676	0.6341316215063124
1.4464464464464464	0.6310445687174728	0.6321292115583442
1.4564564564564564	0.629351095948422	0.6301540793796294
1.4664664664664664	0.6276813752531626	0.6282007107455588
1.4764764764764764	0.6260297656458818	0.6262636658064937
1.4864864864864864	0.624390685362126	0.6243375820242089
1.4964964964964964	0.6227586154129493	0.6224171777798279
1.5065065065065064	0.6211281038847268	0.6204972566292938
1.5165165165165164	0.6194937709641397	0.6185727121788072
1.5265265265265264	0.6178503146632008	0.6166385335484948
1.5365365365365364	0.6161925172145452	0.6146898113884409
1.5465465465465464	0.6145152521021101	0.6127217444068165
1.5565565565565564	0.6128134916869358	0.6107296463652936
1.5665665665665667	0.6110823153824599	0.6087089534925298
1.5765765765765767	0.6093169183278622	0.6066552322617933
1.5865865865865867	0.6075126205026072	0.6045641874745222
1.5965965965965967	0.6056648762195121	0.6024316705873167
1.6066066066066067	0.6037692839283549	0.6002536882157646
1.6166166166166167	0.601821596256778	0.5980264107449567
1.6266266266266267	0.5998177302103663	0.5957461809731762
1.6366366366366367	0.5977537774492747	0.5934095227124564
1.6466466466466467	0.5956260145550551	0.5910131492675958
1.6566566566566567	0.5934309131978182	0.5885539717135366
1.6666666666666667	0.5911651501116523	0.5860291068902116
1.6766766766766767	0.5888256167842679	0.5834358850339219
1.6866866866866868	0.5864094287662398	0.5807718569649747
1.6966966966966968	0.5839139345053909	0.5780348007529655
1.7067067067067068	0.5813367236130432	0.5752227277835793
1.7167167167167168	0.5786756344712543	0.5723338881541961
1.7267267267267268	0.5759287610936948	0.5693667753297783
1.7367367367367368	0.5730944591571104	0.5663201299958979
1.7467467467467468	0.5701713511262824	0.5631929430514735
1.7567567567567568	0.5671583304018492	0.5599844576909306
1.7667667667667668	0.5640545644282752	0.5566941705327086
1.7767767767767768	0.560859496707757	0.55332183175943
1.7867867867867868	0.5575728476754555	0.5498674442436331
1.7967967967967968	0.5541946144016111	0.5463312616421594
1.8068068068068068	0.5507250690968818	0.5427137854517419
1.8168168168168168	0.5471647564084964	0.5390157610279465
1.8268268268268268	0.5435144895064596	0.5352381725793671
1.8368368368368369	0.5397753449703918	0.5313822371585313
1.8468468468468469	0.5359486564996263	0.5274493976804805
1.8568568568568569	0.5320360074801239	0.5234413150088142
1.8668668668668669	0.5280392224531035	0.5193598591578136
1.8768768768768769	0.5239603575405093	0.5152070996670184
1.8868868868868869	0.5198016898922355	0.5109852952120211
1.896896896896897	0.515565706228998	0.5066968825215349
1.906906906906907	0.5112550905625167	0.5023444646765846
1.916916916916917	0.5068727111816718	0.49793079887208097
1.926926926926927	0.5024216069988864	0.49345878372472485
1.936936936936937	0.49790497335553424	0.4889314462138682
1.946946946946947	0.4933261473883855	0.484351928343363
1.956956956956957	0.4886885930610246	0.47972347361309187
1.966966966966967	0.4839958859649087	0.4750494133883124
1.976976976976977	0.4792516979941772	0.47033315325355746
1.986986986986987	0.47445978199654154	0.46557815943539566
1.996996996996997	0.4696239564998299	0.4607879453752838
2.007007007007007	0.46474809060977634	0.4559660585296043
2.017017017017017	0.4598360891699356	0.45111606746954475
2.027027027027027	0.4548918782688413	0.4462415493480111
2.037037037037037	0.4499193911732761	0.44134607779525376
2.047047047047047	0.44492255475958875	0.4364332112986854
2.057057057057057	0.4399052765075337	0.4315064821159481
2.067067067067067	0.43487143211349943	0.42656938576387715
2.0770770770770772	0.4298248537719514	0.42162537111914966
2.0870870870870872	0.42476931916612287	0.41667783115993745
2.0970970970970972	0.41970854120068746	0.4117300943711691
2.1071071071071072	0.41464615850173064	0.4067854168297854
2.1171171171171173	0.40958572670124466	0.4018469749800134
2.1271271271271273	0.4045307105164996	0.39691785910299093
2.1371371371371373	0.39948447662741887	0.3920010674794364
2.1471471471471473	0.3944502873487479	0.38709950123903036
2.1571571571571573	0.3894312950877222	0.38221595988534807
2.1671671671671673	0.38443053757257456	0.3773531374810505
2.1771771771771773	0.37945093383219763	0.3725136194741111
2.1871871871871873	0.3744952809029726	0.3676998801425934
2.1971971971971973	0.36956625123500847	0.3629142806326048
2.2072072072072073	0.36466639076677054	0.3581590675616421
2.2172172172172173	0.3597981176344953	0.35343637215749163
2.2272272272272273	0.35496372148056166	0.3487482099014794
2.2372372372372373	0.35016536332349163	0.34409648064354165
2.2472472472472473	0.34540507595102715	0.33948296915601167
2.2572572572572573	0.3406847647971089	0.3349093460923952
2.2672672672672673	0.3360062092633211	0.3303771693176892
2.2772772772772774	0.33137106444541425	0.32588788557654397
2.2872872872872874	0.326780863226081	0.32144283246655075
2.2972972972972974	0.3222370186957547	0.3170432406842323
2.3073073073073074	0.31774082686439	0.3126902365125592
2.3173173173173174	0.31329346962821936	0.3083848445196488
2.3273273273273274	0.3088960179570807	0.30412799043971406
2.3373373373373374	0.30454943526934947	0.29992050420858235
2.3473473473473474	0.3002545809632174	0.29576312312756414
2.3573573573573574	0.29601221407494654	0.29165649513098596
2.3673673673673674	0.2918229970363482	0.2876011821341844
2.3773773773773774	0.2876874995058606	0.2835976634403877
2.3873873873873874	0.2836062022492953	0.27964633918649723
2.3973973973973974	0.2795795010482879	0.27574753380926414
2.4074074074074074	0.27560771061636247	0.2719014995150828
2.4174174174174174	0.27169106850425306	0.2681084197378897
2.4274274274274275	0.26782973897804047	0.26436841257141935
2.4374374374374375	0.26402381685518245	0.26068153416323403
2.4474474474474475	0.2602733312853719	0.2570477820594865
2.4574574574574575	0.2565782494644566	0.2534670984905669
2.4674674674674675	0.25293848027143795	0.24993937358910054
2.4774774774774775	0.24935387781966767	0.24646444853285374
2.4874874874874875	0.24582424491487198	0.24304211860625813
2.4974974974974975	0.24234933641375753	0.23967213617522615
2.5075075075075075	0.2389288624781081	0.2363542135709263
2.5175175175175175	0.2355624917203124	0.23308802587904348
2.5275275275275275	0.23224985423723218	0.22987321363183474
2.5375375375375375	0.22899054453018147	0.22670938540105476
2.5475475475475475	0.22578412430960806	0.22359612029048312
2.5575575575575575	0.22263012518371958	0.22053297032737051
2.5675675675675675	0.21952805123104807	0.21751946275274292
2.5775775775775776	0.21647738145737613	0.21455510221085342
2.5875875875875876	0.21347757213812096	0.21163937283867695
2.5975975975975976	0.21052805904753824	0.20877174025654424
2.6076076076076076	0.2076282595766867	0.20595165346151983
2.6176176176176176	0.2047775747422293	0.20317854662527166
2.6276276276276276	0.20197539108864732	0.2004518407985271
2.6376376376376376	0.19922108248646037	0.19777094552436858
2.6476476476476476	0.19651401182943662	0.19513526036281925
2.6576576576576576	0.19385353263380503	0.19254417632929496
2.6676676676676676	0.19123899054270052	0.18999707724965867
2.6776776776776776	0.1886697247390765	0.18749334103459295
2.6876876876876876	0.18614506927046967	0.18503234087623174
2.6976976976976976	0.183664354289002	0.1826134463698525
2.7077077077077076	0.18122690721000234	0.18023602456363785
2.7177177177177176	0.17883205379267736	0.17789944093931812
2.7277277277277276	0.17647911914623382	0.1756030603266958
2.7377377377377377	0.17416742866476476	0.1733462477549192
2.7477477477477477	0.17189630889423252	0.17112836924327124
2.7577577577577577	0.16966508833482064	0.16894879253442624
2.7677677677677677	0.16747309818178038	0.16680688777279584
2.7777777777777777	0.16531967300792116	0.16470202813073478
2.7877877877877877	0.16320415139076588	0.16263359038518102
2.7977977977977977	0.16112587648726578	0.16060095544733863
2.8078078078078077	0.1590841965589867	0.15860350884782579
2.8178178178178177	0.1570784654504375	0.15664064117971951
2.8278278278278277	0.15510804302324535	0.1547117485018193
2.8378378378378377	0.1531722955487233	0.15281623270432917
2.8478478478478477	0.15127059606125007	0.15095350183917247
2.8578578578578577	0.14940232467483916	0.1491229704169227
2.8678678678678677	0.14756686886516443	0.1473240596724426
2.8778778778778777	0.14576362371914334	0.14555619780100346
2.8878878878878878	0.14399199215420427	0.1438188201668486
2.8978978978978978	0.14225138510914057	0.14211136948579883
2.9079079079079078	0.140541221708457	0.14043329598366547
2.9179179179179178	0.13886092940196848	0.13878405753198989
2.9279279279279278	0.13720994408133408	0.13716311976263157
2.937937937937938	0.13558771017516966	0.13556995616264278
2.947947947947948	0.13399368072418896	0.1340040481507732
2.957957957957958	0.13242731743788125	0.1324648851369029
2.967967967967968	0.1308880907340401	0.13095196456560437
2.977977977977978	0.1293754797624476	0.12946479194502794
2.987987987987988	0.12788897241392022	0.12800288086215794
2.997997997997998	0.12642806531588774	0.1265657529855079
3.008008008008008	0.12499226381552943	0.12515293805620004
3.018018018018018	0.12358108195153512	0.12376397386838134
3.028028028028028	0.12219404241543219	0.12239840623980831
3.038038038038038	0.1208306765033487	0.1210557889734307
3.048048048048048	0.11949052405909831	0.11973568381075136
3.058058058058058	0.11817313340934159	0.1184376603776632
3.068068068068068	0.11687806129158601	0.11716129612345731
3.078078078078078	0.11560487277569835	0.115906176253626
3.088088088088088	0.1143531411796066	0.11467189365703785
3.098098098098098	0.11312244797975773	0.1134580488281037
3.108108108108108	0.11191238271693715	0.11226424978436683
3.118118118118118	0.11072254289795405	0.11109011198008975
3.1281281281281283	0.10955253389367424	0.10993525821621662
3.1381381381381384	0.10840196883390064	0.10879931854720422
3.1481481481481484	0.10727046849946423	0.10768193018505202
3.1581581581581584	0.10615766121199273	0.1065827374009673
3.1681681681681684	0.10506318272164862	0.10550139142492757
3.1781781781781784	0.10398667609324683	0.1044375503435502
3.1881881881881884	0.10292779159100883	0.10339087899647813
3.1981981981981984	0.1018861865622796	0.10236104887160723
3.2082082082082084	0.10086152532046498	0.10134773799940754
3.2182182182182184	0.09985347902743394	0.10035063084652811
3.2282282282282284	0.09886172557561214	0.09936941820897216
3.2382382382382384	0.09788594946998881	0.09840379710497082
3.2482482482482484	0.09692584171021476	0.09745347066778028
3.2582582582582584	0.09598109967296908	0.09651814803857262
3.2682682682682684	0.095051426994764	0.09559754425954832
3.2782782782782784	0.09413653345533851	0.09469138016743298
3.2882882882882885	0.09323613486173374	0.09379938228748487
3.2982982982982985	0.09234995293324019	0.09292128272811893
3.3083083083083085	0.09147771518726058	0.09205681907626932
3.3183183183183185	0.09061915482622593	0.0912057342935869
3.3283283283283285	0.08977401062563473	0.09036777661354047
3.3383383383383385	0.08894202682331238	0.08954269943952368
3.3483483483483485	0.08812295300993771	0.08873026124402797
3.3583583583583585	0.08731654402092302	0.08793022546893937
3.3683683683683685	0.08652255982967752	0.08714236042703422
3.3783783783783785	0.08574076544233697	0.08636643920469961
3.3883883883883885	0.08497093079395335	0.08560223956593845
3.3983983983983985	0.08421283064623361	0.08484954385769002
3.4084084084084085	0.08346624448681107	0.08410813891650759
3.4184184184184185	0.08273095643011483	0.08337781597661112
3.4284284284284285	0.08200675511980685	0.08265837057933208
3.4384384384384385	0.08129343363286791	0.08194960248399717
3.4484484484484486	0.08059078938528436	0.0812513155802352
3.4584584584584586	0.07989862403938426	0.08056331780173305
3.4684684684684686	0.0792167434127981	0.079885421041459
3.4784784784784786	0.07854495738907766	0.07921744106833431
3.4884884884884886	0.0778830798299421	0.07855919744536949
3.4984984984984986	0.0772309284891645	0.07791051344928913
3.5085085085085086	0.07658832492809367	0.07727121599158218
3.5185185185185186	0.07595509443278776	0.07664113554104515
3.5285285285285286	0.07533106593277361	0.07602010604775515
3.5385385385385386	0.07471607192139296	0.07540796486850085
3.5485485485485486	0.07410994837774987	0.0748045526936392
3.5585585585585586	0.07351253469021972	0.07420971347537637
3.5685685685685686	0.07292367358151654	0.07362329435747665
3.5785785785785786	0.07234321103530351	0.07304514560634363
3.5885885885885886	0.07177099622432548	0.07247512054350294
3.5985985985985987	0.07120688144003127	0.07191307547945161
3.6086086086086087	0.0706507220236936	0.07135886964884659
3.6186186186186187	0.07010237629898182	0.07081236514704448
3.6286286286286287	0.0695617055059669	0.07027342686795165
3.6386386386386387	0.06902857373656383	0.06974192244316874
3.6486486486486487	0.06850284787135341	0.06921772218241584
3.6586586586586587	0.0679843975177809	0.06870069901522853
3.6686686686686687	0.06747309494971235	0.06819072843388281
3.6786786786786787	0.06696881504830897	0.06768768843754863
3.6886886886886887	0.06647143524421421	0.06719145947763998
3.6986986986986987	0.06598083546101646	0.0667019244043517
3.7087087087087087	0.06549689805997287	0.0662189684143573
3.7187187187187187	0.06501950778596435	0.06574247899963322
3.7287287287287287	0.06454855171466384	0.06527234589742803
3.7387387387387387	0.06408391920089601	0.06480846104130232
3.7487487487487487	0.06362550182815288	0.06435071851327878
3.7587587587587588	0.06317319335926096	0.06389901449701978
3.7687687687687688	0.06272688968816323	0.06345324723206397
3.7787787787787788	0.06228648879279026	0.06301331696907511
3.7887887887887888	0.06185189068901895	0.06257912592608712
3.798798798798799	0.06142299738567194	0.06215057824572883
3.808808808808809	0.06099971284054996	0.06172757995340727
3.818818818818819	0.06058194291746987	0.061310038916428444
3.828828828828829	0.060169595344296736	0.06089786480404023
3.838838838838839	0.059762579671923	0.060490969048367434
3.848848848848849	0.05936080723421486	0.060089264806244755
3.858858858858859	0.058964191108863286	0.05969266692189276
3.868868868868869	0.05857264607914505	0.0593010918904547
3.878878878878879	0.058186088596566134	0.05891445782234886
3.888888888888889	0.05780443674437249	0.05853268440843303
3.898898898898899	0.05742761020189532	0.058155692885961244
3.908908908908909	0.057055530209732246	0.057783406005315924
3.918918918918919	0.05668811953572164	0.05741574799748307
3.928928928928929	0.056325302441721264	0.057052644542289345
3.938938938938939	0.055967004651136354	0.05669402273734217
3.948948948948949	0.05561315331722642	0.05633981106769024
3.958958958958959	0.05526367699211865	0.05598993937616483
3.968968968968969	0.054918505596557296	0.055644338834407246
3.978978978978979	0.05457757039034907	0.055302941914549396
3.988988988988989	0.054240803943495015	0.054965682361539626
3.998998998998999	0.05390814010798732	0.05463249516610385
4.009009009009009	0.05357951399026047	0.054303316538320885
4.019019019019019	0.053254861924286793	0.05397808388179628
4.029029029029029	0.052934121445286406	0.05365673576843026
4.039039039039039	0.052617231264045695	0.053339211913756436
4.049049049049049	0.05230413124183725	0.05302545315284093
4.059059059059059	0.0519947623659155	0.05271540141673752
4.069069069069069	0.05168906672556948	0.05240899970946421
4.079079079079079	0.051386987488745546	0.05210619208551797
4.089089089089089	0.05108846887919481	0.05180692362789138
4.099099099099099	0.05079345615415092	0.05151114042659255
4.109109109109109	0.05050189558252952	0.051218789557647554
4.119119119119119	0.05021373442361632	0.05092981906258817
4.129129129129129	0.04992892090625587	0.050644177928386214
4.1391391391391394	0.04964740420850794	0.050361816067866765
4.1491491491491495	0.049369134437785366	0.050082684300545584
4.1591591591591595	0.04909406261142952	0.0498067343339041
4.1691691691691695	0.04882214063774487	0.04953391874508877
4.1791791791791795	0.04855332129745827	0.049264190963026054
4.1891891891891895	0.04828755822560107	0.04899750525093067
4.1991991991991995	0.0480248058938158	0.048733816689217856
4.2092092092092095	0.04776501959305141	0.04847308115879225
4.2192192192192195	0.04750815541666018	0.04821525532471546
4.2292292292292295	0.047254170243878485	0.04796029662024238
4.2392392392392395	0.04700302172368081	0.04770816323120318
4.2492492492492495	0.04675466825899335	0.047458814080752885
4.2592592592592595	0.04650906899128368	0.047212208814441624
4.2692692692692695	0.04626618378547356	0.04696830778563703
4.2792792792792795	0.04602597321521202	0.04672707204125551
4.2892892892892895	0.04578839854846927	0.046488463307820034
4.2992992992992995	0.045553421733460206	0.04625244397782457
4.3093093093093096	0.045321005384878495	0.046018977096403395
4.31931931931932	0.04509111277044875	0.04578802634828793
4.32932932932933	0.044863707797765905	0.04555955604506399
4.33933933933934	0.044638755001444125	0.045333531112701345
4.34934934934935	0.04441621953053903	0.04510991707936124
4.35935935935936	0.04419606713625733	0.04488868006347
4.36936936936937	0.04397826415994321	0.04466978676206098
4.37937937937938	0.04376277752131963	0.04445320443936254
4.38938938938939	0.043549574706997565	0.04423890091564812
4.3993993993994	0.04333862375925133	0.04402684455631821
4.40940940940941	0.04312989326500799	0.04381700426122446
4.41941941941942	0.04292335234512451	0.04360934945423886
4.42942942942943	0.04271897064385924	0.04340385007302481
4.43943943943944	0.04251671831860339	0.043200476559053194
4.44944944944945	0.04231656602982479	0.042999199847826894
4.45945945945946	0.04211848493123199	0.04279999135931074
4.46946946946947	0.04192244666015935	0.04260282298857875
4.47947947947948	0.04172842332815619	0.04240766709665733
4.48948948948949	0.04153638751178139	0.04221449650156515
4.4994994994995	0.0413463122436018	0.042023284469548755
4.50950950950951	0.04115817100338138	0.041834004706501005
4.51951951951952	0.04097193770946506	0.041646631349571535
4.52952952952953	0.04078758671034564	0.04146113895895102
4.53953953953954	0.04060509277640929	0.04127750250982527
4.54954954954955	0.04042443109187305	0.04109569738451437
4.55955955955956	0.04024557724687644	0.04091569936476728
4.56956956956957	0.040068507229751846	0.04073748462422558
4.57957957957958	0.03989319741946572	0.04056102972104318
4.58958958958959	0.0397196245782117	0.04038631159066646
4.5995995995996	0.039547765844164376	0.04021330753876101
4.60960960960961	0.03937759872438943	0.04004199523429455
4.61961961961962	0.0392091010879007	0.03987235270275675
4.62962962962963	0.03904225115887293	0.039704358319527816
4.63963963963964	0.03887702750998217	0.039537990803384084
4.64964964964965	0.03871340905590051	0.03937322921013545
4.65965965965966	0.0385513750469237	0.03921005292640344
4.66966966966967	0.03839090506273194	0.03904844166352001
4.67967967967968	0.03823197900628015	0.038888375451559064
4.68968968968969	0.038074577097815886	0.038729834633487704
4.6996996996997	0.03791867986902884	0.03857279985944316
4.70970970970971	0.037764268157314	0.038417252081121116
4.71971971971972	0.0376113231001534	0.03826317254628656
4.72972972972973	0.037459826129627664	0.03811054279339132
4.73973973973974	0.03730975896702113	0.03795934464630878
4.74974974974975	0.03716110361755605	0.03780956020917018
4.75975975975976	0.03701384236522642	0.037661171861306256
4.76976976976977	0.03686795776774151	0.03751416225230115
4.77977977977978	0.036723432651564934	0.03736851429713229
4.78978978978979	0.036580250107070715	0.03722421117142223
4.7997997997998	0.03643839348378439	0.03708123630678092
4.80980980980981	0.03629784638573024	0.03693957338623927
4.81981981981982	0.036158592666864414	0.036799206339782925
4.82982982982983	0.036020616426609225	0.03666011933996609
4.83983983983984	0.03588390200547667	0.03652229679762378
4.84984984984985	0.03574843398077472	0.0363857233576583
4.85985985985986	0.03561419716240105	0.03625038389492156
4.86986986986987	0.03548117658873471	0.03611626351017366
4.87987987987988	0.03534935752259	0.03598334752612292
4.88988988988989	0.035218725447265	0.03585162148353999
4.8998998998999	0.03508926606266648	0.035721071137461896
4.90990990990991	0.034960965281511894	0.035591682453454544
4.91991991991992	0.0348338092256016	0.03546344160396589
4.92992992992993	0.03470778422217649	0.03533633496473079
4.93993993993994	0.034582876800336726	0.0352103491112724
4.94994994994995	0.03445907368753858	0.03508547081544671
4.95995995995996	0.034336361806155374	0.034961687042071025
4.96996996996997	0.03421472827011119	0.03483898494561387
4.97997997997998	0.034094160381577386	0.03471735186694812
4.98998998998999	0.033974645627736194	0.03459677533016867
5.0	0.03385617167760015	0.03447724303946809
