-5.0	9.365086535737366e-5	9.639812237978684e-5
-4.98998998998999	9.22313329703846e-5	9.488731058699283e-5
-4.97997997997998	9.084622991695848e-5	9.341431280214664e-5
-4.96996996996997	8.949444821172695e-5	9.197787955960411e-5
-4.95995995995996	8.817492386145259e-5	9.057681212008558e-5
-4.94994994994995	8.688663455714996e-5	8.920995985615371e-5
-4.93993993993994	8.562859800816916e-5	8.78762179059347e-5
-4.92992992992993	8.439986991623012e-5	8.657452529509219e-5
-4.91991991991992	8.319954230281496e-5	8.530386271381748e-5
-4.90990990990991	8.20267419363704e-5	8.406325060880514e-5
-4.8998998998999	8.088062863675686e-5	8.28517473259831e-5
-4.88988988988989	7.976039376103677e-5	8.166844747853675e-5
-4.87987987987988	7.866525909635668e-5	8.051248030629711e-5
-4.86986986986987	7.759447514133427e-5	7.938300795484182e-5
-4.85985985985986	7.654732002354885e-5	7.827922418151875e-5
-4.84984984984985	7.552309834867765e-5	7.72003529061537e-5
-4.83983983983984	7.45211400433087e-5	7.614564679935023e-5
-4.82982982982983	7.35407990818229e-5	7.511438620603979e-5
-4.81981981981982	7.258145271898665e-5	7.410587772401064e-5
-4.80980980980981	7.16425002931473e-5	7.311945326415027e-5
-4.7997997997998	7.072336246291374e-5	7.21544688608926e-5
-4.78978978978979	6.98234802176011e-5	7.121030356266392e-5
-4.77977977977978	6.894231400595044e-5	7.028635874471194e-5
-4.76976976976977	6.807934305423611e-5	6.938205690283071e-5
-4.75975975975976	6.723406445233204e-5	6.849684077221833e-5
-4.74974974974975	6.640599260282654e-5	6.763017266696932e-5
-4.73973973973974	6.559465831632904e-5	6.678153364493461e-5
-4.72972972972973	6.479960824764576e-5	6.595042249765118e-5
-4.71971971971972	6.402040438106417e-5	6.513635532570913e-5
-4.70970970970971	6.325662315449882e-5	6.433886471346777e-5
-4.6996996996997	6.250785520159524e-5	6.355749900683569e-5
-4.68968968968969	6.177370446257435e-5	6.279182187915176e-5
-4.67967967967968	6.105378794994277e-5	6.204141140707713e-5
-4.66966966966967	6.0347735163963285e-5	6.130585987713564e-5
-4.65965965965966	5.96551874697003e-5	6.0584772902613914e-5
-4.64964964964965	5.897579782618665e-5	5.9877769069973866e-5
-4.63963963963964	5.83092301939364e-5	5.9184479474609994e-5
-4.62962962962963	5.765515926399219e-5	5.850454706898626e-5
-4.61961961961962	5.701327005063782e-5	5.783762644563503e-5
-4.60960960960961	5.6383257237672365e-5	5.718338310037745e-5
-4.5995995995996	5.576482522207791e-5	5.6541493314206745e-5
-4.58958958958959	5.5157687464619865e-5	5.591164356711986e-5
-4.57957957957958	5.456156624753607e-5	5.529353015757192e-5
-4.56956956956957	5.397619235373524e-5	5.468685896048013e-5
-4.55955955955956	5.340130479501064e-5	5.4091344900682505e-5
-4.54954954954955	5.283665044626072e-5	5.3506711833453e-5
-4.53953953953954	5.2281983801027036e-5	5.293269203541449e-5
-4.52952952952953	5.173706673522228e-5	5.23690259277748e-5
-4.51951951951952	5.120166807502699e-5	5.1815461906855854e-5
-4.50950950950951	5.0675563681664576e-5	5.127175594093279e-5
-4.4994994994995	5.015853581468158e-5	5.073767123172478e-5
-4.48948948948949	4.965037320663349e-5	5.021297819568522e-5
-4.47947947947948	4.915087070029348e-5	4.9697453985785124e-5
-4.46946946946947	4.865982904755572e-5	4.919088233748663e-5
-4.45945945945946	4.8177054789987925e-5	4.8693053368998805e-5
-4.44944944944945	4.7702359870839e-5	4.820376331424825e-5
-4.43943943943944	4.723556173430387e-5	4.7722814325952306e-5
-4.42942942942943	4.677648288846478e-5	4.725001425933266e-5
-4.41941941941942	4.63249508498308e-5	4.678517648744181e-5
-4.40940940940941	4.588079793197124e-5	4.632811972368067e-5
-4.3993993993994	4.544386119075877e-5	4.587866783045167e-5
-4.38938938938939	4.501398208927885e-5	4.543664968578746e-5
-4.37937937937938	4.4591006532358165e-5	4.500189890787797e-5
-4.36936936936937	4.4174784593279466e-5	4.4574253813810685e-5
-4.35935935935936	4.376517043500394e-5	4.415355719569666e-5
-4.34934934934935	4.336202218504664e-5	4.3739656186917705e-5
-4.33933933933934	4.296520176420287e-5	4.333240220107223e-5
-4.32932932932933	4.2574574815650024e-5	4.2931650574625665e-5
-4.31931931931932	4.219001054157386e-5	4.2537260722947615e-5
-4.3093093093093096	4.181138164259562e-5	4.2149095802102036e-5
-4.2992992992992995	4.143856415196638e-5	4.176702265476119e-5
-4.2892892892892895	4.107143734673453e-5	4.139091170535743e-5
-4.2792792792792795	4.070988366904037e-5	4.102063685036753e-5
-4.2692692692692695	4.0353788616153775e-5	4.065607528665169e-5
-4.2592592592592595	4.00030406539686e-5	4.029710749012272e-5
-4.2492492492492495	3.965753109793822e-5	3.9943617078904664e-5
-4.2392392392392395	3.9317154019924246e-5	3.959549068016745e-5
-4.2292292292292295	3.898180627062366e-5	3.925261789689349e-5
-4.2192192192192195	3.865138719261139e-5	3.891489117060112e-5
-4.2092092092092095	3.832579876297607e-5	3.858220571269729e-5
-4.1991991991991995	3.8004945349524746e-5	3.825445942528734e-5
-4.1891891891891895	3.768873375661458e-5	3.793155280258993e-5
-4.1791791791791795	3.737707311322591e-5	3.761338888859738e-5
-4.1691691691691695	3.7069874706683245e-5	3.729987311236176e-5
-4.1591591591591595	3.6767052079128176e-5	3.69909133400255e-5
-4.1491491491491495	3.646852085811915e-5	3.6686419731471795e-5
-4.1391391391391394	3.6174198751044386e-5	3.638630465001529e-5
-4.129129129129129	3.588400544415677e-5	3.609048263313639e-5
-4.119119119119119	3.5597862526727096e-5	3.579887036138777e-5
-4.109109109109109	3.5315693518217914e-5	3.551138646275206e-5
-4.099099099099099	3.5037423749260565e-5	3.522795169359013e-5
-4.089089089089089	3.4762980321303034e-5	3.494848860153677e-5
-4.079079079079079	3.4492292055808426e-5	3.467292168528854e-5
-4.069069069069069	3.422528942759696e-5	3.440117718526351e-5
-4.059059059059059	3.3961904596058124e-5	3.413318323229683e-5
-4.049049049049049	3.370207125577149e-5	3.3868869482483105e-5
-4.039039039039039	3.344572468501955e-5	3.360816747253505e-5
-4.029029029029029	3.3192801598720165e-5	3.3351010160216885e-5
-4.019019019019019	3.294324022022793e-5	3.309733220596103e-5
-4.009009009009009	3.2696980155204714e-5	3.284706975640565e-5
-3.998998998998999	3.245396238587702e-5	3.260016041611242e-5
-3.988988988988989	3.221412925323421e-5	3.235654328847322e-5
-3.978978978978979	3.197742439075642e-5	3.211615883054017e-5
-3.968968968968969	3.174379268219434e-5	3.1878948899777325e-5
-3.958958958958959	3.151318028268801e-5	3.164485669090711e-5
-3.948948948948949	3.128553451284077e-5	3.141382662880217e-5
-3.938938938938939	3.1060803848633596e-5	3.118580444170287e-5
-3.928928928928929	3.08389379636409e-5	3.096073710668592e-5
-3.918918918918919	3.061988758370308e-5	3.073857274131008e-5
-3.908908908908909	3.0403604525520378e-5	3.0519260626468795e-5
-3.898898898898899	3.0190041650261752e-5	3.0302751188771463e-5
-3.888888888888889	2.99791528965078e-5	3.008899596358828e-5
-3.878878878878879	2.9770893094542017e-5	2.987794753799119e-5
-3.868868868868869	2.9565218136936793e-5	2.9669559517247096e-5
-3.858858858858859	2.9362084802627134e-5	2.9463786550800493e-5
-3.848848848848849	2.916145084972569e-5	2.9260584266288868e-5
-3.838838838838839	2.8963274868673463e-5	2.9059909249033298e-5
-3.828828828828829	2.8767516363965676e-5	2.886171902869796e-5
-3.818818818818819	2.8574135678651285e-5	2.8665972028409146e-5
-3.808808808808809	2.8383093995221992e-5	2.8472627578422492e-5
-3.798798798798799	2.8194353289308176e-5	2.828164586251817e-5
-3.7887887887887888	2.800787634738382e-5	2.8092987917092463e-5
-3.7787787787787788	2.78236267245167e-5	2.790661559085622e-5
-3.7687687687687688	2.7641568698565875e-5	2.772249154758389e-5
-3.7587587587587588	2.74616672950835e-5	2.7540579202526036e-5
-3.7487487487487487	2.7283888290292647e-5	2.736084277716982e-5
-3.7387387387387387	2.7108198084438533e-5	2.718324720445694e-5
-3.7287287287287287	2.693456382879934e-5	2.70077581354442e-5
-3.7187187187187187	2.676295328933802e-5	2.6834341947004987e-5
-3.7087087087087087	2.6593334879343627e-5	2.666296572079532e-5
-3.6986986986986987	2.642567769847085e-5	2.6493597150858104e-5
-3.6886886886886887	2.6259951393073945e-5	2.6326204658994113e-5
-3.6786786786786787	2.6096126271303603e-5	2.6160757242845658e-5
-3.6686686686686687	2.5934173159724907e-5	2.5997224557703163e-5
-3.6586586586586587	2.5774063545494442e-5	2.5835576882058818e-5
-3.6486486486486487	2.5615769371887788e-5	2.567578503760368e-5
-3.6386386386386387	2.5459263244184553e-5	2.5517820485247835e-5
-3.6286286286286287	2.5304518191084803e-5	2.5361655209064908e-5
-3.6186186186186187	2.515150785827592e-5	2.5207261755113076e-5
-3.6086086086086087	2.5000206319020134e-5	2.5054613222783924e-5
-3.5985985985985987	2.485058818756794e-5	2.4903683222715055e-5
-3.5885885885885886	2.470262857077552e-5	2.4754445896979503e-5
-3.5785785785785786	2.4556303034966478e-5	2.4606875877372463e-5
-3.5685685685685686	2.4411587596157184e-5	2.446094828110414e-5
-3.5585585585585586	2.426845875432094e-5	2.4316638710041988e-5
-3.5485485485485486	2.412689343788214e-5	2.4173923238932618e-5
-3.5385385385385386	2.3986868990342717e-5	2.4032778410483484e-5
-3.5285285285285286	2.384836320943732e-5	2.3893181189950098e-5
-3.5185185185185186	2.3711354292761657e-5	2.3755108987994843e-5
-3.5085085085085086	2.357582083230456e-5	2.3618539643217e-5
-3.4984984984984986	2.344174183119136e-5	2.3483451419564945e-5
-3.4884884884884886	2.330909667638763e-5	2.334982297725025e-5
-3.4784784784784786	2.3177865122751837e-5	2.3217633367800665e-5
-3.4684684684684686	2.3048027298627236e-5	2.308686205035155e-5
-3.4584584584584586	2.2919563698521965e-5	2.29574888663746e-5
-3.4484484484484486	2.2792455181818074e-5	2.282949399933324e-5
-3.4384384384384385	2.2666682926598586e-5	2.2702858034642005e-5
-3.4284284284284285	2.2542228458850262e-5	2.2577561894865083e-5
-3.4184184184184185	2.2419073655602827e-5	2.2453586843566336e-5
-3.4084084084084085	2.2297200680068368e-5	2.2330914487870867e-5
-3.3983983983983985	2.2176592054405297e-5	2.2209526787909718e-5
-3.3883883883883885	2.2057230587431255e-5	2.2089406014925753e-5
-3.3783783783783785	2.193909938631459e-5	2.197053473081935e-5
-3.3683683683683685	2.1822181857884016e-5	2.185289586509226e-5
-3.3583583583583585	2.170646172338642e-5	2.173647261967036e-5
-3.3483483483483485	2.1591922964051294e-5	2.162124849200466e-5
-3.3383383383383385	2.147854984397796e-5	2.1507207280471595e-5
-3.3283283283283285	2.1366326906540248e-5	2.1394333062329248e-5
-3.3183183183183185	2.1255238952904764e-5	2.1282610203263393e-5
-3.3083083083083085	2.114527104754544e-5	2.1172023345569652e-5
-3.2982982982982985	2.1036408523817347e-5	2.1062557379268217e-5
-3.2882882882882885	2.0928636953256574e-5	2.095419747898451e-5
-3.2782782782782784	2.082194215608377e-5	2.084692906213024e-5
-3.2682682682682684	2.0716310204474103e-5	2.0740737808753296e-5
-3.2582582582582584	2.0611727368450403e-5	2.0635609641725402e-5
-3.2482482482482484	2.0508180203246104e-5	2.053153071509666e-5
-3.2382382382382384	2.0405655443438933e-5	2.0428487427645638e-5
-3.2282282282282284	2.0304140082964892e-5	2.0326466418394485e-5
-3.2182182182182184	2.0203621304100673e-5	2.022545453119277e-5
-3.2082082082082084	2.0104086511699855e-5	2.0125438848861227e-5
-3.1981981981981984	2.0005523318702163e-5	2.002640666839852e-5
-3.1881881881881884	1.9907919552550805e-5	1.9928345499627192e-5
-3.1781781781781784	1.981126322230358e-5	1.983124305262971e-5
-3.1681681681681684	1.9715542549350746e-5	1.9735087249063812e-5
-3.1581581581581584	1.9620745944995482e-5	1.9639866222238035e-5
-3.1481481481481484	1.952686199436293e-5	1.954556828389504e-5
-3.1381381381381384	1.94338794895628e-5	1.9452181941382468e-5
-3.1281281281281283	1.934178738511681e-5	1.935969589545839e-5
-3.118118118118118	1.9250574834511097e-5	1.9268099031656674e-5
-3.108108108108108	1.916023113906668e-5	1.9177380432226062e-5
-3.098098098098098	1.907074579465513e-5	1.9087529318377336e-5
-3.088088088088088	1.8982108451448318e-5	1.8998535106658707e-5
-3.078078078078078	1.8894308921268126e-5	1.891038740450094e-5
-3.068068068068068	1.880733719765533e-5	1.882307595504698e-5
-3.058058058058058	1.8721183416440536e-5	1.8736590684752943e-5
-3.048048048048048	1.8635837861727156e-5	1.8650921671123075e-5
-3.038038038038038	1.8551290983119916e-5	1.856605915707403e-5
-3.028028028028028	1.8467533380308367e-5	1.84819935421907e-5
-3.018018018018018	1.838455579631866e-5	1.8398715358676608e-5
-3.008008008008008	1.830234910224971e-5	1.83162153155057e-5
-2.997997997997998	1.8220904344919356e-5	1.8234484247566073e-5
-2.987987987987988	1.8140212679559154e-5	1.815351313999831e-5
-2.977977977977978	1.8060265407789482e-5	1.8073293124744005e-5
-2.967967967967968	1.7981053967971916e-5	1.799381545800285e-5
-2.957957957957958	1.7902569921286795e-5	1.7915071543753937e-5
-2.947947947947948	1.7824804969168746e-5	1.7837052917421952e-5
-2.937937937937938	1.7747750937311545e-5	1.7759751241634175e-5
-2.9279279279279278	1.7671399753131e-5	1.768315830871702e-5
-2.9179179179179178	1.759574349644271e-5	1.7607266031424946e-5
-2.9079079079079078	1.752077435219137e-5	1.753206645531968e-5
-2.8978978978978978	1.7446484623944868e-5	1.7457551738614427e-5
-2.8878878878878878	1.737286672638042e-5	1.738371416959203e-5
-2.8778778778778777	1.7299913187816257e-5	1.7310546129525892e-5
-2.8678678678678677	1.7227616669079366e-5	1.723804014696033e-5
-2.8578578578578577	1.7155969903463178e-5	1.7166188839466912e-5
-2.8478478478478477	1.7084965759928793e-5	1.70949849481669e-5
-2.8378378378378377	1.7014597198828997e-5	1.7024421304750078e-5
-2.8278278278278277	1.6944857292062764e-5	1.6954490875406282e-5
-2.8178178178178177	1.6875739205829994e-5	1.688518670833148e-5
-2.8078078078078077	1.680723621731813e-5	1.6816501957633902e-5
-2.7977977977977977	1.6739341685345504e-5	1.6748429884294682e-5
-2.7877877877877877	1.6672049079384683e-5	1.6680963844116447e-5
-2.7777777777777777	1.6605351952517766e-5	1.661409730978476e-5
-2.7677677677677677	1.6539243958843316e-5	1.6547823803220914e-5
-2.7577577577577577	1.647371884316325e-5	1.6482136994036255e-5
-2.7477477477477477	1.6408770436420074e-5	1.6417030612178403e-5
-2.7377377377377377	1.6344392668787024e-5	1.6352498487454292e-5
-2.7277277277277276	1.628057953778999e-5	1.6288534531341215e-5
-2.7177177177177176	1.6217325138124826e-5	1.6225132759326357e-5
-2.7077077077077076	1.6154623647498198e-5	1.616228725098739e-5
-2.6976976976976976	1.609246932855846e-5	1.6099992192365546e-5
-2.6876876876876876	1.6030856521749147e-5	1.603824184466059e-5
-2.6776776776776776	1.5969779649605698e-5	1.597703053951384e-5
-2.6676676676676676	1.5909233204071755e-5	1.5916352703986143e-5
-2.6576576576576576	1.5849211765382062e-5	1.5856202842266677e-5
-2.6476476476476476	1.5789709992201892e-5	1.5796575528725317e-5
-2.6376376376376376	1.573072260327608e-5	1.573746541624068e-5
-2.6276276276276276	1.5672244394033756e-5	1.5678867231465207e-5
-2.6176176176176176	1.5614270236409855e-5	1.5620775796048465e-5
-2.6076076076076076	1.555679508269882e-5	1.5563185969067497e-5
-2.5975975975975976	1.5499813945718156e-5	1.5506092708309305e-5
-2.5875875875875876	1.5443321894988e-5	1.544949102062114e-5
-2.5775775775775776	1.5387314084165045e-5	1.5393375998780247e-5
-2.5675675675675675	1.5331785726447114e-5	1.5337742799531792e-5
-2.5575575575575575	1.5276732101429725e-5	1.528258664983487e-5
-2.5475475475475475	1.5222148557891875e-5	1.5227902825786572e-5
-2.5375375375375375	1.5168030495666743e-5	1.5173686687927998e-5
-2.5275275275275275	1.5114373389470664e-5	1.511993364908722e-5
-2.5175175175175175	1.5061172768472008e-5	1.5066639185868435e-5
-2.5075075075075075	1.5008424223811779e-5	1.5013798836895662e-5
-2.4974974974974975	1.4956123400785281e-5	1.4961408210056779e-5
-2.4874874874874875	1.4904266013045723e-5	1.4909462960662484e-5
-2.4774774774774775	1.4852847825731688e-5	1.485795880152833e-5
-2.4674674674674675	1.4801864657655037e-5	1.480689151108915e-5
-2.4574574574574575	1.4751312386051082e-5	1.4756256931033087e-5
-2.4474474474474475	1.4701186947314446e-5	1.470605094260572e-5
-2.4374374374374375	1.4651484323824102e-5	1.4656269487968573e-5
-2.4274274274274275	1.4602200559610027e-5	1.4606908570133058e-5
-2.4174174174174174	1.4553331739752604e-5	1.4557964236093978e-5
-2.4074074074074074	1.450487401172931e-5	1.4509432591699856e-5
-2.3973973973973974	1.4456823563229e-5	1.4461309793948953e-5
-2.3873873873873874	1.4409176646833444e-5	1.4413592040889704e-5
-2.3773773773773774	1.4361929543808378e-5	1.4366275593424344e-5
-2.3673673673673674	1.431507859855754e-5	1.4319356754792728e-5
-2.3573573573573574	1.4268620204828903e-5	1.4272831883649214e-5
-2.3473473473473474	1.422255078986131e-5	1.4226697373377894e-5
-2.3373373373373374	1.4176866838656805e-5	1.4180949676161896e-5
-2.3273273273273274	1.4131564873346394e-5	1.4135585288687439e-5
-2.3173173173173174	1.4086641471033723e-5	1.4090600745303474e-5
-2.3073073073073074	1.40420932457535e-5	1.4045992633590462e-5
-2.2972972972972974	1.3997916850788187e-5	1.4001757585629018e-5
-2.2872872872872874	1.3954108993527254e-5	1.3957892262713525e-5
-2.2772772772772774	1.3910666411972157e-5	1.3914393393566096e-5
-2.2672672672672673	1.3867585896666091e-5	1.3871257728358928e-5
-2.2572572572572573	1.3824864270907686e-5	1.382848206741977e-5
-2.2472472472472473	1.3782498398052464e-5	1.3786063255622255e-5
-2.2372372372372373	1.3740485188765799e-5	1.3743998168364197e-5
-2.2272272272272273	1.3698821583886157e-5	1.3702283723284166e-5
-2.2172172172172173	1.3657504574108103e-5	1.3660916885058305e-5
-2.2072072072072073	1.3616531173402e-5	1.3619894650997363e-5
-2.1971971971971973	1.3575898443700916e-5	1.3579214057519069e-5
-2.1871871871871873	1.3535603479588833e-5	1.3538872171819229e-5
-2.1771771771771773	1.3495643413585738e-5	1.3498866112691785e-5
-2.1671671671671673	1.345601541649096e-5	1.3459193023354615e-5
-2.1571571571571573	1.341671669398228e-5	1.3419850083938758e-5
-2.1471471471471473	1.3377744474481095e-5	1.3380834516243224e-5
-2.1371371371371373	1.3339096033994808e-5	1.3342143572199035e-5
-2.1271271271271273	1.3300768684367292e-5	1.330377453936618e-5
-2.1171171171171173	1.3262759763482235e-5	1.3265724738609636e-5
-2.1071071071071072	1.3225066640893295e-5	1.322799152082605e-5
-2.0970970970970972	1.318768672381167e-5	1.3190572275580915e-5
-2.0870870870870872	1.3150617448786237e-5	1.3153464430510069e-5
-2.0770770770770772	1.3113856284796275e-5	1.3116665420898854e-5
-2.067067067067067	1.3077400729911197e-5	1.3080172744667148e-5
-2.057057057057057	1.3041248320965254e-5	1.3043983908257421e-5
-2.047047047047047	1.30053966059967e-5	1.3008096460341698e-5
-2.037037037037037	1.2969843189517617e-5	1.2972507970746672e-5
-2.027027027027027	1.2934585681131321e-5	1.2937216050070304e-5
-2.017017017017017	1.2899621733805669e-5	1.290221833066738e-5
-2.007007007007007	1.2864949025222295e-5	1.2867512475780845e-5
-1.996996996996997	1.2830565259412778e-5	1.2833096175857358e-5
-1.986986986986987	1.2796468170342479e-5	1.2798967154112936e-5
-1.976976976976977	1.2762655519838208e-5	1.2765123154683719e-5
-1.966966966966967	1.2729125095304728e-5	1.2731561956309291e-5
-1.956956956956957	1.269587471452418e-5	1.2698281355399288e-5
-1.946946946946947	1.2662902214001667e-5	1.266527918865584e-5
-1.936936936936937	1.2630205464527075e-5	1.2632553305804684e-5
-1.926926926926927	1.2597782356995704e-5	1.2600101592831757e-5
-1.916916916916917	1.2565630806602803e-5	1.2567921949565645e-5
-1.906906906906907	1.2533748762875096e-5	1.2536012316171061e-5
-1.896896896896897	1.250213419388356e-5	1.2504370642082487e-5
-1.8868868868868869	1.2470785083402999e-5	1.2472994915762066e-5
-1.8768768768768769	1.2439699456520167e-5	1.2441883139580405e-5
-1.8668668668668669	1.2408875349600901e-5	1.241103334475309e-5
-1.8568568568568569	1.2378310824720694e-5	1.2380443581535198e-5
-1.8468468468468469	1.2348003971965388e-5	1.2350111934089612e-5
-1.8368368368368369	1.2317952898480277e-5	1.2320036493020222e-5
-1.8268268268268268	1.2288155733614574e-5	1.2290215390077723e-5
-1.8168168168168168	1.2258610637634906e-5	1.2260646765039145e-5
-1.8068068068068068	1.222931577986769e-5	1.2231328788124781e-5
-1.7967967967967968	1.2200269363529815e-5	1.2202259644931213e-5
-1.7867867867867868	1.2171469603186606e-5	1.217343755002917e-5
-1.7767767767767768	1.2142914743113777e-5	1.2144860734816666e-5
-1.7667667667667668	1.2114603041264248e-5	1.2116527450757748e-5
-1.7567567567567568	1.2086532778681645e-5	1.20884359736394e-5
-1.7467467467467468	1.2058702261814649e-5	1.2060584593435564e-5
-1.7367367367367368	1.203110980729973e-5	1.2032971633971507e-5
-1.7267267267267268	1.2003753761003136e-5	1.2005595423288197e-5
-1.7167167167167168	1.1976632483193903e-5	1.1978454318501588e-5
-1.7067067067067068	1.1949744354632977e-5	1.195154668907707e-5
-1.6966966966966968	1.1923087773102965e-5	1.1924870936065005e-5
-1.6866866866866868	1.1896661162977925e-5	1.1898425464853583e-5
-1.6766766766766767	1.1870462954530278e-5	1.1872208708601743e-5
-1.6666666666666667	1.1844491608705774e-5	1.184621912023861e-5
-1.6566566566566567	1.1818745594143735e-5	1.1820455163087954e-5
-1.6466466466466467	1.1793223412663893e-5	1.1794915329899139e-5
-1.6366366366366367	1.1767923565854215e-5	1.1769598116275334e-5
-1.6266266266266267	1.174284458322046e-5	1.1744502049044171e-5
-1.6166166166166167	1.1717985011015343e-5	1.171962566933617e-5
-1.6066066066066067	1.1693343408025616e-5	1.1694967529891039e-5
-1.5965965965965967	1.1668918357726314e-5	1.1670526204591974e-5
-1.5865865865865867	1.1644708448327047e-5	1.1646300285009372e-5
-1.5765765765765767	1.162071229713966e-5	1.1622288378028908e-5
-1.5665665665665667	1.1596928530991918e-5	1.1598489108167458e-5
-1.5565565565565564	1.1573355795755697e-5	1.1574901113723019e-5
-1.5465465465465464	1.1549992752599922e-5	1.1551523050684907e-5
-1.5365365365365364	1.1526838074147408e-5	1.1528353592418619e-5
-1.5265265265265264	1.1503890455138488e-5	1.1505391425179337e-5
-1.5165165165165164	1.1481148602512324e-5	1.1482635250671994e-5
-1.5065065065065064	1.1458611237623695e-5	1.146008379392447e-5
-1.4964964964964964	1.143627710012616e-5	1.1437735777284093e-5
-1.4864864864864864	1.141414494106794e-5	1.1415589958385704e-5
-1.4764764764764764	1.1392213528034345e-5	1.1393645097134818e-5
-1.4664664664664664	1.1370481643329762e-5	1.137189997239695e-5
-1.4564564564564564	1.1348948082151093e-5	1.1350353376491402e-5
-1.4464464464464464	1.1327611655433239e-5	1.1329004114219762e-5
-1.4364364364364364	1.1306471190244543e-5	1.1307851011858302e-5
-1.4264264264264264	1.1285525519422783e-5	1.1286892900273303e-5
-1.4164164164164164	1.1264773500189027e-5	1.1266128628927168e-5
-1.4064064064064064	1.1244213996640842e-5	1.1245557060428315e-5
-1.3963963963963963	1.1223845889269592e-5	1.122517707247929e-5
-1.3863863863863863	1.1203668068559448e-5	1.1204987551858867e-5
-1.3763763763763763	1.1183679444289142e-5	1.1184987406898182e-5
-1.3663663663663663	1.116387893166616e-5	1.1165175547472433e-5
-1.3563563563563563	1.1144265465702313e-5	1.1145550905660086e-5
-1.3463463463463463	1.1124837988195376e-5	1.1126112422299233e-5
-1.3363363363363363	1.1105595458002072e-5	1.110685905480883e-5
-1.3263263263263263	1.108653684630153e-5	1.10877897650402e-5
-1.3163163163163163	1.106766113235304e-5	1.1068903537187617e-5
-1.3063063063063063	1.1048967315283796e-5	1.1050199362309497e-5
-1.2962962962962963	1.1030454396789802e-5	1.1031676242440753e-5
-1.2862862862862863	1.1012121397732669e-5	1.1013333196099007e-5
-1.2762762762762763	1.0993967346779832e-5	1.0995169248280598e-5
-1.2662662662662663	1.097599128982162e-5	1.0977183441732983e-5
-1.2562562562562563	1.0958192278417252e-5	1.0959374827122443e-5
-1.2462462462462462	1.0940569377535175e-5	1.0941742466830752e-5
-1.2362362362362362	1.0923121664998495e-5	1.0924285438093001e-5
-1.2262262262262262	1.0905848229108195e-5	1.0907002822724709e-5
-1.2162162162162162	1.0888748168526579e-5	1.0889893720333654e-5
-1.2062062062062062	1.0871820594009957e-5	1.0872957239287758e-5
-1.1961961961961962	1.0855064626725863e-5	1.0856192498367909e-5
-1.1861861861861862	1.0838479397748253e-5	1.0839598628173332e-5
-1.1761761761761762	1.0822064051414672e-5	1.0823174767999551e-5
-1.1661661661661662	1.0805817741772951e-5	1.0806920071849508e-5
-1.1561561561561562	1.0789739632077254e-5	1.0790833700206003e-5
-1.1461461461461462	1.0773828895572609e-5	1.0774914826867721e-5
-1.1361361361361362	1.075808471887353e-5	1.0759162633672898e-5
-1.1261261261261262	1.0742506296384373e-5	1.0743576316378306e-5
-1.1161161161161162	1.0727092833719183e-5	1.072815507727984e-5
-1.1061061061061062	1.0711843546602112e-5	1.0712898127652925e-5
-1.0960960960960962	1.0696757659893882e-5	1.0697804694924787e-5
-1.0860860860860861	1.0681834407640921e-5	1.0682874009807692e-5
-1.0760760760760761	1.0667073035668362e-5	1.0668105316830057e-5
-1.0660660660660661	1.065247279875671e-5	1.0653497869316242e-5
-1.0560560560560561	1.0638032961967235e-5	1.0639050928865825e-5
-1.0460460460460461	1.0623752797037704e-5	1.0624763768858124e-5
-1.0360360360360361	1.0609631589355219e-5	1.0610635671432335e-5
-1.026026026026026	1.0595668629298165e-5	1.0596665925964343e-5
-1.016016016016016	1.0581863219427307e-5	1.0582853833887324e-5
-1.006006006006006	1.0568214671059018e-5	1.0569198705250818e-5
-0.995995995995996	1.0554722304853081e-5	1.0555699857559668e-5
-0.985985985985986	1.0541385447075854e-5	1.0542356620940908e-5
-0.975975975975976	1.052820343960381e-5	1.0529168328919217e-5
-0.965965965965966	1.051517562780691e-5	1.051613432916167e-5
-0.955955955955956	1.0502301365976652e-5	1.0503253976377341e-5
-0.9459459459459459	1.0489580021173304e-5	1.0490526633623452e-5
-0.9359359359359359	1.0477010963146955e-5	1.0477951671734713e-5
-0.9259259259259259	1.0464593577503212e-5	1.0465528472256738e-5
-0.9159159159159159	1.0452327251121664e-5	1.0453256424335743e-5
-0.9059059059059059	1.0440211384140291e-5	1.0441134924240087e-5
-0.8958958958958959	1.0428245383961201e-5	1.0429163379836225e-5
-0.8858858858858859	1.0416428665022811e-5	1.0417341205027257e-5
-0.8758758758758759	1.0404760651527104e-5	1.0405667822058929e-5
-0.8658658658658659	1.0393240775265155e-5	1.0394142660249446e-5
-0.8558558558558559	1.038186847536665e-5	1.03827651610489e-5
-0.8458458458458459	1.037064320020131e-5	1.0371534768621358e-5
-0.8358358358358359	1.0359564406480227e-5	1.0360450940776006e-5
-0.8258258258258259	1.034863155665306e-5	1.0349513139190573e-5
-0.8158158158158159	1.0337844122961565e-5	1.0338720834313031e-5
-0.8058058058058059	1.0327201586341146e-5	1.0328073505790979e-5
-0.7957957957957958	1.0316703431608637e-5	1.0317570638576654e-5
-0.7857857857857858	1.0306349155908781e-5	1.0307211729338141e-5
-0.7757757757757757	1.0296138261149355e-5	1.029699627765311e-5
-0.7657657657657657	1.0286070257851353e-5	1.0286923793975468e-5
-0.7557557557557557	1.0276144663340451e-5	1.0276993794373425e-5
-0.7457457457457457	1.0266361003268746e-5	1.0267205804675536e-5
-0.7357357357357357	1.0256718810699593e-5	1.0257559356800348e-5
-0.7257257257257257	1.024721762491743e-5	1.0248053988784113e-5
-0.7157157157157157	1.0237856994004031e-5	1.0238689249259529e-5
-0.7057057057057057	1.0228636471938563e-5	1.0229464690683397e-5
-0.6956956956956957	1.0219555622510047e-5	1.0220379875003216e-5
-0.6856856856856857	1.0210614013442205e-5	1.0211434370818749e-5
-0.6756756756756757	1.0201811221064892e-5	1.0202627753929693e-5
-0.6656656656656657	1.0193146829534246e-5	1.0193959605796343e-5
-0.6556556556556556	1.0184620428568485e-5	1.0185429518369126e-5
-0.6456456456456456	1.0176231616749179e-5	1.017703708741277e-5
-0.6356356356356356	1.0167979997096263e-5	1.0168781917099685e-5
-0.6256256256256256	1.0159865182490225e-5	1.0160663617740832e-5
-0.6156156156156156	1.0151886790311966e-5	1.0152681807889666e-5
-0.6056056056056056	1.014404444560533e-5	1.0144836110739441e-5
-0.5955955955955956	1.0136337781265819e-5	1.013712615885231e-5
-0.5855855855855856	1.0128766435623543e-5	1.0129551590869992e-5
-0.5755755755755756	1.012133005349099e-5	1.0122112049910102e-5
-0.5655655655655656	1.0114028287833744e-5	1.0114807190106136e-5
-0.5555555555555556	1.0106860796810987e-5	1.0107636667553764e-5
-0.5455455455455456	1.0099827246863843e-5	1.0100600147746532e-5
-0.5355355355355356	1.0092927308518116e-5	1.0093697302919554e-5
-0.5255255255255256	1.0086160661676443e-5	1.0086927810348271e-5
-0.5155155155155156	1.0079526990857463e-5	1.0080291355279197e-5
-0.5055055055055055	1.0073025988350357e-5	1.0073787628950438e-5
-0.4954954954954955	1.0066657350565785e-5	1.0067416328070565e-5
-0.4854854854854855	1.0060420783174382e-5	1.006117715751521e-5
-0.4754754754754755	1.0054315996880886e-5	1.005506982732935e-5
-0.46546546546546547	1.0048342709014082e-5	1.0049094054530885e-5
-0.45545545545545546	1.004250064227451e-5	1.0043249561769015e-5
-0.44544544544544545	1.0036789527996556e-5	1.0037536079016206e-5
-0.43543543543543545	1.0031209100886697e-5	1.0031953341989391e-5
-0.42542542542542544	1.0025759104044358e-5	1.002650109239119e-5
-0.41541541541541543	1.0020439286045196e-5	1.0021179078653801e-5
-0.40540540540540543	1.0015249401169203e-5	1.0015987055190336e-5
-0.3953953953953954	1.0010189210813488e-5	1.0010924782455777e-5
-0.38538538538538536	1.000525848194221e-5	1.000599202763921e-5
-0.37537537537537535	1.0000456987941452e-5	1.000118856362097e-5
-0.36536536536536535	9.995784508069545e-6	9.996514168428598e-6
-0.35535535535535534	9.991240827636694e-6	9.991968628641442e-6
-0.34534534534534533	9.986825738015303e-6	9.98755173440527e-6
-0.3353353353353353	9.98253903715415e-6	9.983263283282526e-6
-0.3253253253253253	9.978380528035348e-6	9.979103078371031e-6
-0.3153153153153153	9.97435002040784e-6	9.975070929160594e-6
-0.3053053053053053	9.970447329690745e-6	9.971166650766598e-6
-0.2952952952952953	9.966672277607873e-6	9.967390064229937e-6
-0.2852852852852853	9.963024690972851e-6	9.96374099675789e-6
-0.2752752752752753	9.959504402997406e-6	9.96021928169132e-6
-0.2652652652652653	9.956111253639757e-6	9.956824757417907e-6
-0.2552552552552553	9.952845087579602e-6	9.953557269011116e-6
-0.24524524524524524	9.949705755800763e-6	9.950416667701936e-6
-0.23523523523523523	9.946693114677155e-6	9.947402809417782e-6
-0.22522522522522523	9.943807027341257e-6	9.944515556924043e-6
-0.21521521521521522	9.941047362334674e-6	9.941754778479506e-6
-0.20520520520520522	9.938413993761707e-6	9.939120348321314e-6
-0.19519519519519518	9.935906801278954e-6	9.93661214610313e-6
-0.18518518518518517	9.93352567125696e-6	9.934230057725327e-6
-0.17517517517517517	9.93127049533542e-6	9.931973974777684e-6
-0.16516516516516516	9.929141170816535e-6	9.929843794158168e-6
-0.15515515515515516	9.927137600894004e-6	9.927839418969126e-6
-0.14514514514514515	9.92525969450153e-6	9.925960758587918e-6
-0.13513513513513514	9.923507366107154e-6	9.924207726908786e-6
-0.12512512512512514	9.921880536127957e-6	9.922580244645581e-6
-0.11511511511511512	9.920379130956159e-6	9.921078237248752e-6
-0.10510510510510511	9.91900308249482e-6	9.919701636996803e-6
-0.09509509509509509	9.917752327198167e-6	9.91845038114748e-6
-0.08508508508508508	9.91662681005794e-6	9.917324412817295e-6
-0.07507507507507508	9.915626478437241e-6	9.916323680477716e-6
-0.06506506506506507	9.914751287178658e-6	9.9154481393991e-6
-0.055055055055055056	9.914001197777709e-6	9.91469774927307e-6
-0.04504504504504504	9.91337617484487e-6	9.914072476000684e-6
-0.035035035035035036	9.912876190285746e-6	9.913572291989565e-6
-0.025025025025025027	9.91250122199505e-6	9.91319717340398e-6
-0.015015015015015015	9.912251252610442e-6	9.91294710413694e-6
-0.005005005005005005	9.912126270770759e-6	9.912822072072834e-6
0.005005005005005005	9.912126270659738e-6	9.91282207229488e-6
0.015015015015015015	9.912251252721466e-6	9.91294710380387e-6
0.025025025025025027	9.912501221995052e-6	9.913197173403992e-6
0.035035035035035036	9.912876190174713e-6	9.91357229198958e-6
0.04504504504504504	9.91337617462284e-6	9.914072476333778e-6
0.055055055055055056	9.914001197666839e-6	9.91469774916217e-6
0.06506506506506507	9.914751287289613e-6	9.915448139399161e-6
0.07507507507507508	9.915626478215196e-6	9.916323680588798e-6
0.08508508508508508	9.916626809724783e-6	9.91732441248448e-6
0.09509509509509509	9.917752327531188e-6	9.918450381147569e-6
0.10510510510510511	9.919003082050737e-6	9.919701637107878e-6
0.11511511511511512	9.920379131067085e-6	9.921078237359759e-6
0.12512512512512514	9.921880536350176e-6	9.9225802445344e-6
0.13513513513513514	9.923507365996535e-6	9.924207726908815e-6
0.14514514514514515	9.925259694501393e-6	9.92596075880981e-6
0.15515515515515516	9.927137600782851e-6	9.92783941908026e-6
0.16516516516516516	9.929141170816655e-6	9.929843794158247e-6
0.17517517517517517	9.931270495446671e-6	9.931973974666567e-6
0.18518518518518517	9.933525671478815e-6	9.934230057613883e-6
0.19519519519519518	9.93590680138992e-6	9.936612145992029e-6
0.20520520520520522	9.938413993539556e-6	9.939120348432054e-6
0.21521521521521522	9.941047362112294e-6	9.941754778368616e-6
0.22522522522522523	9.943807027451905e-6	9.944515556813216e-6
0.23523523523523523	9.946693114677004e-6	9.947402809750639e-6
0.24524524524524524	9.94970575557878e-6	9.950416667812903e-6
0.2552552552552553	9.952845087468778e-6	9.953557269343407e-6
0.2652652652652653	9.956111253862194e-6	9.956824757084999e-6
0.2752752752752753	9.959504403219709e-6	9.96021928158022e-6
0.2852852852852853	9.9630246908621e-6	9.963740996979932e-6
0.2952952952952953	9.96667227727501e-6	9.967390064340138e-6
0.3053053053053053	9.970447329802021e-6	9.971166650766327e-6
0.3153153153153153	9.974350020407792e-6	9.975070929270507e-6
0.3253253253253253	9.978380528035697e-6	9.97910307859297e-6
0.3353353353353353	9.982539037265731e-6	9.983263283392865e-6
0.34534534534534533	9.986825738015213e-6	9.98755173440549e-6
0.35535535535535534	9.991240827858003e-6	9.99196862875267e-6
0.36536536536536535	9.995784507847726e-6	9.996514168650097e-6
0.37537537537537535	1.000045698794222e-5	1.0001188563064986e-5
0.38538538538538536	1.0005258481830163e-5	1.0005992027973104e-5
0.3953953953953954	1.001018921092377e-5	1.0010924782455589e-5
0.40540540540540543	1.00152494008367e-5	1.0015987055300551e-5
0.41541541541541543	1.0020439285712434e-5	1.002117907842985e-5
0.42542542542542544	1.0025759104155189e-5	1.0026501092612654e-5
0.43543543543543545	1.0031209100664153e-5	1.0031953341878249e-5
0.44544544544544545	1.003678952777484e-5	1.0037536079016609e-5
0.45545545545545546	1.004250064249733e-5	1.0043249561656234e-5
0.46546546546546547	1.0048342709013472e-5	1.004909405408467e-5
0.4754754754754755	1.005431599699217e-5	1.0055069827326648e-5
0.4854854854854855	1.0060420783173962e-5	1.0061177157735842e-5
0.4954954954954955	1.0066657350232725e-5	1.0067416328178011e-5
0.5055055055055055	1.007302598790868e-5	1.0073787628945907e-5
0.5155155155155156	1.0079526991301035e-5	1.0080291355496903e-5
0.5255255255255256	1.0086160662121317e-5	1.0086927810789494e-5
0.5355355355355356	1.0092927308630859e-5	1.0093697303244593e-5
0.5455455455455456	1.009982724741792e-5	1.0100600147852374e-5
0.5555555555555556	1.0106860797253973e-5	1.0107636667437646e-5
0.5655655655655656	1.0114028288054768e-5	1.0114807189874533e-5
0.5755755755755756	1.0121330053933715e-5	1.0122112050234616e-5
0.5855855855855856	1.0128766435402288e-5	1.012955159019806e-5
0.5955955955955956	1.0136337781601908e-5	1.0137126158954372e-5
0.6056056056056056	1.014404444571663e-5	1.0144836110506224e-5
0.6156156156156156	1.0151886789981458e-5	1.0152681807436817e-5
0.6256256256256256	1.0159865182270697e-5	1.0160663617731369e-5
0.6356356356356356	1.0167979997321906e-5	1.0168781916754258e-5
0.6456456456456456	1.0176231616303706e-5	1.0177037087400126e-5
0.6556556556556556	1.0184620428682777e-5	1.0185429518684232e-5
0.6656656656656657	1.0193146829200945e-5	1.0193959606224862e-5
0.6756756756756757	1.0201811221173775e-5	1.0202627753910472e-5
0.6856856856856857	1.0210614013327394e-5	1.0211434370353887e-5
0.6956956956956957	1.0219555622398266e-5	1.0220379875091888e-5
0.7057057057057057	1.0228636472607226e-5	1.0229464690659693e-5
0.7157157157157157	1.0237856994000765e-5	1.0238689249231983e-5
0.7257257257257257	1.0247217625138175e-5	1.0248053989195666e-5
0.7357357357357357	1.0256718810255985e-5	1.0257559356542308e-5
0.7457457457457457	1.0266361003269051e-5	1.0267205804967166e-5
0.7557557557557557	1.0276144663231584e-5	1.0276993794557573e-5
0.7657657657657657	1.028607025774463e-5	1.0286923793599406e-5
0.7757757757757757	1.0296138261264626e-5	1.0296996277489156e-5
0.7857857857857858	1.0306349156130116e-5	1.0307211728950537e-5
0.7957957957957958	1.031670343183368e-5	1.0317570639291226e-5
0.8058058058058059	1.0327201586008333e-5	1.032807350538742e-5
0.8158158158158159	1.0337844122967813e-5	1.0338720834575438e-5
0.8258258258258259	1.0348631556432485e-5	1.034951313944402e-5
0.8358358358358359	1.0359564405817866e-5	1.036045094157701e-5
0.8458458458458459	1.037064320020146e-5	1.0371534769087227e-5
0.8558558558558559	1.0381868474922768e-5	1.038276516016679e-5
0.8658658658658659	1.0393240774819523e-5	1.0394142660696926e-5
0.8758758758758759	1.0404760651527226e-5	1.0405667821720844e-5
0.8858858858858859	1.0416428664358346e-5	1.0417341205107456e-5
0.8958958958958959	1.0428245383632915e-5	1.0429163380352642e-5
0.9059059059059059	1.0440211384032264e-5	1.044113492464147e-5
0.9159159159159159	1.0452327250897109e-5	1.0453256424049855e-5
0.9259259259259259	1.0464593577050071e-5	1.04655284729542e-5
0.9359359359359359	1.0477010964145043e-5	1.047795167186638e-5
0.9459459459459459	1.0489580020840306e-5	1.0490526633627524e-5
0.955955955955956	1.0502301366426762e-5	1.0503253977023588e-5
0.965965965965966	1.0515175627364673e-5	1.0516134330461963e-5
0.975975975975976	1.05282034396065e-5	1.0529168329193138e-5
0.985985985985986	1.0541385448177829e-5	1.0542356620870492e-5
0.995995995995996	1.055472230374051e-5	1.0555699858684836e-5
1.006006006006006	1.0568214670626898e-5	1.0569198705902825e-5
1.016016016016016	1.0581863220536476e-5	1.0582853835177748e-5
1.026026026026026	1.0595668628524664e-5	1.0596665926345105e-5
1.0360360360360361	1.060963158891374e-5	1.0610635671328685e-5
1.0460460460460461	1.062375279726148e-5	1.0624763769955953e-5
1.0560560560560561	1.0638032962188826e-5	1.0639050929132969e-5
1.0660660660660661	1.0652472798880017e-5	1.0653497870322237e-5
1.0760760760760761	1.0667073034999355e-5	1.0668105316796949e-5
1.0860860860860861	1.0681834407534166e-5	1.0682874009727888e-5
1.0960960960960962	1.0696757658228163e-5	1.0697804695457515e-5
1.1061061061061062	1.071184354672155e-5	1.0712898128040384e-5
1.1161161161161162	1.0727092833935864e-5	1.0728155077496737e-5
1.1261261261261262	1.0742506296933623e-5	1.0743576317533481e-5
1.1361361361361362	1.0758084718753915e-5	1.0759162635212589e-5
1.1461461461461462	1.0773828895227247e-5	1.0774914827561741e-5
1.1561561561561562	1.0789739630629722e-5	1.079083370116094e-5
1.1661661661661662	1.080581774232613e-5	1.0806920071850957e-5
1.1761761761761762	1.0822064052622117e-5	1.0823174768918246e-5
1.1861861861861862	1.083847939784637e-5	1.0839598628562969e-5
1.1961961961961962	1.0855064626261332e-5	1.0856192498110192e-5
1.2062062062062062	1.0871820593000663e-5	1.0872957240500816e-5
1.2162162162162162	1.088874816827721e-5	1.0889893720550006e-5
1.2262262262262262	1.0905848229303446e-5	1.090700282271422e-5
1.2362362362362362	1.09231216645156e-5	1.0924285437967058e-5
1.2462462462462462	1.0940569376957465e-5	1.0941742467364795e-5
1.2562562562562563	1.0958192277601571e-5	1.0959374827648218e-5
1.2662662662662663	1.0975991289920962e-5	1.097718344277994e-5
1.2762762762762763	1.099396734774431e-5	1.0995169248608733e-5
1.2862862862862863	1.1012121396809731e-5	1.1013333196072403e-5
1.2962962962962963	1.103045439542705e-5	1.1031676242255054e-5
1.3063063063063063	1.1048967315021374e-5	1.1050199363061047e-5
1.3163163163163163	1.1067661134621868e-5	1.1068903538407292e-5
1.3263263263263263	1.1086536847018536e-5	1.108778976739376e-5
1.3363363363363363	1.1105595458953768e-5	1.1106859055403305e-5
1.3463463463463463	1.1124837988927451e-5	1.1126112425128069e-5
1.3563563563563563	1.1144265464970944e-5	1.1145550908669172e-5
1.3663663663663663	1.1163878932278605e-5	1.1165175548155255e-5
1.3763763763763763	1.118367944366237e-5	1.1184987408081426e-5
1.3863863863863863	1.1203668069160345e-5	1.120498755555082e-5
1.3963963963963963	1.1223845889414987e-5	1.1225177073228915e-5
1.4064064064064064	1.1244213996109239e-5	1.1245557062417118e-5
1.4164164164164164	1.1264773500657692e-5	1.1266128629813539e-5
1.4264264264264264	1.1285525519325028e-5	1.1286892901367724e-5
1.4364364364364364	1.1306471188152416e-5	1.1307851013813996e-5
1.4464464464464464	1.132761165477909e-5	1.1329004118036957e-5
1.4564564564564564	1.1348948082485209e-5	1.1350353378321176e-5
1.4664664664664664	1.1370481643748418e-5	1.1371899974801604e-5
1.4764764764764764	1.1392213528785342e-5	1.1393645100427252e-5
1.4864864864864864	1.1414144942467623e-5	1.141558996120466e-5
1.4964964964964964	1.1436277100302577e-5	1.143773578049475e-5
1.5065065065065064	1.1458611238119099e-5	1.1460083793295951e-5
1.5165165165165164	1.1481148603766707e-5	1.1482635256030074e-5
1.5265265265265264	1.1503890456164018e-5	1.1505391428610227e-5
1.5365365365365364	1.1526838075710519e-5	1.1528353596004441e-5
1.5465465465465464	1.154999275283761e-5	1.1551523054406773e-5
1.5565565565565564	1.1573355797396112e-5	1.1574901117881632e-5
1.5665665665665667	1.1596928532516894e-5	1.1598489114135598e-5
1.5765765765765767	1.1620712297970627e-5	1.162228838216142e-5
1.5865865865865867	1.164470844628707e-5	1.1646300289905524e-5
1.5965965965965967	1.166891835608999e-5	1.1670526210404858e-5
1.6066066066066067	1.169334340903914e-5	1.1694967534047596e-5
1.6166166166166167	1.1717985011357085e-5	1.1719625674009975e-5
1.6266266266266267	1.1742844583740368e-5	1.1744502056634515e-5
1.6366366366366367	1.1767923569264233e-5	1.1769598122727523e-5
1.6466466466466467	1.1793223414342855e-5	1.1794915332256169e-5
1.6566566566566567	1.1818745597028992e-5	1.1820455172424427e-5
1.6666666666666667	1.1844491608383544e-5	1.184621912518789e-5
1.6766766766766767	1.1870462954529384e-5	1.187220871683554e-5
1.6866866866866868	1.1896661160018206e-5	1.1898425470462229e-5
1.6966966966966968	1.1923087775441425e-5	1.1924870941535466e-5
1.7067067067067068	1.1949744353742782e-5	1.1951546697984227e-5
1.7167167167167168	1.1976632484003568e-5	1.1978454324660935e-5
1.7267267267267268	1.2003753761119393e-5	1.2005595432965794e-5
1.7367367367367368	1.2031109808511175e-5	1.2032971644550738e-5
1.7467467467467468	1.2058702261103162e-5	1.2060584605150106e-5
1.7567567567567568	1.20865327792363e-5	1.2088435983206189e-5
1.7667667667667668	1.2114603039555875e-5	1.2116527459939372e-5
1.7767767767767768	1.2142914742344066e-5	1.2144860744974354e-5
1.7867867867867868	1.2171469603718875e-5	1.2173437560317669e-5
1.7967967967967968	1.2200269363890398e-5	1.2202259658450133e-5
1.8068068068068068	1.222931577908315e-5	1.2231328801090672e-5
1.8168168168168168	1.2258610636677111e-5	1.226064677738592e-5
1.8268268268268268	1.228815573338407e-5	1.2290215404295935e-5
1.8368368368368369	1.2317952898297341e-5	1.2320036508137902e-5
1.8468468468468469	1.2348003974230964e-5	1.235011194665784e-5
1.8568568568568569	1.2378310826839713e-5	1.2380443597853266e-5
1.8668668668668669	1.240887534988185e-5	1.2411033358862937e-5
1.8768768768768769	1.2439699459045602e-5	1.2441883156615683e-5
1.8868868868868869	1.2470785087003218e-5	1.2472994933861394e-5
1.896896896896897	1.2502134193357715e-5	1.2504370660699229e-5
1.906906906906907	1.2533748765896804e-5	1.2536012333327473e-5
1.916916916916917	1.25656308079079e-5	1.2567921969534572e-5
1.926926926926927	1.259778235590463e-5	1.2600101612606555e-5
1.936936936936937	1.2630205463587251e-5	1.2632553329081795e-5
1.946946946946947	1.2662902216992884e-5	1.2665279211390033e-5
1.956956956956957	1.269587471669386e-5	1.269828138041879e-5
1.966966966966967	1.2729125099792082e-5	1.2731561979093465e-5
1.976976976976977	1.276265552243922e-5	1.2765123180787902e-5
1.986986986986987	1.2796468173199441e-5	1.279896717966707e-5
1.996996996996997	1.283056525909402e-5	1.2833096203009733e-5
2.007007007007007	1.2864949026673625e-5	1.2867512506046871e-5
2.017017017017017	1.2899621732333876e-5	1.2902218358520624e-5
2.027027027027027	1.2934585678992326e-5	1.2937216080221002e-5
2.037037037037037	1.2969843190038908e-5	1.2972508002855304e-5
2.047047047047047	1.3005396607002363e-5	1.3008096491737458e-5
2.057057057057057	1.304124831716773e-5	1.3043983941949062e-5
2.067067067067067	1.3077400731815568e-5	1.3080172779076272e-5
2.0770770770770772	1.3113856286694631e-5	1.3116665457558052e-5
2.0870870870870872	1.3150617449531038e-5	1.3153464466383753e-5
2.0970970970970972	1.3187686723888486e-5	1.3190572317697897e-5
2.1071071071071072	1.3225066642882832e-5	1.3227991559621537e-5
2.1171171171171173	1.3262759762848403e-5	1.326572478139976e-5
2.1271271271271273	1.3300768686604355e-5	1.3303774584105457e-5
2.1371371371371373	1.333909603716918e-5	1.3342143619253277e-5
2.1471471471471473	1.3377744472130135e-5	1.3380834563606848e-5
2.1571571571571573	1.3416716690611719e-5	1.3419850133682567e-5
2.1671671671671673	1.3456015418336515e-5	1.345919307378582e-5
2.1771771771771773	1.3495643417049758e-5	1.3498866167076643e-5
2.1871871871871873	1.3535603483540641e-5	1.3538872225582397e-5
2.1971971971971973	1.3575898445177726e-5	1.3579214116700834e-5
2.2072072072072073	1.3616531175671158e-5	1.3619894711000472e-5
2.2172172172172173	1.3657504573267455e-5	1.3660916947985663e-5
2.2272272272272273	1.369882158919958e-5	1.3702283788198948e-5
2.2372372372372373	1.3740485192579368e-5	1.3743998232111173e-5
2.2472472472472473	1.378249839848989e-5	1.3786063325846672e-5
2.2572572572572573	1.3824864273367451e-5	1.3828482142185108e-5
2.2672672672672673	1.3867585895463586e-5	1.3871257803143838e-5
2.2772772772772774	1.3910666414370768e-5	1.3914393468391994e-5
2.2872872872872874	1.395410899395449e-5	1.3957892345298685e-5
2.2972972972972974	1.3997916854590264e-5	1.4001757665257301e-5
2.3073073073073074	1.4042093247588759e-5	1.404599271810185e-5
2.3173173173173174	1.4086641472567022e-5	1.4090600829293625e-5
2.3273273273273274	1.41315648776432e-5	1.4135585378066047e-5
2.3373373373373374	1.4176866841782603e-5	1.4180949773495574e-5
2.3473473473473474	1.4222550792871533e-5	1.42266974732146e-5
2.3573573573573574	1.4268620206833732e-5	1.4272831985186035e-5
2.3673673673673674	1.4315078605404211e-5	1.4319356862866138e-5
2.3773773773773774	1.4361929546899482e-5	1.4366275704468896e-5
2.3873873873873874	1.4409176647208963e-5	1.4413592154252969e-5
2.3973973973973974	1.4456823566857338e-5	1.4461309908972597e-5
2.4074074074074074	1.4504874011570963e-5	1.4509432713874461e-5
2.4174174174174174	1.4553331742521426e-5	1.455796436482209e-5
2.4274274274274275	1.4602200561320327e-5	1.460690869944091e-5
2.4374374374374375	1.4651484331559183e-5	1.4656269624852892e-5
2.4474474474474475	1.4701186950084406e-5	1.4706051085254184e-5
2.4574574574574575	1.47513123887001e-5	1.475625707477136e-5
2.4674674674674675	1.4801864657341209e-5	1.4806891660590646e-5
2.4774774774774775	1.4852847829852474e-5	1.4857958956550729e-5
2.4874874874874875	1.4904266018726161e-5	1.4909463115869585e-5
2.4974974974974975	1.4956123406175905e-5	1.496140837310539e-5
2.5075075075075075	1.5008424229450582e-5	1.5013799009388309e-5
2.5175175175175175	1.5061172774791592e-5	1.5066639361678807e-5
2.5275275275275275	1.5114373397020294e-5	1.5119933828941897e-5
2.5375375375375375	1.5168030502983915e-5	1.5173686878326924e-5
2.5475475475475475	1.5222148566995353e-5	1.5227903021373062e-5
2.5575575575575575	1.5276732109357964e-5	1.5282586851323857e-5
2.5675675675675675	1.5331785727987356e-5	1.533774301672115e-5
2.5775775775775776	1.538731408690855e-5	1.5393376216505977e-5
2.5875875875875876	1.544332189854684e-5	1.544949124060379e-5
2.5975975975975976	1.5499813946861685e-5	1.5506092938518267e-5
2.6076076076076076	1.555679509210068e-5	1.5563186211161467e-5
2.6176176176176176	1.5614270244351812e-5	1.562077604521302e-5
2.6276276276276276	1.567224439734019e-5	1.5678867495775234e-5
2.6376376376376376	1.5730722603902543e-5	1.5737465684360833e-5
2.6476476476476476	1.578970999740219e-5	1.579657580528624e-5
2.6576576576576576	1.584921177332115e-5	1.5856203125309784e-5
2.6676676676676676	1.590923321311664e-5	1.5916353002016925e-5
2.6776776776776776	1.596977965498104e-5	1.5977030842274653e-5
2.6876876876876876	1.6030856530405552e-5	1.6038242154806584e-5
2.6976976976976976	1.6092469331535405e-5	1.6099992518799355e-5
2.7077077077077076	1.6154623653105563e-5	1.6162287590090867e-5
2.7177177177177176	1.6217325145032603e-5	1.6225133101549484e-5
2.7277277277277276	1.628057954804194e-5	1.628853489439309e-5
2.7377377377377377	1.634439267633406e-5	1.6352498857237683e-5
2.7477477477477477	1.6408770453387357e-5	1.64170309967728e-5
2.7577577577577577	1.6473718853113245e-5	1.64821373972965e-5
2.7677677677677677	1.6539243969696254e-5	1.6547824214035387e-5
2.7777777777777777	1.6605351967290265e-5	1.6614097727399483e-5
2.7877877877877877	1.6672049087849076e-5	1.6680964284901205e-5
2.7977977977977977	1.6739341696325948e-5	1.6748430339807625e-5
2.8078078078078077	1.680723623232255e-5	1.681650242258014e-5
2.8178178178178177	1.6875739223519484e-5	1.6885187182513465e-5
2.8278278278278277	1.6944857304368886e-5	1.695449137147969e-5
2.8378378378378377	1.701459721359131e-5	1.7024421822077496e-5
2.8478478478478477	1.7084965771247406e-5	1.709498547505675e-5
2.8578578578578577	1.715596991575521e-5	1.7166189388061594e-5
2.8678678678678677	1.7227616687176422e-5	1.7238040712290977e-5
2.8778778778778777	1.729991320719931e-5	1.7310546715605857e-5
2.8878878878878878	1.737286673685627e-5	1.7383714763376947e-5
2.8978978978978978	1.7446484638425503e-5	1.7457552364711454e-5
2.9079079079079078	1.752077437541647e-5	1.7532067100771944e-5
2.9179179179179178	1.7595743516467087e-5	1.7607266697549674e-5
2.9279279279279278	1.7671399770155873e-5	1.7683159001433737e-5
2.937937937937938	1.774775095657556e-5	1.7759751953507403e-5
2.947947947947948	1.78248049918332e-5	1.7837053654088665e-5
2.957957957957958	1.79025699438244e-5	1.791507230033168e-5
2.967967967967968	1.7981053989164982e-5	1.799381623798336e-5
2.977977977977978	1.8060265422130705e-5	1.8073293927692408e-5
2.987987987987988	1.8140212696065458e-5	1.8153513975008198e-5
2.997997997997998	1.8220904365065936e-5	1.8234485107003008e-5
3.008008008008008	1.8302349128551527e-5	1.8316216203451015e-5
3.018018018018018	1.8384555819589968e-5	1.8398716275639582e-5
3.028028028028028	1.8467533404207662e-5	1.84819944912696e-5
3.038038038038038	1.8551291008112538e-5	1.856606013698645e-5
3.048048048048048	1.863583788434143e-5	1.8650922685400763e-5
3.058058058058058	1.8721183438207277e-5	1.8736591731424143e-5
3.068068068068068	1.8807337221693523e-5	1.882307703312906e-5
3.078078078078078	1.8894308956327118e-5	1.8910388517351968e-5
3.088088088088088	1.8982108479039183e-5	1.89985362522731e-5
3.098098098098098	1.9070745827959202e-5	1.908753049737494e-5
3.108108108108108	1.9160231168426787e-5	1.9177381654997322e-5
3.118118118118118	1.925057486663966e-5	1.92681002951519e-5
3.1281281281281283	1.9341787424342916e-5	1.935969719522674e-5
3.1381381381381384	1.943387952386025e-5	1.9452183282193567e-5
3.1481481481481484	1.9526862034423894e-5	1.9545569664466684e-5
3.1581581581581584	1.9620745982580743e-5	1.96398676477873e-5
3.1681681681681684	1.971554258280685e-5	1.9735088724919125e-5
3.1781781781781784	1.9811263266000285e-5	1.983124456760233e-5
3.1881881881881884	1.990791959144007e-5	1.992834706082443e-5
3.1981981981981984	2.0005523361479672e-5	2.0026408284506438e-5
3.2082082082082084	2.0104086547324963e-5	2.0125440516093063e-5
3.2182182182182184	2.0203621347660128e-5	2.022545624986188e-5
3.2282282282282284	2.0304140129080307e-5	2.032646818988652e-5
3.2382382382382384	2.0405655500337073e-5	2.042848926360291e-5
3.2482482482482484	2.050818024712488e-5	2.0531532607128686e-5
3.2582582582582584	2.0611727421565152e-5	2.0635611593488643e-5
3.2682682682682684	2.0716310248500345e-5	2.0740739825330065e-5
3.2782782782782784	2.0821942211857156e-5	2.0846931142046223e-5
3.2882882882882885	2.0928637010420707e-5	2.0954199614335504e-5
3.2982982982982985	2.1036408582342947e-5	2.1062559584067634e-5
3.3083083083083085	2.1145271106723424e-5	2.1172025610529393e-5
3.3183183183183185	2.1255239012524466e-5	2.1282612557620784e-5
3.3283283283283285	2.1366326967871515e-5	2.1394335486930065e-5
3.3383383383383385	2.147854991118378e-5	2.150720977777478e-5
3.3483483483483485	2.1591923031559077e-5	2.162125106909792e-5
3.3583583583583585	2.17064617863422e-5	2.173647527615277e-5
3.3683683683683685	2.182218193207878e-5	2.18528986235165e-5
3.3783783783783785	2.1939099448631775e-5	2.1970537567523622e-5
3.3883883883883885	2.2057230658497723e-5	2.2089408925049382e-5
3.3983983983983985	2.2176592128141786e-5	2.2209529799584927e-5
3.4084084084084085	2.2297200765077353e-5	2.2330917598411413e-5
3.4184184184184185	2.2419073732570112e-5	2.2453590037687027e-5
3.4284284284284285	2.2542228541093397e-5	2.2577565196165014e-5
3.4384384384384385	2.2666683005262922e-5	2.27028614430774e-5
3.4484484484484486	2.2792455272527527e-5	2.2829497526757986e-5
3.4584584584584586	2.291956379981262e-5	2.2957492488175472e-5
3.4684684684684686	2.3048027391184454e-5	2.3086865787185277e-5
3.4784784784784786	2.317786521466959e-5	2.3217637215161453e-5
3.4884884884884886	2.3309096775645836e-5	2.3349826948861634e-5
3.4984984984984986	2.344174193186991e-5	2.348345551600832e-5
3.5085085085085086	2.3575820946416712e-5	2.3618543869228533e-5
3.5185185185185186	2.3711354402218795e-5	2.375511334581177e-5
3.5285285285285286	2.38483633173269e-5	2.3893185683261003e-5
3.5385385385385386	2.3986869109543418e-5	2.4032783053836813e-5
3.5485485485485486	2.41268935573396e-5	2.4173928030223934e-5
3.5585585585585586	2.4268458887967497e-5	2.431664363947987e-5
3.5685685685685686	2.441158773331297e-5	2.4460953358791494e-5
3.5785785785785786	2.4556303173085517e-5	2.4606881113645727e-5
3.5885885885885886	2.4702628715791795e-5	2.475445130428026e-5
3.5985985985985987	2.4850588329045743e-5	2.4903688796833733e-5
3.6086086086086087	2.500020645852879e-5	2.505461897093071e-5
3.6186186186186187	2.5151508005688843e-5	2.5207267679718436e-5
3.6286286286286287	2.5304518361621754e-5	2.5361661315049366e-5
3.6386386386386387	2.5459263411785224e-5	2.5517826789454967e-5
3.6486486486486487	2.5615769560955374e-5	2.5675791540910478e-5
3.6586586586586587	2.57740637135191e-5	2.583558358896925e-5
3.6686686686686687	2.5934173345038945e-5	2.5997231483554837e-5
3.6786786786786787	2.60961264571561e-5	2.6160764373828816e-5
3.6886886886886887	2.6259951589229913e-5	2.6326212020614486e-5
3.6986986986986987	2.6425677892474226e-5	2.6493604740921526e-5
3.7087087087087087	2.6593335085939072e-5	2.666297354486094e-5
3.7187187187187187	2.6762953494744757e-5	2.6834350025700194e-5
3.7287287287287287	2.6934564038801732e-5	2.70077664626085e-5
3.7387387387387387	2.7108198313024258e-5	2.7183255773379676e-5
3.7487487487487487	2.728388851550948e-5	2.7360851628726214e-5
3.7587587587587588	2.7461667533827033e-5	2.7540588329694072e-5
3.7687687687687688	2.764156893267371e-5	2.772250095336375e-5
3.7787787787787788	2.7823626973489183e-5	2.7906625305417024e-5
3.7887887887887888	2.8007876606756308e-5	2.8092997928124607e-5
3.798798798798799	2.819435356227678e-5	2.828165619667679e-5
3.808808808808809	2.8383094267856276e-5	2.847263823273889e-5
3.818818818818819	2.8574135967387558e-5	2.8665983019671954e-5
3.828828828828829	2.8767516660993137e-5	2.8861730356559733e-5
3.838838838838839	2.8963275172423886e-5	2.9059920934546102e-5
3.848848848848849	2.91614511539914e-5	2.9260596310807737e-5
3.858858858858859	2.9362085144435377e-5	2.9463798978339658e-5
3.868868868868869	2.9565218474788732e-5	2.9669572338502926e-5
3.878878878878879	2.9770893430642556e-5	2.987796076706609e-5
3.888888888888889	2.997915322776969e-5	3.008900961844433e-5
3.898898898898899	3.0190042018336517e-5	3.0302765285151966e-5
3.908908908908909	3.0403604884014052e-5	3.051927515370316e-5
3.918918918918919	3.061988796019926e-5	3.073858770278893e-5
3.928928928928929	3.0838938356521695e-5	3.09607525446279e-5
3.938938938938939	3.106080425415212e-5	3.1185820381309564e-5
3.948948948948949	3.128553492787832e-5	3.14138430721196e-5
3.958958958958959	3.1513180720430436e-5	3.1644873639011554e-5
3.968968968968969	3.174379313786776e-5	3.187896641655923e-5
3.978978978978979	3.1977424839240145e-5	3.2116176886070795e-5
3.988988988988989	3.221412973779993e-5	3.235656190865554e-5
3.998998998998999	3.245396287876698e-5	3.260017961661896e-5
4.009009009009009	3.269698066432757e-5	3.284708955733593e-5
4.019019019019019	3.294324075825388e-5	3.309735265542393e-5
4.029029029029029	3.319280215249675e-5	3.335103127313563e-5
4.039039039039039	3.344572525474434e-5	3.360818924252299e-5
4.049049049049049	3.3702071848397285e-5	3.3868891961787554e-5
4.059059059059059	3.396190518761415e-5	3.413320639922411e-5
4.069069069069069	3.4225290031625796e-5	3.440120111444858e-5
4.079079079079079	3.4492292673693136e-5	3.467294635659669e-5
4.089089089089089	3.4762980948975135e-5	3.494851408048697e-5
4.099099099099099	3.503742442469492e-5	3.5227977987234816e-5
4.109109109109109	3.531569421308724e-5	3.5511413601346876e-5
4.119119119119119	3.559786323281287e-5	3.579889834787205e-5
4.129129129129129	3.588400616502052e-5	3.609051152176357e-5
4.1391391391391394	3.617419953446257e-5	3.6386334459948466e-5
4.1491491491491495	3.6468521647774554e-5	3.668645051190067e-5
4.1591591591591595	3.6767052891869496e-5	3.6990945107409587e-5
4.1691691691691695	3.7069875525291e-5	3.729990589674791e-5
4.1791791791791795	3.737707397461335e-5	3.761342270790328e-5
4.1891891891891895	3.768873465546463e-5	3.793158773267179e-5
4.1991991991991995	3.8004946270547865e-5	3.825449547210763e-5
4.2092092092092095	3.832579971883405e-5	3.858224293930787e-5
4.2192192192192195	3.865138816455857e-5	3.891492960057269e-5
4.2292292292292295	3.898180727622177e-5	3.9252657575960056e-5
4.2392392392392395	3.931715508084044e-5	3.9595531657071235e-5
4.2492492492492495	3.965753217608256e-5	3.994365937450417e-5
4.2592592592592595	4.000304177697982e-5	4.029715117618579e-5
4.2692692692692695	4.035378977479025e-5	4.065612039992508e-5
4.2792792792792795	4.070988484805675e-5	4.102068341265977e-5
4.2892892892892895	4.107143855680069e-5	4.139095980063048e-5
4.2992992992992995	4.143856539411152e-5	4.1767072316329745e-5
4.3093093093093096	4.181138295104296e-5	4.214914709816461e-5
4.31931931931932	4.219001188641382e-5	4.2537313695830484e-5
4.32932932932933	4.257457620411286e-5	4.2931705296716226e-5
4.33933933933934	4.296520319204876e-5	4.333245870836235e-5
4.34934934934935	4.336202364011209e-5	4.3739714591629904e-5
4.35935935935936	4.376517195817257e-5	4.4153617515098906e-5
4.36936936936937	4.417478617624423e-5	4.457431613689766e-5
4.37937937937938	4.459100816808018e-5	4.500196329888979e-5
4.38938938938939	4.5013983771942257e-5	4.543671621033181e-5
4.3993993993994	4.544386289946401e-5	4.5878736562091765e-5
4.40940940940941	4.588079973144213e-5	4.6328190745420667e-5
4.41941941941942	4.632495270421555e-5	4.678524986290135e-5
4.42942942942943	4.6776484784817874e-5	4.725009007922702e-5
4.43943943943944	4.723556372695428e-5	4.77228926896259e-5
4.44944944944945	4.770236190903204e-5	4.8203844318093494e-5
4.45945945945946	4.817705688171461e-5	4.869313711865444e-5
4.46946946946947	4.8659831249764655e-5	4.9190968895655094e-5
4.47947947947948	4.915087295503265e-5	4.9697543437937136e-5
4.48948948948949	4.96503755387723e-5	5.021307068333388e-5
4.4994994994995	5.0158538244486216e-5	5.0737766868046284e-5
4.50950950950951	5.06755661878646e-5	5.127185479233696e-5
4.51951951951952	5.120167068638746e-5	5.181556415006082e-5
4.52952952952953	5.173706937110227e-5	5.236913163717195e-5
4.53953953953954	5.228198657711354e-5	5.293280132333113e-5
4.54954954954955	5.283665329974234e-5	5.3506824914496736e-5
4.55955955955956	5.340130772380874e-5	5.409146183129039e-5
4.56956956956957	5.397619539262652e-5	5.468697991802404e-5
4.57957957957958	5.4561569388243445e-5	5.529365529873221e-5
4.58958958958959	5.5157690702943036e-5	5.591177299260681e-5
4.5995995995996	5.576482859862224e-5	5.6541627273955596e-5
4.60960960960961	5.638326073761923e-5	5.718352168282902e-5
4.61961961961962	5.701327364589544e-5	5.7837769853592295e-5
4.62962962962963	5.765516301780413e-5	5.8504695479870574e-5
4.63963963963964	5.830923406447978e-5	5.918463306541745e-5
4.64964964964965	5.897580181158457e-5	5.9877928032113636e-5
4.65965965965966	5.965519162668138e-5	6.0584937426711744e-5
4.66966966966967	6.034773943963207e-5	6.1306030230291e-5
4.67967967967968	6.105379238100583e-5	6.204158777938724e-5
4.68968968968969	6.177370904010627e-5	6.279200447214634e-5
4.6996996996997	6.250785990510534e-5	6.355768812219372e-5
4.70970970970971	6.325662807214812e-5	6.433906050686821e-5
4.71971971971972	6.402040944214034e-5	6.513655812353092e-5
4.72972972972973	6.479961349911803e-5	6.595063252484976e-5
4.73973973973974	6.559466375158462e-5	6.678175122435216e-5
4.74974974974975	6.640599824946879e-5	6.76303981097808e-5
4.75975975975976	6.723407031499694e-5	6.849707433478421e-5
4.76976976976977	6.807934910075493e-5	6.938229892713499e-5
4.77977977977978	6.894232030865787e-5	7.028660959144443e-5
4.78978978978979	6.982348671875169e-5	7.121056355233436e-5
4.7997997997998	7.072336922076062e-5	7.215473828430479e-5
4.80980980980981	7.16425073088248e-5	7.311973262204291e-5
4.81981981981982	7.258145996952682e-5	7.41061673496395e-5
4.82982982982983	7.354080661014573e-5	7.511468650336295e-5
4.83983983983984	7.452114782809784e-5	7.614595821002894e-5
4.84984984984985	7.55231063942258e-5	7.720067584499505e-5
4.85985985985986	7.654732833180414e-5	7.827955913772566e-5
4.86986986986987	7.759448376100268e-5	7.938335548647126e-5
4.87987987987988	7.86652680832816e-5	8.051284088978645e-5
4.88988988988989	7.976040314066184e-5	8.166882163583354e-5
4.8998998998999	8.088063827605733e-5	8.2852135609557e-5
4.90990990990991	8.202675199489747e-5	8.406365357493648e-5
4.91991991991992	8.319955271895433e-5	8.530428103602497e-5
4.92992992992993	8.439988072488246e-5	8.657495962004479e-5
4.93993993993994	8.562860923665817e-5	8.787666888018942e-5
4.94994994994995	8.688664618575064e-5	8.921042817009165e-5
4.95995995995996	8.817493594556614e-5	9.05772985587462e-5
4.96996996996997	8.94944608107433e-5	9.197838487233712e-5
4.97997997997998	9.08462429332481e-5	9.341483777508802e-5
4.98998998998999	9.223134650316273e-5	9.488785610895525e-5
5.0	9.365087943842012e-5	9.639868931072483e-5
