-5.0	0.008917679742069124	0.010595017249594272
-4.98998998998999	0.009058691809715086	0.010734277094688851
-4.97997997997998	0.009203603486411133	0.010876834968997228
-4.96996996996997	0.009352562839478683	0.011022798186915353
-4.95995995995996	0.00950572508306595	0.011172278498183138
-4.94994994994995	0.00966325299744406	0.011325392310366117
-4.93993993993994	0.00982531737733708	0.011482260924511527
-4.92992992992993	0.009992097511564806	0.011643010784858066
-4.91991991991992	0.010163781696637546	0.011807773743536124
-4.90990990990991	0.010340567786901489	0.011976687341314818
-4.8998998998999	0.010522663784444707	0.012149895105557812
-4.88988988988989	0.01071028847190041	0.012327546866545596
-4.87987987987988	0.010903672091895716	0.012509799093479051
-4.86986986986987	0.011103057077002229	0.012696815251602028
-4.85985985985986	0.0113086988346301	0.01288876618200573
-4.84984984984985	0.011520866591589966	0.013085830505642887
-4.83983983983984	0.011739844303556735	0.013288195053516649
-4.82982982982983	0.01196593163520407	0.013496055324851396
-4.81981981981982	0.012199445017487114	0.013709615975434988
-4.80980980980981	0.012440718788830069	0.013929091338360903
-4.7997997997998	0.01269010642818774	0.014154705979700899
-4.78978978978979	0.012947981888396224	0.014386695291818973
-4.77977977977978	0.013214741039267371	0.014625306127195144
-4.76976976976977	0.013490803230908142	0.014870797476048692
-4.75975975975976	0.013776612988818509	0.015123441191168615
-4.74974974974975	0.014072641853661482	0.015383522763842807
-4.73973973973974	0.014379390379961027	0.01565134215492085
-4.72972972972973	0.01469739030965455	0.015927214685679477
-4.71971971971972	0.015027206938175034	0.01621147199331543
-4.70970970970971	0.015369441692847218	0.016504463056619987
-4.6996996996997	0.015724734945630238	0.016806555297645732
-4.68968968968969	0.016093769084859186	0.017118135766015702
-4.67967967967968	0.016477271873747344	0.017439612412900186
-4.66966966966967	0.016876020126402266	0.01777141546263891
-4.65965965965966	0.017290843736478028	0.018113998890486687
-4.64964964964965	0.01772263009733697	0.01846784201620876
-4.63963963963964	0.018172328958060327	0.01883345122373854
-4.62962962962963	0.018640957765089998	0.019211361818665545
-4.61961961961962	0.01912960754565944	0.019602140036188726
-4.60960960960961	0.019639449396981083	0.020006385213674892
-4.5995995995996	0.020171741653447366	0.02042473214340999
-4.58958958958959	0.020727837813878436	0.0208578536227944
-4.57957957957958	0.02130919532267006	0.021306463221244843
-4.56956956956957	0.021917385311311984	0.021771318284951796
-4.55955955955956	0.022554103422353207	0.022253223203263225
-4.54954954954955	0.02322118185555148	0.022753032963019306
-4.53953953953954	0.023920602796270153	0.023271657020145775
-4.52952952952953	0.024654513410633114	0.023810063521381344
-4.51951951951952	0.025425242619736214	0.0243692839126655
-4.50950950950951	0.026235319898207533	0.024950417975298313
-4.4994994994995	0.02708749638129276	0.02555463933570143
-4.48948948948949	0.027984768609961914	0.026183201500481687
-4.47947947947948	0.028930405297827064	0.0268374444746876
-4.46946946946947	0.029927977567025803	0.027518802028568094
-4.45945945945946	0.03098139317661955	0.028228809686417996
-4.44944944944945	0.03209493535714052	0.028969113520676253
-4.43943943943944	0.033273306973314994	0.029741479845227622
-4.42942942942943	0.03452168086649617	0.030547805914537977
-4.41941941941942	0.03584575738486887	0.03139013174960364
-4.40940940940941	0.03725183029751493	0.03227065322815804
-4.3993993993994	0.03874686251757743	0.0331917365959852
-4.38938938938939	0.0403385733375669	0.03415593457819462
-4.37937937937938	0.042035539219466775	0.03516600429498129
-4.36936936936937	0.043847310599213804	0.03622492721647887
-4.35935935935936	0.04578454767766946	0.037335931425848394
-4.34934934934935	0.04785917880525646	0.03850251650054475
-4.33933933933934	0.050084585855547245	0.039728481369173826
-4.32932932932933	0.05247582196789258	0.0410179555569846
-4.31931931931932	0.055049868274382505	0.0423754342989151
-4.3093093093093096	0.0578259377845273	0.04380581807595951
-4.2992992992992995	0.06082583657748404	0.04531445722248948
-4.2892892892892895	0.06407439497187215	0.04690720236027438
-4.2792792792792795	0.06759998457742719	0.04859046154383036
-4.2692692692692695	0.0714351413086894	0.05037126515554555
-4.2592592592592595	0.07561731986837585	0.052257339772882175
-4.2492492492492495	0.08018981231160355	0.054257192450533134
-4.2392392392392395	0.08520287266652694	0.05638020712639223
-4.2292292292292295	0.09071510202889245	0.05863675518119751
-4.2192192192192195	0.0967951652104031	0.06103832257116014
-4.2092092092092095	0.10352393253159053	0.06359765642695434
-4.1991991991991995	0.11099717103510903	0.06632893459151783
-4.1891891891891895	0.11932895163053771	0.06924796227963498
-4.1791791791791795	0.12865599740820488	0.07237240091714163
-4.1691691691691695	0.13914328090803163	0.07572203530034706
-4.1591591591591595	0.1509912955085846	0.07931908656135281
-4.1491491491491495	0.16444559507126924	0.08318858010396724
-4.1391391391391394	0.17980944242102492	0.08735877978203065
-4.129129129129129	0.1974607717599163	0.09186170224731488
-4.119119119119119	0.21787521739089366	0.09673372876099115
-4.109109109109109	0.24165779607956958	0.10201633605257315
-4.099099099099099	0.2695871262187418	0.10775697330917547
-4.089089089089089	0.30267811526908267	0.114010119468644
-4.079079079079079	0.3422723485578657	0.12083856419021788
-4.069069069069069	0.3901708458684964	0.12831496789251695
-4.059059059059059	0.4488329913513815	0.1365237720500641
-4.049049049049049	0.5216811670973692	0.14556355186739084
-4.039039039039039	0.6135783018625348	0.155549931376734
-4.029029029029029	0.7315953394852751	0.16661921856362785
-4.019019019019019	0.8862767762934946	0.17893296905314657
-4.009009009009009	1.0937803734204654	0.19268375653975406
-3.998998998998999	1.3795702979189786	0.20810252425415496
-3.988988988988989	1.7848374784128669	0.2254680256240479
-3.978978978978979	2.37731812188958	0.24511905054230043
-3.968968968968969	3.266830791135885	0.2674704010705374
-3.958958958958959	4.612356075765887	0.2930339641825361
-3.948948948948949	6.540979901845941	0.32244678570904206
-3.938938938938939	8.736874030768716	0.35650886524686903
-3.928928928928929	9.836711606032903	0.3962345992533001
-3.918918918918919	8.725170978949496	0.4429236041430801
-3.908908908908909	6.5177930557590855	0.4982593699929186
-3.898898898898899	4.582607232883653	0.564448313353363
-3.888888888888889	3.2353364415821098	0.6444180366572152
-3.878878878878879	2.3466621187800616	0.7421029692786294
-3.868868868868869	1.7560463808400586	0.8628592455988217
-3.858858858858859	1.35291278668102	1.014069300189664
-3.848848848848849	1.069206510527377	1.2060174969126958
-3.838838838838839	0.863619974315411	1.4531257259168797
-3.828828828828829	0.7106590480825538	1.7755753684802333
-3.818818818818819	0.5941711259820314	2.2010276826369424
-3.808808808808809	0.503629562263136	2.7650674429261266
-3.798798798798799	0.4319844247462859	3.5058704579027897
-3.7887887887887888	0.3743930860828463	4.441558406049913
-3.7787787787787788	0.32745136155660015	5.511096097203778
-3.7687687687687688	0.28871563192726374	6.484406628884981
-3.7587587587587588	0.25639831705357263	6.968794032364164
-3.7487487487487487	0.2291692087766605	6.69573147820754
-3.7387387387387387	0.20602301078348792	5.81995805171338
-3.7287287287287287	0.18618922983340888	4.7401499135042835
-3.7187187187187187	0.1690697342812357	3.7479291453909545
-3.7087087087087087	0.154194743456383	2.946290535890167
-3.6986986986986987	0.14119131893054257	2.33218195611291
-3.6886886886886887	0.1297604790365666	1.8692981589891513
-3.6786786786786787	0.11966035415639018	1.5198433571350558
-3.6686686686686687	0.1106936348660473	1.2534374621541466
-3.6586586586586587	0.10269811169533642	1.047668034598408
-3.6486486486486487	0.09553946913400545	0.8864846780042709
-3.6386386386386387	0.08910574238132919	0.7584635161618444
-3.6286286286286287	0.08330301380625374	0.6554349835612578
-3.6186186186186187	0.07805204305246217	0.5714989620188019
-3.6086086086086087	0.07328560693487636	0.5023424604831018
-3.5985985985985987	0.06894638373070569	0.444771783380989
-3.5885885885885886	0.06498525848695816	0.39639134516740715
-3.5785785785785786	0.06135995647910231	0.3553815902768211
-3.5685685685685686	0.05803393432789423	0.3203438952275015
-3.5585585585585586	0.054975474834382115	0.29019101486190685
-3.5485485485485486	0.05215694394638202	0.2640687782882926
-3.5385385385385386	0.04955417756347367	0.2412994547473937
-3.5285285285285286	0.0471459729341105	0.2213403161527344
-3.5185185185185186	0.04491366478011909	0.20375297875435988
-3.5085085085085086	0.042840770422216866	0.18818047695167567
-3.4984984984984986	0.040912691384325975	0.17432994454400946
-3.4884884884884886	0.039116461450111065	0.16195940560132643
-3.4784784784784786	0.03744053310113017	0.15086760774231942
-3.4684684684684686	0.035874595807568924	0.14088612951170884
-3.4584584584584586	0.0344094208642581	0.131873203195934
-3.4484484484484486	0.03303672843776462	0.12370884295867629
-3.4384384384384385	0.03174907326954464	0.11629097445991886
-3.4284284284284285	0.030539746106993945	0.10953233889096352
-3.4184184184184185	0.029402688440442706	0.1033580003120293
-3.4084084084084085	0.028332418535625823	0.09770332632038471
-3.3983983983983985	0.027323967085930368	0.0925123425780946
-3.3883883883883885	0.02637282108312723	0.0877363845222865
-3.3783783783783785	0.025474874730576497	0.08333298674555085
-3.3683683683683685	0.0246263864086927	0.07926496355290291
-3.3583583583583585	0.02382394085622003	0.07549964414590189
-3.3483483483483485	0.023064415858772502	0.0720082335304835
-3.3383383383383385	0.022344952842206136	0.06876527616071965
-3.3283283283283285	0.021662930857773995	0.06574820393686309
-3.3183183183183185	0.02101594352031359	0.06293695378207659
-3.3083083083083085	0.020401778523771744	0.06031364286213224
-3.2982982982982985	0.019818399411037274	0.05786229176004899
-3.2882882882882885	0.019263929320250343	0.055568587706640346
-3.2782782782782784	0.018736636467341777	0.053419681397705775
-3.2682682682682684	0.018234921157285557	0.051404012077929225
-3.2582582582582584	0.017757304143859266	0.04951115649844267
-3.2482482482482484	0.017302416181369087	0.047731698106921606
-3.2382382382382384	0.016868988632107167	0.046057113440457355
-3.2282282282282284	0.0164558450104034	0.0444796731916141
-3.2182182182182184	0.016061893359461652	0.04299235582812567
-3.2082082082082084	0.015686119369659874	0.04158877198432257
-3.1981981981981984	0.015327580158431341	0.04026309812166508
-3.1881881881881884	0.014985398641488045	0.039010018187176976
-3.1781781781781784	0.014658758433321413	0.03782467219105063
-3.1681681681681684	0.014346899222533536	0.0367026107858672
-3.1581581581581584	0.014049112573723646	0.03563975506406216
-3.1481481481481484	0.013764738113248388	0.034632360903876884
-3.1381381381381384	0.013493160061152143	0.03367698728896159
-3.1281281281281283	0.013233804075731282	0.032770468107563976
-3.118118118118118	0.01298613438105564	0.031909887005352695
-3.108108108108108	0.012749651150984122	0.031092554923938677
-3.098098098098098	0.012523888126267046	0.030315990006437893
-3.088088088088088	0.012308410443854143	0.02957789959374642
-3.078078078078078	0.012102812659784879	0.028876164071114083
-3.068068068068068	0.011906716949196478	0.02820882235566278
-3.058058058058058	0.01171977146876631	0.027574058842213936
-3.048048048048048	0.011541648868497316	0.026970191647550726
-3.038038038038038	0.011372044941289062	0.02639566201344814
-3.028028028028028	0.011210677400076224	0.02584902474560566
-3.018018018018018	0.011057284773453632	0.025328939580967307
-3.008008008008008	0.010911625411846437	0.024834163388610532
-2.997997997997998	0.01077347659733152	0.02436354312097816
-2.987987987987988	0.01064263375107552	0.023916009442037395
-2.977977977977978	0.010518909733202256	0.023490570967681878
-2.967967967967968	0.010402134230871189	0.023086309061527244
-2.957957957957958	0.010292153230905304	0.022702373135806173
-2.947947947947948	0.010188828574212157	0.02233797641327301
-2.937937937937938	0.010092037589858046	0.021992392111282316
-2.9279279279279278	0.010001672807455115	0.021664950014096348
-2.9179179179179178	0.009917641747113305	0.021355033403552853
-2.9079079079079078	0.009839866787033974	0.021062076322463267
-2.8978978978978978	0.009768285109503535	0.0207855611483424
-2.8878878878878878	0.009702848726739566	0.02052501645850814
-2.8778778778778777	0.009643524589054053	0.020280015170538318
-2.8678678678678677	0.009590294778412849	0.020050172944966506
-2.8578578578578577	0.009543156791562361	0.01983514683971801
-2.8478478478478477	0.009502123917896366	0.019634634208418895
-2.8378378378378377	0.009467225718323627	0.019448371837301994
-2.8278278278278277	0.009438508612665712	0.019276135317770532
-2.8178178178178177	0.009416036584610482	0.01911773865446058
-2.8078078078078077	0.009399892014699865	0.01897303411108275
-2.7977977977977977	0.009390176653817596	0.018841912299053624
-2.7877877877877877	0.0093870127516529	0.018724302516993287
-2.7777777777777777	0.009390544356980543	0.018620173352026034
-2.7677677677677677	0.009400938809525038	0.018529533557466935
-2.7577577577577577	0.009418388446300625	0.018452433225156554
-2.7477477477477477	0.00944311254908306	0.018388965274840376
-2.7377377377377377	0.00947535956420845	0.01833926728799137
-2.7277277277277276	0.009515409630970298	0.018303523718700674
-2.7177177177177176	0.009563577461009606	0.018281968520669344
-2.7077077077077076	0.00962021561849209	0.018274888236509378
-2.6976976976976976	0.009685718259214016	0.018282625604082416
-2.6876876876876876	0.009760525397256017	0.018305583744380197
-2.6776776776776776	0.009845127779929505	0.018344231007215325
-2.6676676676676676	0.009940072466498105	0.018399106564650318
-2.6576576576576576	0.010045969223816422	0.018470826858498778
-2.6476476476476476	0.010163497873568666	0.01856009302768562
-2.6376376376376376	0.010293416751509488	0.018667699464651764
-2.6276276276276276	0.010436572471073052	0.01879454367805934
-2.6176176176176176	0.010593911222116798	0.018941637672994886
-2.6076076076076076	0.010766491883381748	0.019110121101018885
-2.5975975975975976	0.01095550128582378	0.01930127648255094
-2.5875875875875876	0.011162272036824879	0.019516546865486498
-2.5775775775775776	0.011388303406001594	0.019757556359161797
-2.5675675675675675	0.0116352858869287	0.020026134075990392
-2.5575575575575575	0.011905130192144626	0.020324342128456477
-2.5475475475475475	0.012200001619871177	0.020654508472941348
-2.5375375375375375	0.012522360961406166	0.02101926557227754
-2.5275275275275275	0.012875013413749073	0.02142159607592081
-2.5175175175175175	0.013261167342710923	0.021864887004299133
-2.5075075075075075	0.01368450523652243	0.02235299429072542
-2.4974974974974975	0.014149269836434405	0.022890320004017604
-2.4874874874874875	0.014660369282749223	0.023481905182122727
-2.4774774774774775	0.015223506245798941	0.024133541995189883
-2.4674674674674675	0.015845337526461074	0.024851909988700696
-2.4574574574574575	0.01653367265760732	0.02564474251849726
-2.4474474474474475	0.017297722830452823	0.026521031299258504
-2.4374374374374375	0.018148415318004273	0.027491279415238015
-2.4274274274274275	0.019098793928875757	0.028567816426543786
-2.4174174174174174	0.02016453358040432	0.02976519369217026
-2.4074074074074074	0.02136460786195889	0.03110068422693302
-2.3973973973973974	0.02272216405278397	0.03259492005760446
-2.3873873873873874	0.024265682937787518	0.03427271225744255
-2.3773773773773774	0.026030534863458847	0.03616411630829183
-2.3673673673673674	0.028061095163619654	0.03830583076770755
-2.3573573573573574	0.030413661896224076	0.0407430544850613
-2.3473473473473474	0.033160544585057204	0.04353198331886964
-2.3373373373373374	0.036395895248525864	0.046743212034176994
-2.3273273273273274	0.040244187468173015	0.050466438368313264
-2.3173173173173174	0.044872816692617695	0.05481707399414074
-2.3073073073073074	0.0505112873770745	0.05994570330343622
-2.2972972972972974	0.05748124855006111	0.06605188880848582
-2.2872872872872874	0.0662450181150883	0.07340477382371749
-2.2772772772772774	0.07748688056897315	0.08237460855003075
-2.2672672672672673	0.09225519645511922	0.0934823800599352
-2.2572572572572573	0.11222359230080782	0.10748052097782734
-2.2472472472472473	0.1402008596035777	0.12548917683437538
-2.2372372372372373	0.18120284236394626	0.1492365968443115
-2.2272272272272273	0.2449257269006259	0.18150585842392597
-2.2172172172172173	0.3521893170902707	0.22701879636548974
-2.2072072072072073	0.554749109073889	0.29432560743828534
-2.1971971971971973	1.0129869840344483	0.40025946462106243
-2.1871871871871873	2.451890585366298	0.5818750847838906
-2.1771771771771773	12.571276888799236	0.9346288653793043
-2.1671671671671673	57.76780898242455	1.7711078569214218
-2.1571571571571573	4.2325709993199085	4.6475098821192455
-2.1471471471471473	1.330534720749358	28.939359799065492
-2.1371371371371373	0.6335336282985815	27.684499984915405
-2.1271271271271273	0.3660247720403619	4.281121505362584
-2.1171171171171173	0.23654457906952192	1.5600315924532917
-2.1071071071071072	0.16447551338132466	0.7856598796048991
-2.0970970970970972	0.12042113799379191	0.46647986591151946
-2.0870870870870872	0.09161627555935169	0.3059292641257891
-2.0770770770770772	0.07180175178297593	0.21444754688692097
-2.067067067067067	0.057620254792027065	0.15766673595506533
-2.057057057057057	0.047141939696727614	0.12015598017439988
-2.047047047047047	0.039194696391049735	0.09416953716945928
-2.037037037037037	0.03303393888839242	0.0754804480354698
-2.027027027027027	0.02816867308983195	0.061626928357279835
-2.017017017017017	0.024264750974924268	0.05109847393508994
-2.007007007007007	0.021088539087818256	0.04292776882575134
-1.996996996996997	0.018472814923641747	0.036472819918050965
-1.986986986986987	0.016295414052152	0.03129443814605549
-1.976976976976977	0.014465462802650163	0.0270842501847427
-1.966966966966967	0.01291426969921284	0.02362078386009979
-1.956956956956957	0.011589159630305353	0.02074179547894702
-1.946946946946947	0.01044921382313007	0.018326330120094648
-1.936936936936937	0.009462271974182077	0.016282796967764655
-1.926926926926927	0.008602787261911582	0.01454086467484333
-1.916916916916917	0.007850268278471663	0.01304584234914918
-1.906906906906907	0.007188131606336347	0.011754713466287554
-1.896896896896897	0.006602846092076803	0.010633290750389858
-1.8868868868868869	0.006083287223007528	0.009654144905740281
-1.8768768768768769	0.005620244784485069	0.008795076294179789
-1.8668668668668669	0.005206043672311969	0.008037973237626207
-1.8568568568568569	0.004834249158593861	0.007367949402829302
-1.8468468468468469	0.0044994358339802976	0.006772685180570122
-1.8368368368368369	0.0041970050181591705	0.0062419199122168536
-1.8268268268268268	0.003923039390801218	0.005767056868285841
-1.8168168168168168	0.003674186443236359	0.005340853350653554
-1.8068068068068068	0.003447564420997695	0.004957175661476003
-1.7967967967967968	0.003240685946326046	0.004610803934645625
-1.7867867867867868	0.0030513956347949013	0.004297275609944591
-1.7767767767767768	0.0028778188607951356	0.00401275908470075
-1.7667667667667668	0.0027183194597878847	0.0037539511024364354
-1.7567567567567568	0.0025714646358698055	0.003517992939440023
-1.7467467467467468	0.002435995710726525	0.003302401573537414
-1.7367367367367368	0.0023108036330470342	0.003105012866246652
-1.7267267267267268	0.0021949083867901084	0.0029239344331223826
-1.7167167167167168	0.0020874416078146326	0.0027575063696971677
-1.7067067067067068	0.001987631852531221	0.002604268379940618
-1.6966966966966968	0.001894792068174476	0.002462932148623234
-1.6866866866866868	0.0018083088983207147	0.0023323580286700577
-1.6766766766766767	0.001727633524188869	0.002211535295003091
-1.6666666666666667	0.0016522737960398158	0.0020995653586958567
-1.6566566566566567	0.0015817874521259416	0.001995647448293146
-1.6466466466466467	0.001515776257667132	0.00189906635527088
-1.6366366366366367	0.0014538809246454345	0.0018091819128471013
-1.6266266266266267	0.0013957766964516705	0.0017254199355708323
-1.6166166166166167	0.0013411695003180703	0.0016472643941380473
-1.6066066066066067	0.0012897925860784795	0.0015742506381688209
-1.5965965965965967	0.0012414035826894918	0.0015059595108176576
-1.5865865865865867	0.00119578191456048	0.0014420122246920207
-1.5765765765765767	0.0011527265285999578	0.0013820658895034585
-1.5665665665665667	0.0011120538902748655	0.0013258095992089217
-1.5565565565565564	0.0010735962131300477	0.0012729610007968459
-1.5465465465465464	0.0010371998914106427	0.0012232632787043606
-1.5365365365365364	0.0010027241097662737	0.0011764824988753173
-1.5265265265265264	0.0009700396076841763	0.0011324052646901578
-1.5165165165165164	0.0009390275794411505	0.0010908366440327345
-1.5065065065065064	0.0009095786929505096	0.001051598332582848
-1.4964964964964964	0.0008815922131534889	0.001014527023378228
-1.4864864864864864	0.0008549752175265762	0.0009794729568421
-1.4764764764764764	0.000829641892863622	0.000946298629074452
-1.4664664664664664	0.0008055129039506494	0.0009148776391464305
-1.4564564564564564	0.0007825148259028879	0.0008850936587843451
-1.4464464464464464	0.0007605796329969031	0.0008568395099433731
-1.4364364364364364	0.00073964423771532	0.0008300163377255938
-1.4264264264264264	0.0007196500744884551	0.0008045328676566471
-1.4164164164164164	0.000700542723296863	0.000780304737750766
-1.4064064064064064	0.0006822715688521858	0.0007572538969802719
-1.3963963963963963	0.0006647894916213418	0.0007353080628145097
-1.3863863863863863	0.0006480525873411207	0.000714400231342557
-1.3763763763763763	0.000632019912112343	0.0006944682343469773
-1.3663663663663663	0.0006166532504451737	0.0006754543382938607
-1.3563563563563563	0.0006019169039610881	0.0006573048808283592
-1.3463463463463463	0.0005877774986867285	0.0006399699408860376
-1.3363363363363363	0.0005742038091062658	0.0006234030389444438
-1.3263263263263263	0.0005611665973598947	0.0006075608643664164
-1.3163163163163163	0.0005486384661121434	0.0005924030270993056
-1.3063063063063063	0.0005365937237992522	0.0005778918313115434
-1.2962962962962963	0.0005250082610950947	0.0005639920688201431
-1.2862862862862863	0.0005138594375431202	0.000550670830373606
-1.2762762762762763	0.0005031259774242436	0.000537897333076619
-1.2662662662662663	0.0004927878740159361	0.000525642762424155
-1.2562562562562563	0.00048282630149108183	0.0005138801275655938
-1.2462462462462462	0.00047322353376854775	0.000502584128570065
-1.2362362362362362	0.0004639628697127303	0.0004917310345821331
-1.2262262262262262	0.0004550285641096986	0.00048129857187952546
-1.2162162162162162	0.0004464057639405519	0.0004712658209339885
-1.2062062062062062	0.0004380804494822956	0.00046161312167194014
-1.1961961961961962	0.0004300393798340359	0.00045232198621077287
-1.1861861861861862	0.0004222700424977755	0.00044337501840552946
-1.1761761761761762	0.00041476060667211393	0.0004347558396359161
-1.1661661661661662	0.00040749987995545493	0.0004264490202679925
-1.1561561561561562	0.000400477268181132	0.0004184400163308863
-1.1461461461461462	0.0003936827381284311	0.00041071511095857113
-1.1361361361361362	0.00038710678288282835	0.0004032613601957399
-1.1261261261261262	0.00038074038963359456	0.00039606654281281844
-1.1161161161161162	0.0003745750097110358	0.0003891191137926596
-1.1061061061061062	0.0003686025307011901	0.0003824081612035701
-1.0960960960960962	0.00036281525046907246	0.0003759233661643983
-1.0860860860860861	0.00035720585294096507	0.00036965496567842765
-1.0760760760760761	0.0003517673855218805	0.00036359371808831066
-1.0660660660660661	0.0003464932380189011	0.00035773087096035614
-1.0560560560560561	0.0003413771229588861	0.0003520581311985125
-1.0460460460460461	0.0003364130571955716	0.00034656763722675643
-1.0360360360360361	0.0003315953447188232	0.00034125193306462544
-1.026026026026026	0.00032691856056906566	0.00033610394417628824
-1.016016016016016	0.0003223775357812493	0.0003311169549317122
-1.006006006006006	0.00031796734328767064	0.0003262845875811318
-0.995995995995996	0.00031368328470660566	0.00032160078262442985
-0.985985985985986	0.0003095208779576048	0.0003170597804637927
-0.975975975975976	0.00030547584564264454	0.00031265610425990775
-0.965965965965966	0.00030154410414239143	0.00030838454389340756
-0.955955955955956	0.00029772175338316003	0.0003042401409600233
-0.9459459459459459	0.00029400506721479717	0.00030021817472130176
-0.9359359359359359	0.00029039048437240185	0.00029631414894272826
-0.9259259259259259	0.0002868745999756714	0.0002925237795604464
-0.9159159159159159	0.0002834541575343187	0.00028884298311467033
-0.9059059059059059	0.0002801260414181326	0.00028526786590575364
-0.8958958958958959	0.00027688726976928034	0.0002817947138041682
-0.8858858858858859	0.00027373498782745805	0.0002784199826949988
-0.8758758758758759	0.00027066646163146485	0.00027514028949256463
-0.8658658658658659	0.0002676790720889528	0.000271952403699676
-0.8558558558558559	0.00026477030937673875	0.00026885323947043247
-0.8458458458458459	0.00026193776765773676	0.0002658398481416764
-0.8358358358358359	0.00025917914009228023	0.0002629094112074531
-0.8258258258258259	0.00025649221412968315	0.00026005923370238165
-0.8158158158158159	0.00025387486705336093	0.00025728673797011103
-0.8058058058058059	0.0002513250617748584	0.00025458945779127635
-0.7957957957957958	0.00024884084285712444	0.0002519650328502095
-0.7857857857857858	0.00024642033274685146	0.00024941120351219424
-0.7757757757757757	0.0002440617282161354	0.00024692580590280196
-0.7657657657657657	0.0002417632969863225	0.000244506767257589
-0.7557557557557557	0.00023952337453761363	0.00024215210153531085
-0.7457457457457457	0.00023734036108633707	0.00023985990527623587
-0.7357357357357357	0.00023521271871045153	0.00023762835368287434
-0.7257257257257257	0.00023313896863930145	0.00023545569692295373
-0.7157157157157157	0.0002311176886708797	0.0002333402566283899
-0.7057057057057057	0.0002291475107300117	0.00023128042258776255
-0.6956956956956957	0.00022722711854636024	0.0002292746496122265
-0.6856856856856857	0.0002253552454520785	0.0002273214545780827
-0.6756756756756757	0.00022353067228955676	0.00022541941361405073
-0.6656656656656657	0.00022175222542849987	0.0002235671594507349
-0.6556556556556556	0.00022001877487409248	0.00022176337889719084
-0.6456456456456456	0.00021832923247582162	0.0002200068104634232
-0.6356356356356356	0.0002166825502226302	0.00021829624209093818
-0.6256256256256256	0.0002150777186207362	0.00021663050901447677
-0.6156156156156156	0.00021351376515044317	0.00021500849172611638
-0.6056056056056056	0.0002119897528007346	0.00021342911404677897
-0.5955955955955956	0.0002105047786723094	0.00021189134129472365
-0.5855855855855856	0.0002090579726484479	0.00021039417854699975
-0.5755755755755756	0.00020764849612969738	0.0002089366689920631
-0.5655655655655656	0.00020627554082813275	0.00020751789235825128
-0.5555555555555556	0.00020493832762121536	0.00020613696342830466
-0.5455455455455456	0.00020363610545805433	0.00020479303062415001
-0.5355355355355356	0.0002023681503158989	0.0002034852746624441
-0.5255255255255256	0.00020113376420741188	0.00020221290727594774
-0.5155155155155156	0.00019993227423792794	0.00020097516999962144
-0.5055055055055055	0.00019876303169759937	0.0001997713330145296
-0.4954954954954955	0.00019762541120469155	0.00019860069404990276
-0.4854854854854855	0.0001965188098840973	0.00019746257733689512
-0.4754754754754755	0.00019544264658354353	0.00019635633261548232
-0.46546546546546547	0.000194396361129329	0.00019528133418756605
-0.45545545545545546	0.00019337941361363318	0.00019423698001570783
-0.44544544544544545	0.00019239128371389036	0.00019322269086877
-0.43543543543543545	0.00019143147004621177	0.000192237909502794
-0.42542542542542544	0.0001904994895464731	0.00019128209988643338
-0.41541541541541543	0.00018959487688108607	0.0001903547464643189
-0.40540540540540543	0.0001887171838824858	0.00018945535344879478
-0.3953953953953954	0.00018786597901441495	0.00018858344415257155
-0.38538538538538536	0.00018704084685758685	0.00018773856035267286
-0.37537537537537535	0.00018624138762127253	0.0001869202616794157
-0.36536536536536535	0.00018546721667800906	0.0001861281250441879
-0.35535535535535534	0.00018471796411987328	0.00018536174408395162
-0.34534534534534533	0.0001839932743312871	0.00018462072864312268
-0.3353353353353353	0.00018329280558752311	0.00018390470427132266
-0.3253253253253253	0.00018261622966801443	0.00018321331175379733
-0.3153153153153153	0.00018196323149135098	0.00018254620665770057
-0.3053053053053053	0.00018133350876235556	0.0001819030589062065
-0.2952952952952953	0.00018072677164139952	0.00018128355237059264
-0.2852852852852853	0.00018014274242735408	0.00018068738448261305
-0.2752752752752753	0.00017958115525536214	0.00018011426586995248
-0.2652652652652653	0.00017904175581079612	0.00017956392000538978
-0.2552552552552553	0.00017852430105680546	0.00017903608287750955
-0.24524524524524524	0.0001780285589746727	0.00017853050267529306
-0.23523523523523523	0.00017755430832100383	0.000178046939494632
-0.22522522522522523	0.000177101338392154	0.00017758516505527456
-0.21521521521521522	0.00017666944880774537	0.0001771449624348436
-0.20520520520520522	0.00017625844929867714	0.00017672612581994148
-0.19519519519519518	0.0001758681595148964	0.0001763284602683232
-0.18518518518518517	0.0001754984088349219	0.0001759517814864884
-0.17517517517517517	0.000175149036196117	0.00017559591562075322
-0.16516516516516516	0.00017481988992795925	0.00017526069906032324
-0.15515515515515516	0.00017451082759963282	0.0001749459782533301
-0.14514514514514515	0.0001742217158764866	0.0001746516095353126
-0.13513513513513514	0.00017395243038444648	0.0001743774589695351
-0.12512512512512514	0.0001737028555878817	0.00017412340219597646
-0.11511511511511512	0.0001734728846726578	0.0001738893242983554
-0.10510510510510511	0.00017326241944083583	0.00017367511967382072
-0.09509509509509509	0.00017307137021371023	0.00017348069191825563
-0.08508508508508508	0.00017289965574148323	0.00017330595372224512
-0.07507507507507508	0.0001727472031252339	0.0001731508267726067
-0.06506506506506507	0.00017261394774436187	0.00017301524167161764
-0.055055055055055056	0.0001724998331929403	0.000172899137858669
-0.04504504504504504	0.00017240481122499394	0.00017280246354434546
-0.035035035035035036	0.00017232884170760888	0.0001727251756579299
-0.025025025025025027	0.00017227189258124618	0.0001726672397957129
-0.015015015015015015	0.00017223393982774743	0.00017262863018995537
-0.005005005005005005	0.00017221496744889128	0.0001726093296753199
0.005005005005005005	0.00017221496744911327	0.0001726093296754308
0.015015015015015015	0.00017223393982763614	0.00017262863018995496
0.025025025025025027	0.00017227189258135664	0.00017266723979571217
0.035035035035035036	0.00017232884170827412	0.00017272517565726283
0.04504504504504504	0.00017240481122532587	0.00017280246354467734
0.055055055055055056	0.00017249983319260687	0.00017289913785844605
0.06506506506506507	0.00017261394774414	0.00017301524167183843
0.07507507507507508	0.00017274720312512038	0.0001731508267728267
0.08508508508508508	0.00017289965574159222	0.0001733059537220239
0.09509509509509509	0.00017307137021359785	0.00017348069191847222
0.10510510510510511	0.0001732624194411679	0.00017367511967392957
0.11511511511511512	0.00017347288467276986	0.0001738893242984632
0.12512512512512514	0.00017370285558810077	0.00017412340219608068
0.13513513513513514	0.00017395243038422054	0.00017437745896953293
0.14514514514514515	0.00017422171587615557	0.000174651609535415
0.15515515515515516	0.00017451082759963266	0.00017494597825331893
0.16516516516516516	0.00017481988992784327	0.0001752606990604259
0.17517517517517517	0.00017514903619588577	0.00017559591562096462
0.18518518518518517	0.00017549840883502804	0.00017595178148636456
0.19519519519519518	0.00017586815951511458	0.00017632846026842413
0.20520520520520522	0.0001762584492988846	0.0001767261258198121
0.21521521521521522	0.0001766694488076273	0.00017714496243472627
0.22522522522522523	0.00017710133839203755	0.0001775851650550428
0.23523523523523523	0.0001775543083205487	0.00017804693949495051
0.24524524524524524	0.0001780285589745519	0.00017853050267539262
0.2552552552552553	0.00017852430105657192	0.00017903608287726574
0.2652652652652653	0.00017904175581101147	0.0001795639200054811
0.2752752752752753	0.00017958115525558446	0.0001801142658702598
0.2852852852852853	0.00018014274242699558	0.0001806873844827115
0.2952952952952953	0.00018072677164105317	0.00018128355237001317
0.3053053053053053	0.00018133350876212064	0.00018190305890596205
0.3153153153153153	0.00018196323149122543	0.00018254620665768495
0.3253253253253253	0.0001826162296684419	0.00018321331175377652
0.3353353353353353	0.0001832928055873845	0.00018390470427129317
0.34534534534534533	0.00018399327433125064	0.00018462072864285745
0.35535535535535534	0.000184717964119849	0.00018536174408413636
0.36536536536536535	0.00018546721667787896	0.0001861281250437164
0.37537537537537535	0.00018624138762080884	0.0001869202616792682
0.38538538538538536	0.00018704084685734044	0.00018773856035252275
0.3953953953953954	0.00018786597901440237	0.00018858344415262753
0.40540540540540543	0.00018871718388313078	0.00018945535344874273
0.41541541541541543	0.00018959487688117454	0.00019035474646458825
0.42542542542542544	0.0001904994895467798	0.00019128209988638785
0.43543543543543545	0.00019143147004617664	0.00019223790950250553
0.44544544544544545	0.00019239128371384743	0.00019322269086856955
0.45545545545545546	0.00019337941361338677	0.00019423698001596983
0.46546546546546547	0.0001943963611293984	0.00019528133418748278
0.4754754754754755	0.00019544264658335483	0.00019635633261549836
0.4854854854854855	0.00019651880988358589	0.00019746257733666394
0.4954954954954955	0.0001976254112047488	0.00019860069404966768
0.5055055055055055	0.00019876303169763667	0.00019977133301427803
0.5155155155155156	0.00019993227423786115	0.00020097516999970476
0.5255255255255256	0.00020113376420726438	0.00020221290727625394
0.5355355355355356	0.00020236815031548418	0.00020348527466264795
0.5455455455455456	0.0002036361054580899	0.00020479303062456117
0.5555555555555556	0.000204938327621814	0.00020613696342814677
0.5655655655655656	0.00020627554082827066	0.0002075178923577412
0.5755755755755756	0.00020764849612960542	0.0002089366689917603
0.5855855855855856	0.00020905797264858067	0.00021039417854736237
0.5955955955955956	0.0002105047786724178	0.0002118913412945154
0.6056056056056056	0.00021198975280109378	0.00021342911404738368
0.6156156156156156	0.00021351376515060797	0.00021500849172634452
0.6256256256256256	0.000215077718620816	0.00021663050901457045
0.6356356356356356	0.00021668255022300152	0.00021829624209075774
0.6456456456456456	0.00021832923247563338	0.00022000681046328263
0.6556556556556556	0.00022001877487390941	0.00022176337889758557
0.6656656656656657	0.00022175222542830555	0.00022356715945025954
0.6756756756756757	0.00022353067228947346	0.00022541941361410797
0.6856856856856857	0.00022535524545166035	0.00022732145457791787
0.6956956956956957	0.00022722711854630126	0.00022927464961286677
0.7057057057057057	0.000229147510729977	0.0002312804225873548
0.7157157157157157	0.00023111768867112612	0.00023334025662835175
0.7257257257257257	0.0002331389686392442	0.00023545569692307868
0.7357357357357357	0.00023521271871015833	0.0002376283536827962
0.7457457457457457	0.000237340361086226	0.00023985990527638335
0.7557557557557557	0.00023952337453739503	0.00024215210153527968
0.7657657657657657	0.00024176329698615416	0.00024450676725712054
0.7757757757757757	0.00024406172821603124	0.000246925805902618
0.7857857857857858	0.0002464203327471846	0.0002494112035121769
0.7957957957957958	0.0002488408428574107	0.00025196503285028065
0.8058058058058059	0.00025132506177491737	0.00025458945779144993
0.8158158158158159	0.0002538748670528091	0.00025728673796983164
0.8258258258258259	0.0002564922141295842	0.0002600592337023192
0.8358358358358359	0.0002591791400927401	0.0002629094112074531
0.8458458458458459	0.00026193776765786	0.000265839848141496
0.8558558558558559	0.00026477030937659303	0.0002688532394701288
0.8658658658658659	0.0002676790720890188	0.0002719524036996413
0.8758758758758759	0.0002706664616317233	0.0002751402894921742
0.8858858858858859	0.00027373498782745805	0.000278419982695384
0.8958958958958959	0.00027688726976963433	0.0002817947138045812
0.9059059059059059	0.0002801260414179139	0.000285267865905882
0.9159159159159159	0.00028345415753446094	0.0002888429831150312
0.9259259259259259	0.00028687459997572	0.0002925237795599606
0.9359359359359359	0.00029039048437169734	0.00029631414894307884
0.9459459459459459	0.0002940050672151685	0.00030021817472171826
0.955955955955956	0.000297721753383285	0.0003042401409603253
0.965965965965966	0.0003015441041423601	0.00030838454389316464
0.975975975975976	0.0003054758456421379	0.0003126561042599806
0.985985985985986	0.00030952087795789636	0.0003170597804643133
0.995995995995996	0.00031368328470732064	0.0003216007826245999
1.006006006006006	0.0003179673432877123	0.0003262845875816384
1.016016016016016	0.000322377535781631	0.0003311169549315769
1.026026026026026	0.00032691856056903443	0.0003361039441766214
1.0360360360360361	0.00033159534471902444	0.00034125193306527786
1.0460460460460461	0.0003364130571956827	0.00034656763722680164
1.0560560560560561	0.0003413771229588618	0.0003520581311991754
1.0660660660660661	0.0003464932380194877	0.0003577308709602833
1.0760760760760761	0.00035176738552173813	0.0003635937180886577
1.0860860860860861	0.0003572058529412428	0.0003696549656792329
1.0960960960960962	0.00036281525046886776	0.00037592336616512016
1.1061061061061062	0.0003686025307013567	0.00038240816120384784
1.1161161161161162	0.00037457500971080327	0.0003891191137931177
1.1261261261261262	0.00038074038963408044	0.00039606654281285324
1.1361361361361362	0.00038710678288366834	0.0004032613601964133
1.1461461461461462	0.0003936827381286116	0.0004107151109593833
1.1561561561561562	0.000400477268181479	0.00041844001633170537
1.1661661661661662	0.0004074998799557049	0.0004264490202681383
1.1761761761761762	0.00041476060667235696	0.0004347558396368394
1.1861861861861862	0.00042227004249836554	0.00044337501840652216
1.1961961961961962	0.00043003937983497316	0.0004523219862114741
1.2062062062062062	0.0004380804494831217	0.0004616131216736271
1.2162162162162162	0.0004464057639411073	0.0004712658209350228
1.2262262262262262	0.0004550285641104066	0.00048129857188121937
1.2362362362362362	0.0004639628697134037	0.0004917310345832923
1.2462462462462462	0.00047322353376909624	0.0005025841285710785
1.2562562562562563	0.00048282630149161634	0.000513880127567371
1.2662662662662663	0.0004927878740170885	0.0005256427624256338
1.2762762762762763	0.0005031259774253476	0.0005378973330781185
1.2862862862862863	0.0005138594375442796	0.0005506708303751127
1.2962962962962963	0.0005250082610961014	0.0005639920688219831
1.3063063063063063	0.0005365937237999465	0.0005778918313132513
1.3163163163163163	0.0005486384661137056	0.0005924030271009718
1.3263263263263263	0.0005611665973616928	0.0006075608643684784
1.3363363363363363	0.0005742038091080848	0.0006234030389461239
1.3463463463463463	0.0005877774986885198	0.0006399699408871623
1.3563563563563563	0.0006019169039633378	0.0006573048808306367
1.3663663663663663	0.0006166532504467289	0.0006754543382960549
1.3763763763763763	0.0006320199121142176	0.0006944682343503379
1.3863863863863863	0.0006480525873434677	0.0007144002313451541
1.3963963963963963	0.0006647894916238415	0.0007353080628175374
1.4064064064064064	0.0006822715688555743	0.0007572538969844801
1.4164164164164164	0.0007005427232995848	0.0007803047377538631
1.4264264264264264	0.000719650074490927	0.0008045328676604664
1.4364364364364364	0.0007396442377187642	0.000830016337730844
1.4464464464464464	0.0007605796330006114	0.0008568395099482484
1.4564564564564564	0.0007825148259073601	0.0008850936587890261
1.4664664664664664	0.0008055129039541772	0.0009148776391520839
1.4764764764764764	0.0008296418928676918	0.0009462986290788276
1.4864864864864864	0.0008549752175297153	0.000979472956848726
1.4964964964964964	0.0008815922131583783	0.0010145270233848128
1.5065065065065064	0.000909578692955135	0.0010515983325901969
1.5165165165165164	0.0009390275794464984	0.0010908366440389864
1.5265265265265264	0.0009700396076890106	0.0011324052646982995
1.5365365365365364	0.0010027241097718444	0.0011764824988855296
1.5465465465465464	0.0010371998914176306	0.0012232632787132949
1.5565565565565564	0.0010735962131377028	0.0012729610008054334
1.5665665665665667	0.0011120538902832848	0.001325809599220539
1.5765765765765767	0.001152726528609628	0.001382065889515938
1.5865865865865867	0.001195781914570206	0.0014420122247063073
1.5965965965965967	0.0012414035826987459	0.0015059595108316394
1.6066066066066067	0.0012897925860896793	0.0015742506381832768
1.6166166166166167	0.0013411695003315775	0.0016472643941550058
1.6266266266266267	0.0013957766964656233	0.0017254199355901559
1.6366366366366367	0.0014538809246579705	0.0018091819128684004
1.6466466466466467	0.0015157762576821705	0.0018990663552928206
1.6566566566566567	0.0015817874521427604	0.001995647448318231
1.6666666666666667	0.0016522737960569971	0.0020995653587225303
1.6766766766766767	0.0017276335242087766	0.0022115352950322713
1.6866866866866868	0.0018083088983415134	0.0023323580287023847
1.6966966966966968	0.0018947920681975572	0.002462932148658487
1.7067067067067068	0.001987631852555027	0.002604268379979299
1.7167167167167168	0.0020874416078436424	0.002757506369738276
1.7267267267267268	0.0021949083868213737	0.0029239344331698164
1.7367367367367368	0.0023108036330806124	0.0031050128662981316
1.7467467467467468	0.0024359957107648934	0.0033024015735941105
1.7567567567567568	0.002571464635910266	0.003517992939502749
1.7667667667667668	0.002718319459833416	0.003753951102506921
1.7767767767767768	0.002877818860844237	0.0040127590847788336
1.7867867867867868	0.003051395634850582	0.0042972756100291085
1.7967967967967968	0.0032406859463864697	0.004610803934741489
1.8068068068068068	0.003447564421065151	0.004957175661581997
1.8168168168168168	0.0036741864433105726	0.005340853350772761
1.8268268268268268	0.003923039390885537	0.005767056868419111
1.8368368368368369	0.004197005018253211	0.006241919912364878
1.8468468468468469	0.004499435834085071	0.006772685180739181
1.8568568568568569	0.004834249158711611	0.007367949403020608
1.8668668668668669	0.0052060436724444955	0.008037973237843884
1.8768768768768769	0.005620244784635402	0.008795076294425296
1.8868868868868869	0.0060832872231739036	0.009654144906022542
1.896896896896897	0.006602846092263436	0.010633290750712
1.906906906906907	0.007188131606553394	0.01175471346666667
1.916916916916917	0.007850268278717834	0.013045842349583447
1.926926926926927	0.008602787262193098	0.01454086467534695
1.936936936936937	0.009462271974503396	0.016282796968354565
1.946946946946947	0.01044921382350589	0.0183263301207926
1.956956956956957	0.011589159630739443	0.020741795479775744
1.966966966966967	0.01291426969972296	0.02362078386108818
1.976976976976977	0.01446546280325039	0.027084250185933717
1.986986986986987	0.016295414052863225	0.03129443814751795
1.996996996996997	0.018472814924494277	0.036472819919852836
2.007007007007007	0.021088539088851336	0.04292776882800489
2.017017017017017	0.024264750976173692	0.05109847393795771
2.027027027027027	0.02816867309138422	0.061626928360990124
2.037037037037037	0.03303393889032872	0.07548044804035908
2.047047047047047	0.03919469639351115	0.09416953717609634
2.057057057057057	0.047141939699908465	0.12015598018369478
2.067067067067067	0.0576202547962207	0.1576667359685993
2.0770770770770772	0.07180175178870386	0.21444754690771714
2.0870870870870872	0.0916162755673976	0.30592926416002886
2.0970970970970972	0.12042113800559963	0.466479865973585
2.1071071071071072	0.1644755133996469	0.7856598797348308
2.1171171171171173	0.23654457910007773	1.5600315928003343
2.1271271271271273	0.36602477209717554	4.281121506844161
2.1371371371371373	0.6335336284230395	27.684500004308166
2.1471471471471473	1.330534721111637	28.93935977900805
2.1571571571571573	4.232571001262761	4.647509880672409
2.1671671671671673	57.76780905469906	1.7711078565956957
2.1771771771771773	12.571276880026517	0.9346288652616533
2.1871871871871873	2.4518905846283316	0.58187508472998
2.1971971971971973	1.0129869838498664	0.40025946459246464
2.2072072072072073	0.5547491090041546	0.2943256074216653
2.2172172172172173	0.35218931705763334	0.22701879635520628
2.2272272272272273	0.24492572688331682	0.18150585841732983
2.2372372372372373	0.18120284235394127	0.1492365968399018
2.2472472472472473	0.1402008595975069	0.12548917683137645
2.2572572572572573	0.11222359229699393	0.10748052097578048
2.2672672672672673	0.09225519645270583	0.0934823800585544
2.2772772772772774	0.07748688056743448	0.08237460854912089
2.2872872872872874	0.06624501811411894	0.07340477382312123
2.2972972972972974	0.057481248549484255	0.06605188880814782
2.3073073073073074	0.050511287376792224	0.05994570330328205
2.3173173173173174	0.04487281669252122	0.05481707399413418
2.3273273273273274	0.04024418746821461	0.05046643836841363
2.3373373373373374	0.036395895248682975	0.046743212034363026
2.3473473473473474	0.03316054458529286	0.043531983319125105
2.3573573573573574	0.0304136618965154	0.040743054485372125
2.3673673673673674	0.028061095163961106	0.03830583076805696
2.3773773773773774	0.02603053486384177	0.0361641163086847
2.3873873873873874	0.024265682938197298	0.03427271225785898
2.3973973973973974	0.022722164053214138	0.032594920058039815
2.4074074074074074	0.021364607862401182	0.031100684227403107
2.4174174174174174	0.020164533580860806	0.029765193692652715
2.4274274274274275	0.019098793929345794	0.028567816427045877
2.4374374374374375	0.018148415318482002	0.02749127941575441
2.4474474474474475	0.017297722830939753	0.026521031299782897
2.4574574574574575	0.01653367265810195	0.025644742519039542
2.4674674674674675	0.01584533752695943	0.02485190998925023
2.4774774774774775	0.015223506246298903	0.0241335419957467
2.4874874874874875	0.014660369283257584	0.02348190518269666
2.4974974974974975	0.014149269836948026	0.0228903200045968
2.5075075075075075	0.01368450523703823	0.022352994291314324
2.5175175175175175	0.013261167343230837	0.021864887004898727
2.5275275275275275	0.01287501341427267	0.02142159607652615
2.5375375375375375	0.012522360961929636	0.02101926557289806
2.5475475475475475	0.012200001620400802	0.02065450847357059
2.5575575575575575	0.0119051301926812	0.02032434212909311
2.5675675675675675	0.011635285887465409	0.02002613407663352
2.5775775775775776	0.01138830340654353	0.01975755635981211
2.5875875875875876	0.011162272037373576	0.019516546866150928
2.5975975975975976	0.010955501286376262	0.019301276483227416
2.6076076076076076	0.010766491883939064	0.019110121101704004
2.6176176176176176	0.010593911222678705	0.018941637673695742
2.6276276276276276	0.010436572471644489	0.01879454367876625
2.6376376376376376	0.010293416752086901	0.01866769946537091
2.6476476476476476	0.010163497874153602	0.01856009302842044
2.6576576576576576	0.010045969224407989	0.018470826859248165
2.6676676676676676	0.009940072467092921	0.01839910656541487
2.6776776776776776	0.009845127780532264	0.018344231007992165
2.6876876876876876	0.00976052539786621	0.018305583745171824
2.6976976976976976	0.009685718259832585	0.01828262560488929
2.7077077077077076	0.00962021561912215	0.018274888237334485
2.7177177177177176	0.009563577461646745	0.018281968521511635
2.7277277277277276	0.009515409631617091	0.018303523719562585
2.7377377377377377	0.009475359564870205	0.018339267288873994
2.7477477477477477	0.009443112549753241	0.018388965275740667
2.7577577577577577	0.009418388446983386	0.018452433226077408
2.7677677677677677	0.009400938810217916	0.018529533558411408
2.7777777777777777	0.009390544357684074	0.01862017335298839
2.7877877877877877	0.009387012752371906	0.018724302517985854
2.7977977977977977	0.009390176654550601	0.01884191230006928
2.8078078078078077	0.0093998920154403	0.01897303411212397
2.8178178178178177	0.00941603658536735	0.019117738655529064
2.8278278278278277	0.00943850861344065	0.019276135318866683
2.8378378378378377	0.009467225719113924	0.019448371838428763
2.8478478478478477	0.009502123918704483	0.019634634209577135
2.8578578578578577	0.009543156792387106	0.019835146840905912
2.8678678678678677	0.009590294779256063	0.02005017294619691
2.8778778778778777	0.009643524589917974	0.020280015171801197
2.8878878878878878	0.009702848727619454	0.02052501645980938
2.8978978978978978	0.009768285110405768	0.02078556114968525
2.9079079079079078	0.009839866787963244	0.02106207632384807
2.9179179179179178	0.009917641748062636	0.021355033404981703
2.9279279279279278	0.010001672808430008	0.02166495001557287
2.937937937937938	0.01009203759085677	0.021992392112810216
2.947947947947948	0.010188828575237235	0.022337976414847277
2.957957957957958	0.010292153231958782	0.022702373137440605
2.967967967967968	0.010402134231951052	0.023086309063220803
2.977977977977978	0.010518909734312463	0.02349057096943217
2.987987987987988	0.010642633752218146	0.023916009443850493
2.997997997997998	0.010773476598509604	0.024363543122864584
3.008008008008008	0.010911625413053605	0.024834163390564514
3.018018018018018	0.011057284774700702	0.025328939582997798
3.028028028028028	0.011210677401362458	0.025849024747718274
3.038038038038038	0.011372044942614018	0.02639566201564686
3.048048048048048	0.011541648869860558	0.026970191649837202
3.058058058058058	0.01171977147017573	0.02757405884459181
3.068068068068068	0.011906716950650336	0.028208822358146493
3.078078078078078	0.012102812661286653	0.028876164073699605
3.088088088088088	0.012308410445411496	0.029577899596450977
3.098098098098098	0.012523888127874055	0.03031599000926002
3.108108108108108	0.012749651152645926	0.031092554926893824
3.118118118118118	0.012986134382778604	0.03190988700844591
3.1281281281281283	0.013233804077517545	0.03277046811079855
3.1381381381381384	0.01349316006300142	0.03367698729235185
3.1481481481481484	0.013764738115168856	0.034632360907437494
3.1581581581581584	0.014049112575717166	0.035639755067794404
3.1681681681681684	0.014346899224606238	0.03670261078979157
3.1781781781781784	0.014658758435469446	0.03782467219518033
3.1881881881881884	0.01498539864372713	0.03901001819152852
3.1981981981981984	0.01532758016076125	0.04026309812625244
3.2082082082082084	0.01568611937208728	0.04158877198915885
3.2182182182182184	0.016061893361992107	0.04299235583323458
3.2282282282282284	0.016455845013040905	0.04447967319701842
3.2382382382382384	0.016868988634859042	0.04605711344617549
3.2482482482482484	0.01730241618424645	0.047731698112986734
3.2582582582582584	0.017757304146862336	0.049511156504882234
3.2682682682682684	0.018234921160424623	0.05140401208476823
3.2782782782782784	0.01873663647063012	0.05341968140498421
3.2882882882882885	0.01926392932369822	0.0555685877143843
3.2982982982982985	0.019818399414653774	0.057862291768315324
3.3083083083083085	0.020401778527561237	0.060313642870971795
3.3183183183183185	0.021015943524296962	0.0629369537915371
3.3283283283283285	0.021662930861953828	0.06574820394698795
3.3383383383383385	0.022344952846608233	0.06876527617159418
3.3483483483483485	0.02306441586340733	0.07200823354218137
3.3583583583583585	0.023823940861107677	0.07549964415850348
3.3683683683683685	0.024626386413844164	0.07926496356649294
3.3783783783783785	0.02547487473601848	0.08333298676025991
3.3883883883883885	0.02637282108888105	0.08773638453822251
3.3983983983983985	0.02732396709202094	0.09251234259539441
3.4084084084084085	0.028332418542073797	0.0977033263392264
3.4184184184184185	0.029402688447287884	0.1033580003325782
3.4284284284284285	0.03053974611426724	0.1095323389134505
3.4384384384384385	0.031749073277278696	0.11629097448458293
3.4484484484484486	0.03303672844599177	0.12370884298578783
3.4584584584584586	0.03440942087303357	0.13187320322585475
3.4684684684684686	0.03587459581693669	0.1408861295448142
3.4784784784784786	0.037440533111146944	0.15086760777908365
3.4884884884884886	0.039116461460836326	0.16195940564230182
3.4984984984984986	0.04091269139582976	0.17432994458984263
3.5085085085085086	0.042840770434575653	0.18818047700314774
3.5185185185185186	0.04491366479342583	0.20375297881245963
3.5285285285285286	0.047145972948456814	0.22134031621858627
3.5385385385385386	0.04955417757896625	0.24129945482240014
3.5485485485485486	0.05215694396316292	0.2640687783742252
3.5585585585585586	0.05497547485257674	0.29019101496094796
3.5685685685685686	0.058033934347663976	0.3203438953423664
3.5785785785785786	0.0613599565006464	0.35538159041098993
3.5885885885885886	0.06498525851048215	0.3963913453253299
3.5985985985985987	0.06894638375646958	0.44477178356839076
3.6086086086086087	0.07328560696316523	0.5023424607075088
3.6186186186186187	0.07805204308362108	0.5714989622902269
3.6286286286286287	0.08330301384066044	0.6554349838931128
3.6386386386386387	0.08910574241946917	0.7584635165723916
3.6486486486486487	0.0955394691764126	0.8864846785187033
3.6586586586586587	0.10269811174265336	1.0476680352518732
3.6686686686686687	0.11069363491907365	1.2534374629960312
3.6786786786786787	0.11966035421605355	1.5198433582349304
3.6886886886886887	0.12976047910405095	1.8692981604437664
3.6986986986986987	0.14119131900719578	2.3321819580503647
3.7087087087087087	0.1541947435439555	2.9462905384597953
3.7187187187187187	0.1690697343818716	3.7479291487010444
3.7287287287287287	0.18618922994976986	4.740149917439074
3.7387387387387387	0.2060230109190191	5.81995805559104
3.7487487487487487	0.22916920893568138	6.695731480615446
3.7587587587587588	0.2563983172417506	6.968794032016499
3.7687687687687688	0.2887156321520773	6.484406626020433
3.7787787787787788	0.3274513618279391	5.51109609327992
3.7887887887887888	0.374393086414205	4.441558402295115
3.798798798798799	0.4319844251562188	3.5058704548111557
3.808808808808809	0.5036295627777908	2.7650674405348696
3.818818818818819	0.5941711266391672	2.201027680824589
3.828828828828829	0.7106590489376801	1.7755753671074714
3.838838838838839	0.8636199754527399	1.4531257248679301
3.848848848848849	1.069206512077824	1.2060174961008447
3.858858858858859	1.352912788854173	1.0140692995525031
3.868868868868869	1.7560463839799407	0.862859245091785
3.878878878878879	2.346662123455073	0.7421029688697833
3.888888888888889	3.2353364486954987	0.644418036323392
3.898898898898899	4.582607243595134	0.5644483130777286
3.908908908908909	6.517793070223925	0.49825936976288454
3.918918918918919	8.72517099195633	0.4429236039493204
3.928928928928929	9.836711606148247	0.3962345990885818
3.938938938938939	8.736874017906892	0.3565088651057545
3.948948948948949	6.540979887377437	0.3224467855872271
3.958958958958959	4.612356064962642	0.29303396407671417
3.968968968968969	3.2668307839067285	0.26747040097799496
3.978978978978979	2.3773181171032585	0.24511905046091467
3.988988988988989	1.784837475175311	0.22546802555209033
3.998998998998999	1.3795702956625617	0.20810252419021477
4.009009009009009	1.0937803717997157	0.19268375648269723
4.019019019019019	0.8862767750966484	0.1789329690020063
4.029029029029029	0.731595338579328	0.1666192185175945
4.039039039039039	0.6135783011618333	0.15554993133515205
4.049049049049049	0.521681166545006	0.14556355182971595
4.059059059059059	0.44883299090861406	0.13652377201579516
4.069069069069069	0.3901708455083386	0.12831496786126187
4.079079079079079	0.34227234826107117	0.12083856416163616
4.089089089089089	0.30267811502164604	0.11401011944241267
4.099099099099099	0.26958712601028206	0.10775697328505118
4.109109109109109	0.24165779590233746	0.10201633603032055
4.119119119119119	0.21787521723894115	0.09673372874043477
4.129129129129129	0.19746077162864	0.09186170222828413
4.1391391391391394	0.17980944230680015	0.08735877976436686
4.1491491491491495	0.16444559497123287	0.08318858008753661
4.1591591591591595	0.1509912954205021	0.07931908654604168
4.1691691691691695	0.13914328083006552	0.0757220352860715
4.1791791791791795	0.12865599733882038	0.07237240090378425
4.1891891891891895	0.11932895156850479	0.06924796226713353
4.1991991991991995	0.11099717097942569	0.06632893457979509
4.2092092092092095	0.10352393248141979	0.06359765641593805
4.2192192192192195	0.09679516516502974	0.061038322560809974
4.2292292292292295	0.09071510198770354	0.0586367551714441
4.2392392392392395	0.08520287262900346	0.05638020711719617
4.2492492492492495	0.08018981227732401	0.05425719244184138
4.2592592592592595	0.07561731983700534	0.05225733976466715
4.2692692692692695	0.07143514127986048	0.05037126514777117
4.2792792792792795	0.06759998455087908	0.048590461536456034
4.2892892892892895	0.06407439494736597	0.04690720235328018
4.2992992992992995	0.06082583655480644	0.04531445721585053
4.3093093093093096	0.057825937763505794	0.043805818069646514
4.31931931931932	0.05504986825485473	0.042375434292904336
4.32932932932933	0.05247582194971446	0.041017955551260796
4.33933933933934	0.050084585838587735	0.03972848136371722
4.34934934934935	0.04785917878942075	0.03850251649533856
4.35935935935936	0.045784547662856515	0.03733593142087612
4.36936936936937	0.04384731058532328	0.03622492721172037
4.37937937937938	0.0420355392064332	0.03516600429043807
4.38938938938939	0.040338573325306666	0.03415593457385054
4.3993993993994	0.038746862506033763	0.03319173659182073
4.40940940940941	0.037251830286635416	0.032270653224158174
4.41941941941942	0.03584575737460613	0.03139013174577799
4.42942942942943	0.03452168085679732	0.030547805910861286
4.43943943943944	0.0332733069641393	0.0297414798416929
4.44944944944945	0.03209493534844784	0.02896911351727973
4.45945945945946	0.030981393168375396	0.02822880968314798
4.46946946946947	0.02992797755919207	0.027518802025422767
4.47947947947948	0.02893040529038273	0.026837444471658926
4.48948948948949	0.02798476860288324	0.026183201497559802
4.4994994994995	0.02708749637454722	0.02555463933288837
4.50950950950951	0.02623531989179323	0.0249504179725856
4.51951951951952	0.025425242613612724	0.02436928391004668
4.52952952952953	0.02465451340479036	0.023810063518853633
4.53953953953954	0.02392060279068133	0.023271657017698663
4.54954954954955	0.02322118185021284	0.02275303296065797
4.55955955955956	0.022554103417244033	0.022253223200975326
4.56956956956957	0.02191738530641109	0.02177131828274177
4.57957957957958	0.021309195317983178	0.021306463219110137
4.58958958958959	0.020727837809376298	0.020857853620720828
4.5995995995996	0.02017174164912744	0.020424732141402342
4.60960960960961	0.01963944939283685	0.02000638521173563
4.61961961961962	0.01912960754167046	0.01960214003429918
4.62962962962963	0.01864095776126309	0.01921136181683546
4.63963963963964	0.01817232895438369	0.01883345122196746
4.64964964964965	0.01772263009378709	0.0184678420144895
4.65965965965966	0.017290843733054763	0.018113998888812148
4.66966966966967	0.016876020123106492	0.017771415461004574
4.67967967967968	0.01647727187056717	0.017439612411320284
4.68968968968969	0.01609376908179781	0.017118135764478588
4.6996996996997	0.015724734942669388	0.01680655529614935
4.70970970970971	0.015369441689991069	0.016504463055165064
4.71971971971972	0.015027206935411201	0.016211471991901313
4.72972972972973	0.014697390306975804	0.015927214684302613
4.73973973973974	0.0143793903773701	0.015651342153580928
4.74974974974975	0.014072641851157279	0.015383522762535398
4.75975975975976	0.013776612986393242	0.01512344118989637
4.76976976976977	0.01349080322856652	0.014870797474807415
4.77977977977978	0.013214741036999286	0.014625306125987208
4.78978978978979	0.01294798188619646	0.014386695290638041
4.7997997997998	0.012690106426050887	0.014154705978553232
4.80980980980981	0.012440718786758282	0.013929091337233782
4.81981981981982	0.012199445015475116	0.013709615974340048
4.82982982982983	0.011965931633250096	0.013496055323783937
4.83983983983984	0.011739844301645952	0.013288195052470038
4.84984984984985	0.011520866589749707	0.013085830504618406
4.85985985985986	0.011308698832835102	0.012888766181007386
4.86986986986987	0.011103057075252722	0.012696815250628355
4.87987987987988	0.010903672090199138	0.012509799092524601
4.88988988988989	0.010710288470254688	0.01232754686561562
4.8998998998999	0.01052266378284055	0.012149895104646488
4.90990990990991	0.010340567785339068	0.011976687340422627
4.91991991991992	0.010163781695111193	0.011807773742659797
4.92992992992993	0.009992097510081928	0.011643010784008895
4.93993993993994	0.00982531737589157	0.01148226092367793
4.94994994994995	0.009663252996035734	0.011325392309548692
4.95995995995996	0.009505725081688947	0.01117227849738554
4.96996996996997	0.009352562838137752	0.011022798186133534
4.97997997997998	0.009203603485105133	0.010876834968228895
4.98998998998999	0.009058691808439582	0.010734277093936533
5.0	0.00891767974082285	0.010595017248857277
