-5.0	0.028205291066552722	0.028407069305907924
-4.98998998998999	0.028291611278246653	0.028493180692751086
-4.97997997997998	0.028378652250909738	0.02858000838816558
-4.96996996996997	0.028466422170294808	0.02866756049773115
-4.95995995995996	0.028554929339021536	0.02875584524235124
-4.94994994994995	0.028644182178568216	0.028844870960222684
-4.93993993993994	0.028734189231316088	0.028934646108834085
-4.92992992992993	0.028824959162624834	0.02902517926701076
-4.91991991991992	0.028916500762942443	0.029116479136995416
-4.90990990990991	0.029008822949973267	0.029208554546570155
-4.8998998998999	0.029101934770870527	0.029301414451227536
-4.88988988988989	0.029195845404492562	0.02939506793637044
-4.87987987987988	0.029290564163692974	0.029489524219576246
-4.86986986986987	0.029386100497646943	0.029584792652887444
-4.85985985985986	0.02948246399425033	0.02968088272515688
-4.84984984984985	0.029579664382548377	0.029777804064447046
-4.83983983983984	0.029677711535210913	0.02987556644045715
-4.82982982982983	0.029776615471074467	0.029974179767024642
-4.81981981981982	0.02987638635772339	0.030073654104662617
-4.80980980980981	0.02997703451411964	0.03017399966314466
-4.7997997997998	0.030078570413307897	0.03027522680415711
-4.78978978978979	0.03018100468514671	0.03037734604399417
-4.77977977977978	0.030284348119123623	0.03048036805631609
-4.76976976976977	0.030388611667202487	0.030584303674951983
-4.75975975975976	0.030493806446760592	0.03068916389677625
-4.74974974974975	0.030599943743550392	0.030794959884635133
-4.73973973973974	0.030707035014751798	0.030901702970330264
-4.72972972972973	0.030815091892075295	0.031009404657674385
-4.71971971971972	0.030924126184931372	0.031118076625602793
-4.70970970970971	0.031034149883670308	0.03122773073135418
-4.6996996996997	0.0311451751628793	0.03133837901371592
-4.68968968968969	0.03125721438476244	0.0314500336963358
-4.67967967967968	0.031370280102586766	0.031562707191108826
-4.66966966966967	0.03148438506419363	0.031676412101628505
-4.65965965965966	0.03159954221559829	0.03179116122671658
-4.64964964964965	0.031715764704651594	0.031906967564025925
-4.63963963963964	0.031833065884797514	0.03202384431372022
-4.62962962962963	0.03195145931888848	0.032141804882225775
-4.61961961961962	0.032070958783100144	0.032260862886075645
-4.60960960960961	0.032191578270927154	0.03238103215582895
-4.5995995995996	0.032313331997258984	0.032502326740071426
-4.58958958958959	0.032436234402541606	0.032624760909508464
-4.57957957957958	0.032560300157045786	0.03274834916113777
-4.56956956956957	0.03268554416520938	0.03287310622252852
-4.55955955955956	0.03281198157008402	0.03299904705617333
-4.54954954954955	0.03293962775787089	0.033126186863947776
-4.53953953953954	0.033068498362567	0.03325454109166474
-4.52952952952953	0.033198609270712096	0.03338412543372398
-4.51951951951952	0.03332997662621427	0.03351495583786735
-4.50950950950951	0.03346261683533034	0.033647048510042576
-4.4994994994995	0.03359654657170688	0.033780419919363036
-4.48948948948949	0.03373178278156105	0.03391508680318399
-4.47947947947948	0.03386834268897301	0.03405106617229572
-4.46946946946947	0.03400624380129132	0.03418837531621959
-4.45945945945946	0.03414550391465747	0.03432703180863507
-4.44944944944945	0.03428614111965685	0.03446705351291517
-4.43943943943944	0.0344281738071062	0.034608458587799755
-4.42942942942943	0.03457162067394183	0.03475126549318123
-4.41941941941942	0.03471650072928327	0.034895492996029884
-4.40940940940941	0.03486283330059094	0.03504116017645084
-4.3993993993994	0.03501063803999732	0.03518828643387808
-4.38938938938939	0.03515993493075864	0.035336891493400954
-4.37937937937938	0.03531074429386507	0.035486995412253
-4.36936936936937	0.03546308679480193	0.035638618586422185
-4.35935935935936	0.03561698345045979	0.03579178175743822
-4.34934934934935	0.035772455636205513	0.035946506019294604
-4.33933933933934	0.035929525093119384	0.03610281282554255
-4.32932932932933	0.03608821393539315	0.03626072399654272
-4.31931931931932	0.03624854465790526	0.03642026172688161
-4.3093093093093096	0.03641054014396216	0.0365814485929605
-4.2992992992992995	0.03657422367323342	0.036744307560772835
-4.2892892892892895	0.03673961892986079	0.03690886199383668
-4.2792792792792795	0.036906750010752803	0.03707513566133404
-4.2692692692692695	0.0370756414340943	0.03724315274643568
-4.2592592592592595	0.03724631814802509	0.037412937854803416
-4.2492492492492495	0.0374188055395533	0.03758451602332448
-4.2392392392392395	0.03759312944365417	0.03775791272901342
-4.2292292292292295	0.03776931615259899	0.03793315389815696
-4.2192192192192195	0.03794739242550078	0.03811026591565323
-4.2092092092092095	0.038127385498086204	0.03828927563457927
-4.1991991991991995	0.03830932309269242	0.03847021038598926
-4.1891891891891895	0.038493233428522344	0.03865309798894051
-4.1791791791791795	0.03867914523212375	0.03883796676075948
-4.1691691691691695	0.038867087748133015	0.039024845527555696
-4.1591591591591595	0.03905709075027384	0.039213763634986326
-4.1491491491491495	0.03924918455261424	0.03940475095927484
-4.1391391391391394	0.03944340002110514	0.03959783791850785
-4.129129129129129	0.03963976858539635	0.03979305548418954
-4.119119119119119	0.03983832225093491	0.039990435193083
-4.109109109109109	0.04003909361135662	0.040190009159341185
-4.099099099099099	0.040242115861192265	0.04039181008692758
-4.089089089089089	0.04044742280886539	0.040595871282342946
-4.079079079079079	0.040655048890022215	0.04080222666765737
-4.069069069069069	0.04086502918118682	0.04101091079387498
-4.059059059059059	0.04107739941374776	0.04122195885460824
-4.049049049049049	0.0412921959882926	0.041435406700102415
-4.039039039039039	0.0415094559892987	0.0416512908516019
-4.029029029029029	0.0417292172001782	0.041869648516064534
-4.019019019019019	0.041951518118712665	0.04209051760125253
-4.009009009009009	0.0421763979728599	0.042313936731191076
-3.998998998998999	0.04240389673695593	0.04253994526201171
-3.988988988988989	0.04263405514832886	0.0427685832981892
-3.978978978978979	0.042866914724319374	0.042999891709189275
-3.968968968968969	0.04310251777973407	0.04323391214652876
-3.958958958958959	0.04334090744474144	0.043470687061261226
-3.948948948948949	0.04358212768320768	0.043710259721914786
-3.938938938938939	0.043826223311511245	0.04395267423286294
-3.928928928928929	0.04407324001781641	0.044197975553181265
-3.918918918918919	0.04432322438184596	0.04444620951595243
-3.908908908908909	0.04457622389516327	0.044697422848101125
-3.898898898898899	0.04483228698195063	0.044951663190688
-3.888888888888889	0.04509146302033833	0.04520897911975371
-3.878878878878879	0.04535380236426155	0.045469420167681254
-3.868868868868869	0.045619356365893766	0.04573303684509643
-3.858858858858859	0.045888177398650205	0.04599988066335833
-3.848848848848849	0.04616031888076581	0.04627000415758503
-3.838838838838839	0.04643583529950671	0.04654346091029968
-3.828828828828829	0.04671478223599967	0.04682030557569657
-3.818818818818819	0.04699721639068407	0.04710059390448046
-3.808808808808809	0.047283195609446785	0.04738438276941555
-3.798798798798799	0.04757277891042588	0.047671730191483096
-3.7887887887887888	0.04786602651150525	0.04796269536674357
-3.7787787787787788	0.04816299985853422	0.04825733869388467
-3.7687687687687688	0.048463761654272096	0.04855572180249803
-3.7587587587587588	0.048768375888107396	0.04885790758208252
-3.7487487487487487	0.04907690786652089	0.049163960211800556
-3.7387387387387387	0.0493894242443843	0.0494739451910269
-3.7287287287287287	0.04970599305705267	0.04978792937068857
-3.7187187187187187	0.05002668375330517	0.050105980985416874
-3.7087087087087087	0.05035156722916447	0.05042816968656539
-3.6986986986986987	0.0506807158625781	0.05075456657606218
-3.6886886886886887	0.05101420354904855	0.05108524424119961
-3.6786786786786787	0.05135210573818172	0.051420276790284415
-3.6686686686686687	0.05169449947118775	0.051759739889276936
-3.6586586586586587	0.05204146341941483	0.05210371079936875
-3.6486486486486487	0.052393077923858375	0.05245226841556203
-3.6386386386386387	0.05274942503573895	0.05280549330626102
-3.6286286286286287	0.0531105885581523	0.05316346775393104
-3.6186186186186187	0.05347665408882116	0.05352627579681418
-3.6086086086086087	0.05384770906397969	0.05389400327175046
-3.5985985985985987	0.054223842803431364	0.05426673785816271
-3.5885885885885886	0.054605146556787595	0.054644569123158446
-3.5785785785785786	0.05499171355095089	0.05502758856788516
-3.5685685685685686	0.05538363903885248	0.05541588967507097
-3.5585585585585586	0.05578102034948196	0.05580956795785946
-3.5485485485485486	0.056183956939248346	0.05620872100991355
-3.5385385385385386	0.05659255044471361	0.05661344855688446
-3.5285285285285286	0.05700690473671751	0.05702385250921098
-3.5185185185185186	0.05742712597594008	0.05744003701635042
-3.5085085085085086	0.0578533226699493	0.05786210852243585
-3.4984984984984986	0.05828560573175685	0.05829017582340855
-3.4884884884884886	0.05872408853991197	0.058724350125673966
-3.4784784784784786	0.05916888700022136	0.05916474510631023
-3.4684684684684686	0.05962011960906739	0.05961147697486613
-3.4584584584584586	0.0600779075184244	0.06006466453679977
-3.4484484484484486	0.06054237460257641	0.060524429258595976
-3.4384384384384385	0.061013647526608636	0.06099089533459225
-3.4284284284284285	0.061491855816680915	0.06146418975557098
-3.4184184184184185	0.061977131932175605	0.061944442379169705
-3.4084084084084085	0.062469611339709734	0.0624317860021174
-3.3983983983983985	0.06296943258909823	0.06292635643438037
-3.3883883883883885	0.06347673739129461	0.0634282925752384
-3.3783783783783785	0.0639916706983622	0.0639377364913528
-3.3683683683683685	0.06451438078550965	0.0644548334968518
-3.3583583583583585	0.06504501933527117	0.06497973223551788
-3.3483483483483485	0.0655837415238211	0.06551258476505914
-3.3383383383383385	0.06613070610953417	0.06605354664359563
-3.3283283283283285	0.06668607552378446	0.06660277701832622
-3.3183183183183185	0.06725001596407576	0.06716043871649373
-3.3083083083083085	0.06782269748951116	0.06772669833862062
-3.2982982982982985	0.06840429411867216	0.0683017263541545
-3.2882882882882885	0.06899498392994559	0.06888569719947572
-3.2782782782782784	0.06959494916435185	0.06947878937838405
-3.2682682682682684	0.07020437633090011	0.07008118556505792
-3.2582582582582584	0.07082345631454273	0.07069307270960427
-3.2482482482482484	0.07145238448673863	0.07131464214612804
-3.2382382382382384	0.07209136081869934	0.07194608970348752
-3.2282282282282284	0.07274058999733818	0.07258761581869755
-3.2182182182182184	0.07340028154395233	0.0732394256530305
-3.2082082082082084	0.07407064993570314	0.07390172921089318
-3.1981981981981984	0.07475191472989724	0.07457474146146836
-3.1881881881881884	0.0754443006911076	0.07525868246316296
-3.1781781781781784	0.07614803792118051	0.07595377749094129
-3.1681681681681684	0.07686336199210847	0.07666025716647246
-3.1581581581581584	0.07759051408182431	0.07737835759122258
-3.1481481481481484	0.07832974111294184	0.07810832048243811
-3.1381381381381384	0.07908129589437489	0.07885039331205422
-3.1281281281281283	0.07984543726594424	0.07960482944853656
-3.118118118118118	0.08062243024587366	0.08037188830167495
-3.108108108108108	0.08141254618123056	0.08115183547028523
-3.098098098098098	0.08221606290125408	0.08194494289285802
-3.088088088088088	0.08303326487353724	0.08275148900108689
-3.078078078078078	0.08386444336307444	0.0835717588762818
-3.068068068068068	0.08470989659405645	0.08440604440860783
-3.058058058058058	0.08556992991440406	0.08525464445911694
-3.048048048048048	0.08644485596294293	0.08611786502449588
-3.038038038038038	0.08733499483914589	0.08699601940446806
-3.028028028028028	0.08824067427532323	0.08788942837175967
-3.018018018018018	0.08916222981113196	0.08879842034450561
-3.008008008008008	0.09010000497031335	0.0897233315610269
-2.997997997997998	0.09105435143944633	0.09066450625676716
-2.987987987987988	0.09202562924855281	0.09162229684329942
-2.977977977977978	0.09301420695337881	0.09259706408916438
-2.967967967967968	0.09402046181906071	0.09358917730237849
-2.957957957957958	0.09504478000497256	0.09459901451437643
-2.947947947947948	0.09608755675046848	0.09562696266507291
-2.937937937937938	0.09714919656111563	0.09667341778883087
-2.9279279279279278	0.09823011339517997	0.097738785200993
-2.9179179179179178	0.09933073084989362	0.09882347968456308
-2.9079079079079078	0.10045148234704437	0.0999279256767223
-2.8978978978978978	0.10159281131749454	0.10105255745468386
-2.8878878878878878	0.10275517138400492	0.10219781932043727
-2.8778778778778777	0.10393902654182717	0.10336416578380159
-2.8678678678678677	0.1051448513364343	0.10455206174327945
-2.8578578578578577	0.10637313103763596	0.10576198266398434
-2.8478478478478477	0.10762436180936183	0.10699441475202524
-2.8378378378378377	0.10889905087424938	0.10824985512447434
-2.8278278278278277	0.1101977166721437	0.1095288119742078
-2.8178178178178177	0.11152088901147084	0.11083180472857308
-2.8078078078078077	0.11286910921245684	0.1121593642010116
-2.7977977977977977	0.11424293024098331	0.11351203273443748
-2.7877877877877877	0.11564291683180754	0.11489036433528141
-2.7777777777777777	0.11706964559978361	0.11629492479687657
-2.7677677677677677	0.11852370513752387	0.1177262918108353
-2.7577577577577577	0.12000569609800972	0.11918505506487996
-2.7477477477477477	0.1215162312602501	0.12067181632551427
-2.7377377377377377	0.12305593557619789	0.12218718950382798
-2.7277277277277276	0.12462544619686466	0.12373180070247498
-2.7177177177177176	0.1262254124754127	0.12530628824185652
-2.7077077077077076	0.12785649594490678	0.12691130266320294
-2.6976976976976976	0.1295193702681609	0.12854750670635365
-2.6876876876876876	0.13121472115691696	0.13021557525954083
-2.6776776776776776	0.13294324625754456	0.13191619527851697
-2.6676676676676676	0.134705654999982	0.13365006567209317
-2.6576576576576576	0.13650266840667027	0.135417897150932
-2.6476476476476476	0.1383350188578647	0.13722041203629298
-2.6376376376376376	0.14020344980945107	0.1390583440249899
-2.6276276276276276	0.14210871545923326	0.14093243790694776
-2.6176176176176176	0.1440515803573175	0.14284344923104933
-2.6076076076076076	0.14603281895593023	0.14479214391501188
-2.5975975975975976	0.1480532150937999	0.14677929779469354
-2.5875875875875876	0.15011356140980708	0.1488056961077666
-2.5775775775775776	0.15221465868043502	0.15087213290664397
-2.5675675675675675	0.15435731507509387	0.15297941039505195
-2.5575575575575575	0.1565423453231942	0.15512833818238317
-2.5475475475475475	0.15877056978637677	0.15731973244963043
-2.5375375375375375	0.16104281342909668	0.159554415020399
-2.5275275275275275	0.16335990468028144	0.1618332123300388
-2.5175175175175175	0.16572267417858969	0.1641569542857665
-2.5075075075075075	0.16813195339327253	0.16652647301013146
-2.4974974974974975	0.17058857311246134	0.1689426014599121
-2.4874874874874875	0.1730933617902846	0.17140617191225616
-2.4774774774774775	0.1756471437439506	0.1739180143093579
-2.4674674674674675	0.17825073719153056	0.1764789544528592
-2.4574574574574575	0.18090495212107846	0.1790898120386992
-2.4474474474474475	0.18361058798133514	0.18175139852298192
-2.4374374374374375	0.1863684311840567	0.18446451480910425
-2.4274274274274275	0.18917925240800265	0.18722994874615645
-2.4174174174174174	0.19204380369429036	0.1900484724285633
-2.4074074074074074	0.1949628153229916	0.1929208392867853
-2.3973973973973974	0.197936992460754	0.19584778095870659
-2.3873873873873874	0.2009670115694092	0.1988300039316337
-2.3773773773773774	0.204053516565747	0.20186818594476133
-2.3673673673673674	0.2071971147230764	0.20496297214227138
-2.3573573573573574	0.21039837230542124	0.20811497096757195
-2.3473473473473474	0.2136578099262468	0.21132474978966284
-2.3373373373373374	0.21697589762400454	0.21459283025323778
-2.3273273273273274	0.22035304964808186	0.2179196833450223
-2.3173173173173174	0.22378961894978902	0.2213057241696523
-2.3073073073073074	0.22728589137450117	0.2247513064298938
-2.2972972972972974	0.23084207955285652	0.22825671660714614
-2.2872872872872874	0.23445831649066023	0.23182216784008738
-2.2772772772772774	0.23813464885970062	0.2354477935011842
-2.2672672672672673	0.2418710299940087	0.23913364047310412
-2.2572572572572573	0.24566731259924934	0.24287966212958345
-2.2472472472472473	0.24952324118599475	0.24668571102844944
-2.2372372372372373	0.2534384442415452	0.2505515313273646
-2.2272272272272273	0.2574124261588028	0.25447675093716854
-2.2172172172172173	0.2614445589453454	0.25846087343110546
-2.2072072072072073	0.2655340737406548	0.26250326973317345
-2.1971971971971973	0.26968005217468344	0.2666031696135294
-2.1871871871871873	0.273881417606807	0.2707596530242291
-2.1771771771771773	0.2781369262901542	0.27497164131416585
-2.1671671671671673	0.2824451585127851	0.27923788836859637
-2.1571571571571573	0.28680450977406086	0.2835569717244357
-2.1471471471471473	0.2912131820615412	0.2879272837200184
-2.1371371371371373	0.29566917530105674	0.2923470227446274
-2.1271271271271273	0.30017027906007704	0.29681418466070103
-2.1171171171171173	0.30471406459196143	0.3013265544788403
-2.1071071071071072	0.30929787731619623	0.30588169837369356
-2.0970970970970972	0.3139188298367918	0.3104769561356806
-2.0870870870870872	0.3185737956083325	0.31510943416145204
-2.0770770770770772	0.32325940336510933	0.31977599909247495
-2.067067067067067	0.3279720324349941	0.32447327221786304
-2.057057057057057	0.3327078090644104	0.32919762476332115
-2.047047047047047	0.33746260388445587	0.3339451741930994
-2.037037037037037	0.34223203065108226	0.3387117816554527
-2.027027027027027	0.3470114463928683	0.34349305070504654
-2.017017017017017	0.35179595309930284	0.34828432743646187
-2.007007007007007	0.35658040107963623	0.3530807021622513
-1.996996996996997	0.3613593941173737	0.357877012766277
-1.986986986986987	0.3661272965378747	0.36266784985801503
-1.976976976976977	0.3708782422965839	0.36744756384602767
-1.966966966966967	0.37560614618238763	0.3722102740386911
-1.956956956956957	0.38030471721499665	0.3769498798674426
-1.946946946946947	0.3849674742965325	0.3816600743120485
-1.936936936936937	0.3895877641558026	0.38633435958856127
-1.926926926926927	0.39415878159946227	0.3909660651392312
-1.916916916916917	0.3986735920572558	0.39554836793880727
-1.906906906906907	0.4031251563786008	0.40007431510496977
-1.896896896896897	0.4075063578066839	0.40453684877034995
-1.8868868868868869	0.4118100310225707	0.4089288331425157
-1.8768768768768769	0.41602899311747865	0.4132430836444088
-1.8668668668668669	0.4201560763164912	0.41747239799321845
-1.8568568568568569	0.42418416224188144	0.4216095890406719
-1.8468468468468469	0.42810621747032823	0.42564751916239135
-1.8368368368368369	0.4319153301060618	0.42957913594995545
-1.8268268268268268	0.43560474706150654	0.4333975089265583
-1.8168168168168168	0.43916791171113523	0.437095866977144
-1.8068068068068068	0.4425985015610403	0.4406676361570252
-1.7967967967967968	0.445890465559207	0.44410647752021815
-1.7867867867867868	0.44903806065939517	0.4474063245907926
-1.7767767767767768	0.45203588724526145	0.4505614200884342
-1.7667667667667668	0.4548789230217564	0.4535663515126895
-1.7567567567567568	0.4575625549884191	0.4564160851913249
-1.7467467467467468	0.4600826091228538	0.4591059984048598
-1.7367367367367368	0.46243537742479623	0.46163190921413316
-1.7267267267267268	0.46461764199818056	0.46399010363868326
-1.7167167167167168	0.4666266958835539	0.46617735986194775
-1.7067067067067068	0.46846036039282635	0.4681909691732884
-1.6966966966966968	0.4701169987433339	0.47002875339780076
-1.6866866866866868	0.47159552583685144	0.4716890786087006
-1.6766766766766767	0.4728954140817138	0.47317086496762994
-1.6666666666666667	0.47401669520918416	0.47447359258911076
-1.6566566566566567	0.47495995809040614	0.4755973033805115
-1.6466466466466467	0.4757263426139581	0.4765425988630428
-1.6366366366366367	0.476317529736559	0.4773106340339983
-1.6266266266266267	0.47673572786896196	0.47790310738294617
-1.6166166166166167	0.4769836558053404	0.47832224722486616
-1.6066066066066067	0.47706452244546443	0.4785707945591107
-1.5965965965965967	0.476982003594918	0.4786519827048482
-1.5865865865865867	0.4767402161586678	0.47856951399982955
-1.5765765765765767	0.4763436900669501	0.4783275338792762
-1.5665665665665667	0.4757973382890831	0.4779306026756894
-1.5565565565565564	0.4751064253017657	0.47738366549742944
-1.5465465465465464	0.47427653438177886	0.476692020554412
-1.5365365365365364	0.47331353409110216	0.47586128630316493
-1.5265265265265264	0.4722235443137889	0.47489736778120084
-1.5165165165165164	0.471012902191383	0.47380642249246846
-1.5065065065065064	0.4696881282842558	0.4725948261922225
-1.4964964964964964	0.4682558932657197	0.4712691389012497
-1.4864864864864864	0.46672298542917784	0.46983607145747985
-1.4764764764764764	0.46509627926157554	0.46830245288730765
-1.4664664664664664	0.46338270530640324	0.46667519885123565
-1.4564564564564564	0.4615892215092672	0.4649612813884244
-1.4464464464464464	0.45972278620770457	0.46316770015421216
-1.4364364364364364	0.45779033289643495	0.4613014553133165
-1.4264264264264264	0.4557987468690884	0.4593695222205155
-1.4164164164164164	0.45375484380885384	0.4573788279905054
-1.4064064064064064	0.45166535037321753	0.45533623002966067
-1.3963963963963963	0.4495368867931474	0.45324849657528193
-1.3863863863863863	0.44737595148376863	0.45112228926236286
-1.3763763763763763	0.4451889076432674	0.4489641477153527
-1.3663663663663663	0.4429819717985971	0.44678047614112165
-1.3563563563563563	0.44076120424064635	0.44457753188152754
-1.3463463463463463	0.43853250127893284	0.4423614158680907
-1.3363363363363363	0.4363015892344679	0.4401380649081547
-1.3263263263263263	0.434074020081441	0.4379132457208923
-1.3163163163163163	0.43185516864171286	0.4356925506334055
-1.3063063063063063	0.4296502312320656	0.4334813948402787
-1.2962962962962963	0.42746422566159403	0.4312850151263071
-1.2862862862862863	0.42530199247549305	0.42910846994900226
-1.2762762762762763	0.42316819734262817	0.42695664077713613
-1.2662662662662663	0.42106733448558464	0.4248342345818851
-1.2562562562562563	0.4190037310552945	0.4227457873793893
-1.2462462462462462	0.416981552355946	0.4206956687262671
-1.2362362362362362	0.4150048078305573	0.41868808707371374
-1.2262262262262262	0.413077357722959	0.4167270958903826
-1.2162162162162162	0.4112029203371389	0.4148166004697598
-1.2062062062062062	0.40938507982163697	0.4129603653431246
-1.1961961961961962	0.4076272944120678	0.41116202222573284
-1.1861861861861862	0.40593290507190244	0.4094250784295161
-1.1761761761761762	0.4043051444775282	0.4077529256829376
-1.1661661661661662	0.4027471463003701	0.40614884930405015
-1.1561561561561562	0.4012619547446716	0.4046160376804087
-1.1461461461461462	0.399852534306556	0.40315759201485657
-1.1361361361361362	0.3985217797248198	0.4017765363031914
-1.1261261261261262	0.3972725261009809	0.40047582751562494
-1.1161161161161162	0.39610755917101537	0.39925836596001807
-1.1061061061061062	0.395029625716952	0.39812700581027793
-1.0960960960960962	0.39404144411192216	0.3970845657898351
-1.0860860860860861	0.3931457149971516	0.39613384000433244
-1.0760760760760761	0.3923451320944963	0.39527760892414127
-1.0660660660660661	0.39164239316315386	0.3945186505216754
-1.0560560560560561	0.39104021111336684	0.39385975157366476
-1.0460460460460461	0.39054132529514085	0.3933037191437928
-1.0360360360360361	0.3901485129842833	0.3928533922653157
-1.026026026026026	0.38986460109264115	0.3925116538486822
-1.016016016016016	0.38969247813397684	0.39228144284361
-1.006006006006006	0.3896351064817367	0.39216576669011466
-0.995995995995996	0.38969553495955994	0.39216771409763523
-0.985985985985986	0.3898769118101936	0.39229046819706803
-0.975975975975976	0.3901824980937526	0.39253732011491455
-0.965965965965966	0.39061568157198845	0.3929116830252806
-0.955955955955956	0.3911799911399467	0.393417106740406
-0.9459459459459459	0.3918791118736419	0.39405729290733815
-0.9359359359359359	0.3927169007684832	0.39483611088450876
-0.9259259259259259	0.3936974032503736	0.3957576143797077
-0.9159159159159159	0.39482487054902327	0.3968260589383169
-0.9059059059059059	0.3961037780322	0.39804592037996406
-0.8958958958958959	0.39753884460854955	0.399421914290493
-0.8858858858858859	0.3991350533173887	0.40095901668702605
-0.8758758758758759	0.40089767323500924	0.40266248598552434
-0.8658658658658659	0.4028322828407083	0.4045378864130481
-0.8558558558558559	0.40494479499915725	0.40659111302082035
-0.8458458458458459	0.4072414837326736	0.4088284184711562
-0.8358358358358359	0.4097290129741736	0.4112564417879708
-0.8258258258258259	0.4124144675119583	0.41388223928178247
-0.8158158158158159	0.415305386360518	0.4167133178819953
-0.8058058058058059	0.41840979881642665	0.4197576711345667
-0.7957957957957958	0.4217362634868558	0.42302381815197204
-0.7857857857857858	0.42529391061176003	0.426520845834657
-0.7757757757757757	0.4290924880358966	0.4302584547190586
-0.7657657657657657	0.43314241122916575	0.43424700884885603
-0.7557557557557557	0.4374548178006375	0.43849759011318923
-0.7457457457457457	0.44204162700441785	0.44302205754766305
-0.7357357357357357	0.44691560479674897	0.44783311215509003
-0.7257257257257257	0.4520904350723773	0.45294436787168346
-0.7157157157157157	0.45758079778742833	0.4583704293821357
-0.7057057057057057	0.463402454765583	0.4641269775776664
-0.6956956956956957	0.4695723440883989	0.47023086355309723
-0.6856856856856857	0.47610868408804147	0.47670021215699104
-0.6756756756756757	0.48303108809763773	0.48355453624457023
-0.6656656656656657	0.4903606912706158	0.4908148629392265
-0.6556556556556556	0.49812029096127625	0.4985038733873991
-0.6456456456456456	0.5063345023682969	0.5066460577010133
-0.6356356356356356	0.5150299313851779	0.5152678870221495
-0.6256256256256256	0.524235366881729	0.5243980049242621
-0.6156156156156156	0.5339819949703416	0.5340674406909051
-0.6056056056056056	0.544303638190741	0.5443098473927642
-0.5955955955955956	0.5552370229947935	0.555161768127753
-0.5855855855855856	0.5668220794359142	0.5666629343117574
-0.5755755755755756	0.5791022775837629	0.578856600517514
-0.5655655655655656	0.5921250059089819	0.5917899210837189
-0.5555555555555556	0.6059419977403729	0.6055143745666255
-0.5455455455455456	0.6206098129128617	0.6200862431191622
-0.5355355355355356	0.6361903829291802	0.6355671550814299
-0.5255255255255256	0.6527516293982271	0.6520247005003396
-0.5155155155155156	0.6703681672336935	0.6695331310051406
-0.5055055055055055	0.6891221061564541	0.6881741575222279
-0.4954954954954955	0.7091039665331303	0.7080378617820027
-0.4854854854854855	0.7304137285779482	0.7292237405593154
-0.4754754754754755	0.7531620375875263	0.7518419052055667
-0.46546546546546547	0.7774715923008848	0.7760144634419357
-0.45545545545545546	0.8034787488880177	0.8018771157594871
-0.44544544544544545	0.8313353797039359	0.8295810053823427
-0.43543543543543545	0.8612110341205497	0.8592948688803588
-0.42542542542542544	0.8932954588631185	0.8912075445908652
-0.41541541541541543	0.9278015478590228	0.9255309085255842
-0.40540540540540543	0.9649688073174513	0.9625033230790456
-0.3953953953953954	1.0050674414915048	1.0023937034963957
-0.38538538538538536	1.0484031894879209	1.0455063318508364
-0.37537537537537535	1.0953230751079899	1.0921865797587285
-0.36536536536536535	1.1462222720865674	1.142827741246653
-0.35535535535535534	1.2015523389736975	1.1978792288294748
-0.34534534534534533	1.2618311449874797	1.2578564526216158
-0.3353353353353353	1.32765489550519	1.3233527892441683
-0.3253253253253253	1.3997127803839833	1.3950541612747376
-0.3153153153153153	1.4788049196154334	1.4737568986062601
-0.3053053053053053	1.5658644823536674	1.5603897536760063
-0.2952952952952953	1.661985126047601	1.6560412119755852
-0.2852852852852853	1.7684552693051496	1.7619936044492746
-0.2752752752752753	1.886801214163066	1.8797660281321789
-0.2652652652652653	2.0188418274711366	2.011168772229399
-0.2552552552552553	2.166758461030368	2.1583729123307918
-0.24524524524524524	2.333185161500989	2.3240001005827873
-0.23523523523523523	2.5213261844320556	2.5112395340534226
-0.22522522522522523	2.7351106755306454	2.7240019194034404
-0.21521521521521522	2.9793985760887383	2.967124426891991
-0.20520520520520522	3.2602580806530335	3.2466468697986017
-0.19519519519519518	3.585344513126109	3.570188840967495
-0.18518518518518517	3.964425264859697	3.947472250155029
-0.17517517517517517	4.410118799834435	4.391056964823397
-0.16516516516516516	4.9389534914359405	4.917394852158237
-0.15515515515515516	5.572914595107692	5.548369790684792
-0.14514514514514515	6.341754085055732	6.3135971915321845
-0.13513513513513514	7.286524728630293	7.25394243394369
-0.12512512512512514	8.465138366707546	8.427054824436121
-0.11511511511511512	9.961386523348237	9.916349285643005
-0.10510510510510511	11.900117641478717	11.846119268408225
-0.09509509509509509	14.473864550875126	14.408053971619196
-0.08508508508508508	17.991915245219833	17.910112223974153
-0.07507507507507508	22.976197321967817	22.87203870086816
-0.06506506506506507	30.362393206171966	30.225755125088696
-0.055055055055055056	41.96025877155852	41.774183297815966
-0.04504504504504504	61.62941051654751	61.36385387061149
-0.035035035035035036	98.73486883331724	98.33431387779827
-0.025025025025025027	180.27435526772092	179.64581500024198
-0.015015015015015015	401.6958824843884	400.92558141819757
-0.005005005005005005	1042.18001781915	1044.9543380319487
0.005005005005005005	1042.180017819121	1044.9543380320772
0.015015015015015015	401.69588248437526	400.925581418264
0.025025025025025027	180.2743552677217	179.64581500025463
0.035035035035035036	98.73486883331238	98.33431387780767
0.04504504504504504	61.62941051655473	61.36385387061416
0.055055055055055056	41.96025877156072	41.77418329781307
0.06506506506506507	30.36239320617153	30.225755125086195
0.07507507507507508	22.976197321966794	22.872038700866884
0.08508508508508508	17.991915245220916	17.910112223974288
0.09509509509509509	14.473864550873506	14.408053971619772
0.10510510510510511	11.90011764147867	11.846119268407874
0.11511511511511512	9.961386523348153	9.91634928564298
0.12512512512512514	8.4651383667072	8.427054824435542
0.13513513513513514	7.286524728629507	7.253942433942421
0.14514514514514515	6.341754085056114	6.313597191531708
0.15515515515515516	5.572914595106699	5.548369790684965
0.16516516516516516	4.938953491435905	4.9173948521581945
0.17517517517517517	4.410118799834251	4.39105696482321
0.18518518518518517	3.964425264859829	3.9474722501549846
0.19519519519519518	3.585344513126202	3.570188840967218
0.20520520520520522	3.260258080652912	3.2466468697985715
0.21521521521521522	2.979398576088822	2.9671244268915506
0.22522522522522523	2.735110675530617	2.7240019194033196
0.23523523523523523	2.521326184432215	2.5112395340529616
0.24524524524524524	2.333185161501211	2.3240001005826105
0.2552552552552553	2.1667584610304282	2.1583729123303432
0.2652652652652653	2.0188418274712547	2.011168772229114
0.2752752752752753	1.8868012141631216	1.8797660281318407
0.2852852852852853	1.7684552693051485	1.7619936044490214
0.2952952952952953	1.6619851260477507	1.6560412119754058
0.3053053053053053	1.5658644823536556	1.5603897536757334
0.3153153153153153	1.4788049196153767	1.4737568986059577
0.3253253253253253	1.3997127803839298	1.395054161274496
0.3353353353353353	1.327654895505177	1.32335278924401
0.34534534534534533	1.261831144987481	1.2578564526212863
0.35535535535535534	1.2015523389738416	1.1978792288291933
0.36536536536536535	1.1462222720866684	1.1428277412465173
0.37537537537537535	1.0953230751080192	1.0921865797585049
0.38538538538538536	1.0484031894879482	1.0455063318505957
0.3953953953953954	1.0050674414915022	1.0023937034961288
0.40540540540540543	0.9649688073174698	0.9625033230788496
0.41541541541541543	0.9278015478590788	0.9255309085253466
0.42542542542542544	0.8932954588630811	0.8912075445906164
0.43543543543543545	0.8612110341205422	0.8592948688801034
0.44544544544544545	0.8313353797039984	0.8295810053821436
0.45545545545545546	0.8034787488880333	0.8018771157592882
0.46546546546546547	0.7774715923009219	0.7760144634417453
0.4754754754754755	0.7531620375875653	0.7518419052054675
0.4854854854854855	0.7304137285780262	0.7292237405590946
0.4954954954954955	0.7091039665331115	0.7080378617818369
0.5055055055055055	0.6891221061565443	0.6881741575220262
0.5155155155155156	0.6703681672337227	0.6695331310049997
0.5255255255255256	0.6527516293982603	0.6520247005001836
0.5355355355355356	0.6361903829291669	0.6355671550812668
0.5455455455455456	0.6206098129129077	0.620086243118993
0.5555555555555556	0.6059419977403755	0.605514374566483
0.5655655655655656	0.5921250059089928	0.5917899210835372
0.5755755755755756	0.5791022775837882	0.5788566005173534
0.5855855855855856	0.5668220794359132	0.5666629343116031
0.5955955955955956	0.5552370229948034	0.5551617681276358
0.6056056056056056	0.5443036381907377	0.5443098473926055
0.6156156156156156	0.5339819949703158	0.5340674406908102
0.6256256256256256	0.5242353668817251	0.5243980049241419
0.6356356356356356	0.515029931385194	0.5152678870220065
0.6456456456456456	0.5063345023683021	0.5066460577008647
0.6556556556556556	0.49812029096125193	0.49850387338725166
0.6656656656656657	0.49036069127065435	0.4908148629391062
0.6756756756756757	0.483031088097689	0.48355453624445016
0.6856856856856857	0.4761086840880895	0.4767002121568674
0.6956956956956957	0.46957234408842025	0.47023086355298094
0.7057057057057057	0.4634024547655995	0.46412697757755456
0.7157157157157157	0.457580797787444	0.4583704293820038
0.7257257257257257	0.45209043507241214	0.452944367871552
0.7357357357357357	0.4469156047967638	0.44783311215499916
0.7457457457457457	0.44204162700444455	0.4430220575475559
0.7557557557557557	0.43745481780066203	0.43849759011306577
0.7657657657657657	0.43314241122919805	0.4342470088487285
0.7757757757757757	0.42909248803592454	0.4302584547189329
0.7857857857857858	0.42529391061178384	0.42652084583457595
0.7957957957957958	0.42173626348687665	0.42302381815184664
0.8058058058058059	0.4184097988164444	0.4197576711344428
0.8158158158158159	0.4153053863605476	0.41671331788190136
0.8258258258258259	0.4124144675119678	0.4138822392816899
0.8358358358358359	0.40972901297419784	0.4112564417878627
0.8458458458458459	0.407241483732708	0.40882841847106927
0.8558558558558559	0.4049447949991717	0.40659111302072104
0.8658658658658659	0.4028322828407115	0.40453788641292504
0.8758758758758759	0.4008976732350242	0.40266248598542626
0.8858858858858859	0.3991350533174165	0.400959016686929
0.8958958958958959	0.39753884460857364	0.3994219142904094
0.9059059059059059	0.3961037780322213	0.39804592037990816
0.9159159159159159	0.3948248705490308	0.39682605893823386
0.9259259259259259	0.39369740325041236	0.3957576143796313
0.9359359359359359	0.39271690076851906	0.3948361108844472
0.9459459459459459	0.39187911187366026	0.39405729290726826
0.955955955955956	0.39117999113996416	0.39341710674031777
0.965965965965966	0.39061568157203086	0.3929116830251776
0.975975975975976	0.39018249809376493	0.392537320114847
0.985985985985986	0.38987691181020273	0.39229046819699653
0.995995995995996	0.389695534959588	0.39216771409757256
1.006006006006006	0.3896351064817525	0.39216576669005376
1.016016016016016	0.3896924781339887	0.39228144284354705
1.026026026026026	0.3898646010926559	0.3925116538486295
1.0360360360360361	0.390148512984304	0.3928533922652621
1.0460460460460461	0.3905413252951731	0.3933037191437483
1.0560560560560561	0.39104021111338716	0.39385975157361736
1.0660660660660661	0.39164239316318006	0.3945186505216338
1.0760760760760761	0.3923451320945158	0.3952776089241087
1.0860860860860861	0.3931457149971702	0.39613384000429813
1.0960960960960962	0.3940414441119459	0.3970845657898068
1.1061061061061062	0.39502962571696815	0.39812700581025084
1.1161161161161162	0.3961075591710168	0.399258365959985
1.1261261261261262	0.3972725261009962	0.40047582751560695
1.1361361361361362	0.39852177972482694	0.40177653630316507
1.1461461461461462	0.399852534306558	0.4031575920148482
1.1561561561561562	0.40126195474469084	0.404616037680416
1.1661661661661662	0.40274714630036845	0.406148849304047
1.1761761761761762	0.4043051444775461	0.40775292568293314
1.1861861861861862	0.40593290507192387	0.40942507842953046
1.1961961961961962	0.40762729441209894	0.41116202222573695
1.2062062062062062	0.40938507982164574	0.41296036534314035
1.2162162162162162	0.41120292033715666	0.41481660046977353
1.2262262262262262	0.41307735772296317	0.416727095890402
1.2362362362362362	0.4150048078305712	0.4186880870737476
1.2462462462462462	0.4169815523559576	0.4206956687263128
1.2562562562562563	0.4190037310553042	0.42274578737942364
1.2662662662662663	0.4210673344856017	0.42483423458193936
1.2762762762762763	0.4231681973426469	0.4269566407771863
1.2862862862862863	0.4253019924755075	0.42910846994906343
1.2962962962962963	0.42746422566159403	0.43128501512636574
1.3063063063063063	0.42965023123207635	0.43348139484035564
1.3163163163163163	0.4318551686417203	0.4356925506334753
1.3263263263263263	0.43407402008144974	0.4379132457209836
1.3363363363363363	0.43630158923449097	0.4401380649082457
1.3463463463463463	0.4385325012789392	0.442361415868199
1.3563563563563563	0.44076120424064746	0.44457753188162025
1.3663663663663663	0.44298197179860516	0.44678047614122446
1.3763763763763763	0.44518890764327945	0.44896414771546306
1.3863863863863863	0.4473759514837749	0.4511222892624774
1.3963963963963963	0.44953688679315507	0.4532484965754078
1.4064064064064064	0.4516653503732238	0.4553362300297984
1.4164164164164164	0.4537548438088606	0.45737882799064006
1.4264264264264264	0.4557987468690953	0.45936952222065935
1.4364364364364364	0.45779033289643994	0.46130145531347727
1.4464464464464464	0.4597227862077068	0.46316770015437386
1.4564564564564564	0.46158922150926984	0.46496128138859094
1.4664664664664664	0.46338270530640396	0.4666751988513986
1.4764764764764764	0.4650962792615896	0.4683024528874828
1.4864864864864864	0.46672298542917534	0.46983607145766226
1.4964964964964964	0.4682558932657124	0.4712691389014419
1.5065065065065064	0.46968812828425777	0.47259482619241977
1.5165165165165164	0.47101290219138814	0.47380642249266547
1.5265265265265264	0.472223544313796	0.47489736778141045
1.5365365365365364	0.47331353409109567	0.47586128630338087
1.5465465465465464	0.47427653438177003	0.4766920205546233
1.5565565565565564	0.47510642530176017	0.4773836654976412
1.5665665665665667	0.47579733828907156	0.47793060267590415
1.5765765765765767	0.47634369006693916	0.4783275338794989
1.5865865865865867	0.47674021615865503	0.47856951400005315
1.5965965965965967	0.47698200359490944	0.47865198270507403
1.6066066066066067	0.47706452244546155	0.4785707945593412
1.6166166166166167	0.4769836558053355	0.4783222472250965
1.6266266266266267	0.47673572786895047	0.4779031073831853
1.6366366366366367	0.47631752973653896	0.4773106340342358
1.6466466466466467	0.4757263426139395	0.4765425988632801
1.6566566566566567	0.47495995809038416	0.47559730338074635
1.6666666666666667	0.4740166952091652	0.47447359258934974
1.6766766766766767	0.4728954140817003	0.4731708649678663
1.6866866866866868	0.4715955258368373	0.4716890786089373
1.6966966966966968	0.4701169987433246	0.4700287533980209
1.7067067067067068	0.46846036039281747	0.4681909691735151
1.7167167167167168	0.4666266958835354	0.4661773598621777
1.7267267267267268	0.4646176419981529	0.4639901036389093
1.7367367367367368	0.46243537742477936	0.46163190921434727
1.7467467467467468	0.4600826091228257	0.4591059984050649
1.7567567567567568	0.4575625549883876	0.45641608519154586
1.7667667667667668	0.45487892302173316	0.45356635151289754
1.7767767767767768	0.452035887245232	0.45056142008863187
1.7867867867867868	0.44903806065937235	0.4474063245909908
1.7967967967967968	0.4458904655591825	0.4441064775204188
1.8068068068068068	0.44259850156102176	0.44066763615722615
1.8168168168168168	0.43916791171110864	0.43709586697732955
1.8268268268268268	0.43560474706147684	0.4333975089267408
1.8368368368368369	0.4319153301060331	0.42957913595012925
1.8468468468468469	0.4281062174703048	0.42564751916255483
1.8568568568568569	0.4241841622418538	0.4216095890408281
1.8668668668668669	0.4201560763164686	0.4174723979933715
1.8768768768768769	0.4160289931174453	0.4132430836445571
1.8868868868868869	0.41181003102253766	0.40892883314265543
1.896896896896897	0.4075063578066584	0.4045368487704819
1.906906906906907	0.40312515637857005	0.4000743151051008
1.916916916916917	0.3986735920572245	0.3955483679389293
1.926926926926927	0.39415878159943707	0.39096606513933824
1.936936936936937	0.38958776415577173	0.3863343595886723
1.946946946946947	0.38496747429650724	0.38166007431214266
1.956956956956957	0.3803047172149722	0.3769498798675317
1.966966966966967	0.37560614618236365	0.37221027403877216
1.976976976976977	0.3708782422965561	0.36744756384610067
1.986986986986987	0.3661272965378572	0.36266784985808465
1.996996996996997	0.36135939411734636	0.35787701276634587
2.007007007007007	0.3565804010796129	0.35308070216230686
2.017017017017017	0.35179595309927786	0.3482843274365085
2.027027027027027	0.3470114463928532	0.3434930507050931
2.037037037037037	0.34223203065105895	0.33871178165549654
2.047047047047047	0.33746260388443144	0.33394517419313646
2.057057057057057	0.3327078090643824	0.3291976247633521
2.067067067067067	0.3279720324349739	0.32447327221788025
2.0770770770770772	0.32325940336509085	0.31977599909249055
2.0870870870870872	0.31857379560831117	0.31510943416146386
2.0970970970970972	0.3139188298367724	0.31047695613569015
2.1071071071071072	0.3092978773161786	0.30588169837369616
2.1171171171171173	0.3047140645919395	0.3013265544788385
2.1271271271271273	0.3001702790600582	0.2968141846606958
2.1371371371371373	0.2956691753010345	0.2923470227446189
2.1471471471471473	0.2912131820615239	0.2879272837200026
2.1571571571571573	0.28680450977404215	0.2835569717244149
2.1671671671671673	0.28244515851276486	0.27923788836857616
2.1771771771771773	0.2781369262901323	0.27497164131414353
2.1871871871871873	0.2738814176067933	0.2707596530241946
2.1971971971971973	0.26968005217466284	0.2666031696135007
2.2072072072072073	0.26553407374064036	0.26250326973313576
2.2172172172172173	0.2614445589453324	0.25846087343106633
2.2272272272272273	0.2574124261587852	0.2544767509371271
2.2372372372372373	0.2534384442415273	0.25055153132731933
2.2472472472472473	0.24952324118598193	0.24668571102840398
2.2572572572572573	0.24566731259923114	0.24287966212953596
2.2672672672672673	0.24187102999399485	0.23913364047304936
2.2772772772772774	0.2381346488596842	0.23544779350113085
2.2872872872872874	0.23445831649064722	0.23182216784003581
2.2972972972972974	0.23084207955284486	0.22825671660709299
2.3073073073073074	0.22728589137449184	0.22475130642983937
2.3173173173173174	0.22378961894977886	0.22130572416959507
2.3273273273273274	0.22035304964807037	0.21791968334495598
2.3373373373373374	0.21697589762399466	0.21459283025316997
2.3473473473473474	0.21365780992623404	0.21132474978959415
2.3573573573573574	0.21039837230541075	0.20811497096750592
2.3673673673673674	0.2071971147230667	0.20496297214220557
2.3773773773773774	0.20405351656573928	0.20186818594469477
2.3873873873873874	0.2009670115693952	0.1988300039315616
2.3973973973973974	0.19793699246074356	0.19584778095863686
2.4074074074074074	0.19496281532298265	0.19292083928671153
2.4174174174174174	0.19204380369428153	0.190048472428487
2.4274274274274275	0.18917925240799457	0.1872299487460812
2.4374374374374375	0.18636843118405053	0.18446451480903583
2.4474474474474475	0.18361058798132643	0.1817513985229102
2.4574574574574575	0.18090495212107058	0.17908981203862534
2.4674674674674675	0.17825073719152648	0.17647895445278544
2.4774774774774775	0.17564714374394227	0.17391801430928164
2.4874874874874875	0.17309336179028154	0.17140617191218196
2.4974974974974975	0.17058857311245215	0.1689426014598385
2.5075075075075075	0.16813195339326767	0.16652647301005497
2.5175175175175175	0.16572267417858333	0.16415695428568863
2.5275275275275275	0.16335990468027783	0.16183321232996178
2.5375375375375375	0.16104281342908974	0.1595544150203207
2.5475475475475475	0.1587705697863744	0.1573197324495506
2.5575575575575575	0.15654234532318764	0.15512833818230423
2.5675675675675675	0.1543573150750885	0.1529794103949768
2.5775775775775776	0.15221465868043324	0.15087213290656615
2.5875875875875876	0.15011356140980234	0.14880569610768973
2.5975975975975976	0.14805321509379413	0.1467792977946168
2.6076076076076076	0.14603281895592746	0.14479214391493944
2.6176176176176176	0.14405158035730886	0.14284344923097383
2.6276276276276276	0.1421087154592257	0.14093243790687285
2.6376376376376376	0.14020344980944685	0.13905834402491377
2.6476476476476476	0.13833501885785984	0.13722041203621568
2.6576576576576576	0.13650266840666658	0.13541789715086064
2.6676676676676676	0.13470565499997605	0.13365006567201895
2.6776776776776776	0.1329432462575424	0.13191619527844406
2.6876876876876876	0.131214721156915	0.13021557525946761
2.6976976976976976	0.12951937026815363	0.1285475067062795
2.7077077077077076	0.12785649594490434	0.1269113026631274
2.7177177177177176	0.12622541247540858	0.12530628824177886
2.7277277277277276	0.12462544619685809	0.12373180070240547
2.7377377377377377	0.12305593557619739	0.1221871895037548
2.7477477477477477	0.12151623126024826	0.12067181632544273
2.7577577577577577	0.12000569609800786	0.11918505506480782
2.7677677677677677	0.11852370513752011	0.11772629181076585
2.7777777777777777	0.11706964559978149	0.11629492479680632
2.7877877877877877	0.11564291683181037	0.11489036433521131
2.7977977977977977	0.11424293024097937	0.11351203273437006
2.8078078078078077	0.1128691092124512	0.11215936420094416
2.8178178178178177	0.11152088901146713	0.11083180472850475
2.8278278278278277	0.11019771667214331	0.10952881197413727
2.8378378378378377	0.10889905087424788	0.10824985512440735
2.8478478478478477	0.10762436180935928	0.1069944147519579
2.8578578578578577	0.10637313103763446	0.10576198266391801
2.8678678678678677	0.1051448513364342	0.10455206174321197
2.8778778778778777	0.10393902654182809	0.10336416578373644
2.8878878878878878	0.10275517138400184	0.10219781932037392
2.8978978978978978	0.10159281131749305	0.10105255745461968
2.9079079079079078	0.10045148234704293	0.09992792567665884
2.9179179179179178	0.09933073084988982	0.09882347968449849
2.9279279279279278	0.0982301133951814	0.09773878520092784
2.937937937937938	0.09714919656111419	0.09667341778876984
2.947947947947948	0.09608755675046657	0.09562696266500714
2.957957957957958	0.09504478000497274	0.09459901451431522
2.967967967967968	0.09402046181905954	0.09358917730232037
2.977977977977978	0.0930142069533782	0.09259706408910079
2.987987987987988	0.09202562924855344	0.09162229684323836
2.997997997997998	0.09105435143944447	0.09066450625670909
3.008008008008008	0.09010000497031352	0.08972333156096646
3.018018018018018	0.08916222981112959	0.08879842034444733
3.028028028028028	0.08824067427532416	0.08788942837169933
3.038038038038038	0.08733499483914753	0.08699601940441068
3.048048048048048	0.08644485596294155	0.0861178650244374
3.058058058058058	0.08556992991440249	0.08525464445905667
3.068068068068068	0.08470989659405365	0.08440604440855051
3.078078078078078	0.08386444336307483	0.0835717588762241
3.088088088088088	0.08303326487353786	0.08275148900103063
3.098098098098098	0.08221606290125105	0.08194494289280045
3.108108108108108	0.0814125461812285	0.08115183547023055
3.118118118118118	0.08062243024587089	0.08037188830161773
3.1281281281281283	0.07984543726594175	0.07960482944848148
3.1381381381381384	0.07908129589437504	0.07885039331199885
3.1481481481481484	0.07832974111294146	0.07810832048238431
3.1581581581581584	0.07759051408182734	0.07737835759116873
3.1681681681681684	0.0768633619921074	0.07666025716641735
3.1781781781781784	0.07614803792118137	0.07595377749088943
3.1881881881881884	0.07544430069110894	0.07525868246311249
3.1981981981981984	0.07475191472989595	0.07457474146141518
3.2082082082082084	0.07407064993570163	0.07390172921084322
3.2182182182182184	0.07340028154395131	0.0732394256529795
3.2282282282282284	0.07274058999733643	0.07258761581864577
3.2382382382382384	0.07209136081869898	0.07194608970343729
3.2482482482482484	0.07145238448673644	0.0713146421460761
3.2582582582582584	0.0708234563145431	0.07069307270955483
3.2682682682682684	0.07020437633090167	0.07008118556500839
3.2782782782782784	0.06959494916435316	0.06947878937833377
3.2882882882882885	0.06899498392994527	0.06888569719942837
3.2982982982982985	0.06840429411867181	0.06830172635410775
3.3083083083083085	0.06782269748951086	0.06772669833857309
3.3183183183183185	0.06725001596407523	0.06716043871644564
3.3283283283283285	0.0666860755237821	0.06660277701827849
3.3383383383383385	0.0661307061095339	0.06605354664354715
3.3483483483483485	0.06558374152382149	0.06551258476501104
3.3583583583583585	0.06504501933527178	0.06497973223546923
3.3683683683683685	0.06451438078550896	0.06445483349680645
3.3783783783783785	0.0639916706983626	0.06393773649130623
3.3883883883883885	0.06347673739129611	0.06342829257519483
3.3983983983983985	0.0629694325890993	0.06292635643433518
3.4084084084084085	0.06246961133970855	0.06243178600207368
3.4184184184184185	0.06197713193217687	0.06194444237912435
3.4284284284284285	0.06149185581668064	0.06146418975552687
3.4384384384384385	0.06101364752660768	0.06099089533454869
3.4484484484484486	0.06054237460257724	0.060524429258551664
3.4584584584584586	0.060077907518425004	0.060064664536757136
3.4684684684684686	0.059620119609067546	0.059611476974822504
3.4784784784784786	0.059168887000221965	0.0591647451062676
3.4884884884884886	0.058724088539910846	0.05872435012563083
3.4984984984984986	0.05828560573175591	0.058290175823366625
3.5085085085085086	0.057853322669950975	0.0578621085223938
3.5185185185185186	0.05742712597593892	0.05744003701631042
3.5285285285285286	0.05700690473671596	0.057023852509168096
3.5385385385385386	0.056592550444715096	0.05661344855684363
3.5485485485485486	0.05618395693924851	0.05620872100987326
3.5585585585585586	0.05578102034948147	0.055809567957817566
3.5685685685685686	0.05538363903885435	0.055415889675031964
3.5785785785785786	0.05499171355095188	0.055027588567844135
3.5885885885885886	0.05460514655678775	0.05464456912311945
3.5985985985985987	0.05422384280343111	0.05426673785812424
3.6086086086086087	0.05384770906398008	0.053894003271713606
3.6186186186186187	0.05347665408882026	0.05352627579677491
3.6286286286286287	0.05311058855815392	0.05316346775389352
3.6386386386386387	0.05274942503574017	0.052805493306223195
3.6486486486486487	0.052393077923859985	0.05245226841552264
3.6586586586586587	0.05204146341941624	0.05210371079933092
3.6686686686686687	0.05169449947118894	0.051759739889240444
3.6786786786786787	0.051352105738180415	0.05142027679024698
3.6886886886886887	0.05101420354905077	0.051085244241161676
3.6986986986986987	0.05068071586257743	0.05075456657602577
3.7087087087087087	0.05035156722916443	0.05042816968652867
3.7187187187187187	0.050026683753305545	0.05010598098538252
3.7287287287287287	0.04970599305705364	0.0497879293706539
3.7387387387387387	0.049389424244384465	0.04947394519099169
3.7487487487487487	0.04907690786652027	0.04916396021176466
3.7587587587587588	0.04876837588810837	0.04885790758204753
3.7687687687687688	0.048463761654272255	0.048555721802462704
3.7787787787787788	0.048162999858532986	0.04825733869384984
3.7887887887887888	0.0478660265115056	0.04796269536670983
3.798798798798799	0.047572778910425856	0.04767173019144864
3.808808808808809	0.047283195609446736	0.047384382769381
3.818818818818819	0.04699721639068344	0.04710059390444638
3.828828828828829	0.046714782235999605	0.046820305575662406
3.838838838838839	0.04643583529950725	0.04654346091026599
3.848848848848849	0.04616031888076556	0.04627000415754946
3.858858858858859	0.04588817739865038	0.04599988066332599
3.868868868868869	0.04561935636589589	0.04573303684506418
3.878878878878879	0.0453538023642617	0.04546942016764928
3.888888888888889	0.045091463020338694	0.045208979119722006
3.898898898898899	0.04483228698195214	0.044951663190655994
3.908908908908909	0.04457622389516439	0.0446974228480692
3.918918918918919	0.044323224381846896	0.044446209515920966
3.928928928928929	0.04407324001781676	0.04419797555314932
3.938938938938939	0.04382622331151102	0.0439526742328324
3.948948948948949	0.043582127683208405	0.043710259721883006
3.958958958958959	0.043340907444740825	0.04347068706122875
3.968968968968969	0.0431025177797348	0.043233912146496745
3.978978978978979	0.042866914724318576	0.042999891709158695
3.988988988988989	0.042634055148329776	0.04276858329815868
3.998998998998999	0.04240389673695741	0.04253994526198033
4.009009009009009	0.04217639797285929	0.042313936731159775
4.019019019019019	0.04195151811871318	0.04209051760122185
4.029029029029029	0.04172921720017856	0.04186964851603489
4.039039039039039	0.04150945598929868	0.04165129085157233
4.049049049049049	0.041292195988294436	0.041435406700072924
4.059059059059059	0.0410773994137494	0.041221958854580305
4.069069069069069	0.04086502918118737	0.04101091079384672
4.079079079079079	0.040655048890022735	0.04080222666762901
4.089089089089089	0.04044742280886571	0.040595871282314115
4.099099099099099	0.04024211586119187	0.040391810086899176
4.109109109109109	0.04003909361135605	0.0401900091593136
4.119119119119119	0.039838322250934144	0.03999043519305529
4.129129129129129	0.0396397685853965	0.03979305548416098
4.1391391391391394	0.03944340002110511	0.03959783791848101
4.1491491491491495	0.03924918455261422	0.039404750959247316
4.1591591591591595	0.03905709075027526	0.039213763634957606
4.1691691691691695	0.03886708774813517	0.039024845527528156
4.1791791791791795	0.03867914523212354	0.0388379667607327
4.1891891891891895	0.03849323342852196	0.03865309798891418
4.1991991991991995	0.03830932309269311	0.03847021038596353
4.2092092092092095	0.038127385498085635	0.03828927563455271
4.2192192192192195	0.03794739242550128	0.038110265915625635
4.2292292292292295	0.03776931615259914	0.0379331538981298
4.2392392392392395	0.03759312944365378	0.03775791272898794
4.2492492492492495	0.03741880553955434	0.03758451602329923
4.2592592592592595	0.03724631814802577	0.03741293785477841
4.2692692692692695	0.03707564143409445	0.037243152746410366
4.2792792792792795	0.03690675001075349	0.037075135661309495
4.2892892892892895	0.036739618929859705	0.03690886199381095
4.2992992992992995	0.036574223673234804	0.036744307560748056
4.3093093093093096	0.036410540143962306	0.03658144859293613
4.31931931931932	0.036248544657904884	0.036420261726856244
4.32932932932933	0.03608821393539383	0.03626072399651742
4.33933933933934	0.03592952509312005	0.036102812825518346
4.34934934934935	0.03577245563620618	0.03594650601927062
4.35935935935936	0.03561698345045994	0.03579178175741481
4.36936936936937	0.035463086794802076	0.035638618586398475
4.37937937937938	0.0353107442938659	0.03548699541222919
4.38938938938939	0.035159934930758446	0.03533689149337719
4.3993993993994	0.03501063803999816	0.03518828643385489
4.40940940940941	0.0348628333005904	0.03504116017642685
4.41941941941942	0.034716500729282736	0.03489549299600561
4.42942942942943	0.03457162067394249	0.03475126549315719
4.43943943943944	0.034428173807105326	0.034608458587776274
4.44944944944945	0.034286141119656326	0.034467053512890894
4.45945945945946	0.03414550391465694	0.034327031808611186
4.46946946946947	0.03400624380129097	0.034188375316197596
4.47947947947948	0.03386834268897315	0.034051066172273776
4.48948948948949	0.03373178278155968	0.033915086803160764
4.4994994994995	0.03359654657170703	0.033780419919340034
4.50950950950951	0.03346261683533149	0.033647048510020955
4.51951951951952	0.03332997662621558	0.033514955837845445
4.52952952952953	0.03319860927071074	0.033384125433701964
4.53953953953954	0.03306849836256831	0.03325454109164326
4.54954954954955	0.03293962775786988	0.03312618686392552
4.55955955955956	0.032811981570083346	0.032999047056151455
4.56956956956957	0.03268554416520953	0.03287310622250586
4.57957957957958	0.0325603001570451	0.03274834916111583
4.58958958958959	0.03243623440254175	0.03262476090948509
4.5995995995996	0.03231333199725945	0.03250232674005041
4.60960960960961	0.03219157827092779	0.03238103215580748
4.61961961961962	0.0320709587831016	0.03226086288605439
4.62962962962963	0.03195145931888862	0.03214180488220472
4.63963963963964	0.031833065884798145	0.032023844313698896
4.64964964964965	0.031715764704652386	0.031906967564005295
4.65965965965966	0.03159954221559795	0.03179116122669583
4.66966966966967	0.031484385064194105	0.031676412101606835
4.67967967967968	0.03137028010258724	0.031562707191088155
4.68968968968969	0.0312572143847629	0.03145003369631487
4.6996996996997	0.031145175162879443	0.03133837901369518
4.70970970970971	0.03103414988367078	0.031227730731334145
4.71971971971972	0.030924126184932472	0.031118076625582948
4.72972972972973	0.030815091892074802	0.0310094046576533
4.73973973973974	0.030707035014751152	0.030901702970310176
4.74974974974975	0.03059994374355022	0.030794959884615107
4.75975975975976	0.030493806446760263	0.030689163896756882
4.76976976976977	0.03038861166720374	0.030584303674932187
4.77977977977978	0.030284348119122815	0.030480368056295705
4.78978978978979	0.03018100468514764	0.030377346043974934
4.7997997997998	0.03007857041330867	0.03027522680413697
4.80980980980981	0.029977034514120413	0.03017399966312551
4.81981981981982	0.029876386357723685	0.03007365410464303
4.82982982982983	0.029776615471074453	0.02997417976700556
4.83983983983984	0.029677711535211055	0.029875566440437797
4.84984984984985	0.029579664382549456	0.029777804064426327
4.85985985985986	0.02948246399425171	0.02968088272513808
4.86986986986987	0.02938610049764677	0.029584792652868067
4.87987987987988	0.02929056416369234	0.029489524219556893
4.88988988988989	0.02919584540449347	0.029395067936351594
4.8998998998999	0.029101934770870353	0.029301414451207815
4.90990990990991	0.029008822949971876	0.029208554546551694
4.91991991991992	0.02891650076294243	0.029116479136976993
4.92992992992993	0.028824959162625726	0.02902517926699147
4.93993993993994	0.028734189231315765	0.028934646108814823
4.94994994994995	0.02864418217856743	0.02884487096020346
4.95995995995996	0.028554929339021064	0.028755845242332517
4.96996996996997	0.028466422170295713	0.028667560497712616
4.97997997997998	0.02837865225091033	0.02858000838814754
4.98998998998999	0.028291611278245882	0.028493180692732475
5.0	0.028205291066552854	0.02840706930588844
