-5.0	0.005387397321325735	0.007320393561502828
-4.98998998998999	0.0054027245427004465	0.007339066990089743
-4.97997997997998	0.005418198551355139	0.007357911843844614
-4.96996996996997	0.005433821320680543	0.007376930327848962
-4.95995995995996	0.0054495948583276315	0.007396124683802627
-4.94994994994995	0.005465521206955812	0.007415497190771074
-4.93993993993994	0.005481602444960016	0.007435050165943465
-4.92992992992993	0.005497840687249915	0.00745478596542071
-4.91991991991992	0.005514238086034799	0.007474706985014908
-4.90990990990991	0.0055307968316253625	0.007494815661063848
-4.8998998998999	0.005547519153264755	0.007515114471280583
-4.88988988988989	0.005564407319976777	0.007535605935607231
-4.87987987987988	0.005581463641433053	0.00755629261710335
-4.86986986986987	0.005598690468846892	0.007577177122841589
-4.85985985985986	0.005616090195893359	0.007598262104845486
-4.84984984984985	0.005633665259641953	0.0076195502610314015
-4.83983983983984	0.005651418141526677	0.00764104433617896
-4.82982982982983	0.005669351368333278	0.007662747122942234
-4.81981981981982	0.005687467513214589	0.0076846614628564855
-4.80980980980981	0.005705769196735405	0.007706790247400156
-4.7997997997998	0.0057242590879439574	0.007729136419058702
-4.78978978978979	0.005742939905462336	0.007751702972445998
-4.77977977977978	0.005761814418633301	0.007774492955408723
-4.76976976976977	0.005780885448661492	0.0077975094702128645
-4.75975975975976	0.005800155869807094	0.007820755674715242
-4.74974974974975	0.005819628610621283	0.007844234783596702
-4.73973973973974	0.0058393066551889585	0.00786795006960557
-4.72972972972973	0.005859193044426714	0.0078919048648522
-4.71971971971972	0.005879290877400567	0.007916102562117965
-4.70970970970971	0.005899603312702267	0.007940546616219428
-4.6996996996997	0.005920133569839444	0.007965240545388219
-4.68968968968969	0.0059408849306732785	0.007990187932704344
-4.67967967967968	0.005961860740910754	0.008015392427558188
-4.66966966966967	0.005983064411612512	0.008040857747153938
-4.65965965965966	0.0060044994207685805	0.008066587678051884
-4.64964964964965	0.006026169314893326	0.008092586077758335
-4.63963963963964	0.006048077710698718	0.008118856876349488
-4.62962962962963	0.00607022829677541	0.008145404078146271
-4.61961961961962	0.006092624835360605	0.008172231763428513
-4.60960960960961	0.006115271164125234	0.008199344090208085
-4.5995995995996	0.00613817119804051	0.008226745296035112
-4.58958958958959	0.006161328931268985	0.008254439699865715
-4.57957957957958	0.006184748439144209	0.008282431703976531
-4.56956956956957	0.006208433880178285	0.008310725795932627
-4.55955955955956	0.0062323894981447	0.008339326550612229
-4.54954954954955	0.006256619624224563	0.008368238632288905
-4.53953953953954	0.006281128679201671	0.008397466796769202
-4.52952952952953	0.006305921175746082	0.008427015893588179
-4.51951951951952	0.006331001720737888	0.008456890868284118
-4.50950950950951	0.006356375017691003	0.008487096764715039
-4.4994994994995	0.006382045869219757	0.008517638727452719
-4.48948948948949	0.0064080191796123676	0.008548522004251411
-4.47947947947948	0.00643429995745272	0.008579751948580587
-4.46946946946947	0.0064608933183464825	0.00861133402222675
-4.45945945945946	0.006487804487719417	0.00864327379798455
-4.44944944944945	0.006515038803693242	0.008675576962414725
-4.43943943943944	0.006542601720077085	0.00870824931869049
-4.42942942942943	0.006570498809431557	0.008741296789522339
-4.41941941941942	0.006598735766228349	0.008774725420178165
-4.40940940940941	0.006627318410125138	0.008808541381580505
-4.3993993993994	0.006656252689329109	0.008842750973509811
-4.38938938938939	0.006685544684074955	0.008877360627900373
-4.37937937937938	0.006715200610212551	0.008912376912226284
-4.36936936936937	0.006745226822905724	0.008947806533003902
-4.35935935935936	0.006775629820464852	0.00898365633939533
-4.34934934934935	0.0068064162482838735	0.009019933326921262
-4.33933933933934	0.006837592902918882	0.009056644641286719
-4.32932932932933	0.006869166736294833	0.009093797582330095
-4.31931931931932	0.006901144860057697	0.009131399608098188
-4.3093093093093096	0.006933534550062964	0.009169458339026413
-4.2992992992992995	0.006966343251013898	0.00920798156228855
-4.2892892892892895	0.00699957858126006	0.009246977236241606
-4.2792792792792795	0.007033248337756208	0.009286453495043914
-4.2692692692692695	0.007067360501186043	0.009326418653404818
-4.2592592592592595	0.007101923241247849	0.009366881211482932
-4.2492492492492495	0.007136944922155008	0.009407849859958357
-4.2392392392392395	0.0071724341082842966	0.009449333485249335
-4.2292292292292295	0.007208399570048036	0.009491341174908153
-4.2192192192192195	0.007244850289958622	0.009533882223200554
-4.2092092092092095	0.0072817954688943545	0.009576966136844008
-4.1991991991991995	0.007319244532604835	0.009620602640962324
-4.1891891891891895	0.007357207138433586	0.009664801685217262
-4.1791791791791795	0.007395693182280099	0.009709573450153096
-4.1691691691691695	0.007434712805806089	0.009754928353756912
-4.1591591591591595	0.0074742764039015435	0.009800877058220326
-4.1491491491491495	0.007514394632424146	0.009847430476959526
-4.1391391391391394	0.007555078416212478	0.009894599781836188
-4.129129129129129	0.0075963389573940054	0.009942396410663114
-4.119119119119119	0.0076381877439837455	0.009990832074939351
-4.109109109109109	0.007680636558822418	0.010039918767861825
-4.099099099099099	0.007723697488827955	0.010089668772609441
-4.089089089089089	0.007767382934579757	0.010140094670920082
-4.079079079079079	0.007811705620291873	0.010191209351976283
-4.069069069069069	0.007856678604139421	0.010243026021575565
-4.059059059059059	0.00790231528897202	0.010295558211657759
-4.049049049049049	0.007948629433436438	0.010348819790145538
-4.039039039039039	0.007995635163542758	0.010402824971149657
-4.029029029029029	0.008043346984645343	0.010457588325530613
-4.019019019019019	0.008091779793906502	0.01051312479185862
-4.009009009009009	0.008140948893234596	0.010569449687755476
-3.998998998998999	0.008190870002728367	0.010626578721645224
-3.988988988988989	0.00824155927466114	0.010684528004957084
-3.978978978978979	0.008293033307991752	0.010743314064764555
-3.968968968968969	0.008345309163483588	0.010802953856884845
-3.958958958958959	0.008398404379401602	0.010863464779491275
-3.948948948948949	0.008452336987854794	0.010924864687212136
-3.938938938938939	0.008507125531795232	0.01098717190576947
-3.928928928928929	0.008562789082715532	0.011050405247179889
-3.918918918918919	0.008619347259056779	0.011114584025521835
-3.908908908908909	0.00867682024538141	0.011179728073318308
-3.898898898898899	0.008735228812358315	0.011245857758547938
-3.888888888888889	0.008794594337543258	0.011312994002301983
-3.878878878878879	0.008854938827070287	0.011381158297162549
-3.868868868868869	0.008916284938235057	0.011450372726263312
-3.858858858858859	0.008978656003044249	0.01152065998313492
-3.848848848848849	0.009042076052764147	0.01159204339231345
-3.838838838838839	0.00910656984355413	0.011664546930783472
-3.828828828828829	0.009172162883164898	0.011738195250279736
-3.818818818818819	0.0092388814588402	0.01181301370049786
-3.808808808808809	0.009306752666414604	0.011889028353230573
-3.798798798798799	0.009375804440714248	0.011966266027503275
-3.7887887887887888	0.009446065587302323	0.01204475431574347
-3.7787787787787788	0.009517565815636356	0.012124521611027238
-3.7687687687687688	0.009590335773730509	0.012205597135465936
-3.7587587587587588	0.009664407084379819	0.012288010969776308
-3.7487487487487487	0.009739812383041585	0.01237179408409924
-3.7387387387387387	0.00981658535745427	0.012456978370129296
-3.7287287287287287	0.009894760789101401	0.012543596674611182
-3.7187187187187187	0.00997437459656953	0.012631682834271343
-3.7087087087087087	0.010055463880998544	0.012721271712275248
-3.6986986986986987	0.01013806697361321	0.012812399236246818
-3.6886886886886887	0.01022222348555807	0.012905102437970375
-3.6786786786786787	0.01030797436010593	0.01299941949483917
-3.6686686686686687	0.010395361927380595	0.013095389773132945
-3.6586586586586587	0.01048442996173371	0.013193053873239158
-3.6486486486486487	0.010575223741943232	0.013292453676898255
-3.6386386386386387	0.010667790114352052	0.013393632396587259
-3.6286286286286287	0.01076217755916307	0.013496634627156721
-3.6186186186186187	0.010858436260041841	0.013601506399829362
-3.6086086086086087	0.010956618177215233	0.013708295238692594
-3.5985985985985987	0.011056777124279191	0.013817050219820926
-3.5885885885885886	0.011158968848945624	0.013927822033153523
-3.5785785785785786	0.01126325111793792	0.014040663047295667
-3.5685685685685686	0.011369683806278234	0.014155627377393043
-3.5585585585585586	0.011478328991276295	0.014272770956248081
-3.5485485485485486	0.01158925105143297	0.014392151608854568
-3.5385385385385386	0.011702516770622425	0.014513829130548973
-3.5285285285285286	0.011818195447830611	0.014637865368955732
-3.5185185185185186	0.011936359012828019	0.014764324310003487
-3.5085085085085086	0.012057082148119985	0.014893272168144213
-3.4984984984984986	0.012180442417588946	0.015024777481112386
-3.4884884884884886	0.012306520402229877	0.01515891120942222
-3.4784784784784786	0.012435399843454606	0.015295746840908217
-3.4684684684684686	0.012567167794448721	0.015435360500599491
-3.4584584584584586	0.012701914780084858	0.015577831066211023
-3.4484484484484486	0.012839734965970405	0.01572324028965999
-3.4384384384384385	0.012980726337228096	0.01587167292486349
-3.4284284284284285	0.01312499088765788	0.01602321686228318
-3.4184184184184185	0.013272634819967133	0.016177963270605725
-3.4084084084084085	0.013423768757829564	0.016336006745931653
-3.3983983983983985	0.013578507970588488	0.01649744546905927
-3.3883883883883885	0.013736972611437744	0.016662381371222626
-3.3783783783783785	0.01389928797007461	0.016830920308945636
-3.3683683683683685	0.014065584740778379	0.017003172248483297
-3.3583583583583585	0.014235999307049203	0.017179251460525284
-3.3483483483483485	0.014410674043965089	0.017359276725798914
-3.3383383383383385	0.014589757639565264	0.017543371552258012
-3.3283283283283285	0.014773405436575559	0.017731664404656518
-3.3183183183183185	0.014961779796057909	0.017924288947267462
-3.3083083083083085	0.015155050484520212	0.018121384300678122
-3.2982982982982985	0.015353395086321482	0.018323095313530057
-3.2882882882882885	0.015556999443197224	0.018529572850297587
-3.2782782782782784	0.015766058123046257	0.01874097409611218
-3.2682682682682684	0.01598077492018904	0.018957462879856852
-3.2582582582582584	0.016201363389533697	0.019179210016788094
-3.2482482482482484	0.016428047417359874	0.019406393672007673
-3.2382382382382384	0.01666106183155348	0.01963919974631382
-3.2282282282282284	0.016900653054518402	0.019877822285970664
-3.2182182182182184	0.017147079802144166	0.020122463918144956
-3.2082082082082084	0.017400613832687793	0.02037333631383934
-3.1981981981981984	0.017661540749584367	0.020630660680366807
-3.1881881881881884	0.017930160862741483	0.02089466828548651
-3.1781781781781784	0.018206790113279313	0.021165601015625375
-3.1681681681681684	0.018491761067033492	0.021443711970696364
-3.1581581581581584	0.018785423982835458	0.0217292660982944
-3.1481481481481484	0.0190881479620282	0.02202254087031769
-3.1381381381381384	0.01940032218639525	0.02232382700523416
-3.1281281281281283	0.01972235725235771	0.022633429239629854
-3.118118118118118	0.02005468661011889	0.02295166715284463
-3.108108108108108	0.02039776811733829	0.02327887604901144
-3.098098098098098	0.020752085717862693	0.023615407901013935
-3.088088088088088	0.021118151257165176	0.023961632361503088
-3.078078078078078	0.02149650644745239	0.0243179378463807
-3.068068068068068	0.02188772499663916	0.024684732696820824
-3.058058058058058	0.02229241491713146	0.025062446426411384
-3.048048048048048	0.02271122103192698	0.025451531060581865
-3.038038038038038	0.023144827697636636	0.025852462576286834
-3.028028028028028	0.023593961766166852	0.026265742450573382
-3.018018018018018	0.02405939580931369	0.026691899327563624
-3.008008008008008	0.024541951633344616	0.027131490814390574
-2.997997997997998	0.025042504113773505	0.027585105417561994
-2.987987987987988	0.025561985384235826	0.028053364632469886
-2.977977977977978	0.02610138941727699	0.028536925200145433
-2.967967967967968	0.026661777039716835	0.029036481546619988
-2.957957957957958	0.027244281430328147	0.029552768422153142
-2.947947947947948	0.027850114153709637	0.03008656375914144
-2.937937937937938	0.0284805717910337	0.030638691769805732
-2.9279279279279278	0.02913704323620419	0.03121002630689514
-2.9179179179179178	0.029821017734981817	0.03180149451329333
-2.9079079079079078	0.03053409375485717	0.032414080789287265
-2.8978978978978978	0.031277988785501906	0.033048831109508604
-2.8878878878878878	0.032054550183090114	0.03370685772536102
-2.8778778778778777	0.03286576718775136	0.034389344292666255
-2.8678678678678677	0.03371378426162766	0.035097551469193265
-2.8578578578578577	0.034600915916174695	0.03583282303197659
-2.8478478478478477	0.03552966322209352	0.03659659257033688
-2.8378378378378377	0.03650273222391216	0.037390390817457965
-2.8278278278278277	0.03752305451475714	0.03821585369109552
-2.8178178178178177	0.03859381026620993	0.03907473112311921
-2.8078078078078077	0.039718454054064135	0.039968896767426564
-2.7977977977977977	0.04090074387521078	0.04090035868779653
-2.7877877877877877	0.04214477381458351	0.041871271140384886
-2.7777777777777777	0.04345501089708575	0.042883947580901506
-2.7677677677677677	0.04483633674887299	0.04394087504431518
-2.7577577577577577	0.0462940947996084	0.04504473006519603
-2.7477477477477477	0.04783414388456544	0.046198396330276274
-2.7377377377377377	0.049462919258433706	0.04740498428220417
-2.7277277277277276	0.051187502216223195	0.04866785292494244
-2.7177177177177176	0.053015699738049725	0.04999063411808692
-2.7077077077077076	0.05495613584230376	0.051377259690210425
-2.6976976976976976	0.05701835665718938	0.05283199175147576
-2.6876876876876876	0.059212951617007126	0.05435945664424544
-2.6776776776776776	0.061551693675141496	0.05596468303954276
-2.6676676676676676	0.06404770202215133	0.0576531447680414
-2.6576576576576576	0.06671563153418336	0.0594308090701864
-2.6476476476476476	0.06957189409000421	0.06130419106323983
-2.6376376376376376	0.07263491803311595	0.06328041535762395
-2.6276276276276276	0.07592545348007837	0.06536728591518236
-2.6176176176176176	0.07946693296929705	0.06757336543318578
-2.6076076076076076	0.08328589921335153	0.06990806576728001
-2.5975975975975976	0.08741251460471208	0.07238175118217764
-2.5875875875875876	0.09188117082000338	0.07500585655127807
-2.5775775775775776	0.0967312216267915	0.0777930230290093
-2.5675675675675675	0.10200786816648542	0.08075725420862626
-2.5575575575575575	0.10776323403923274	0.08391409637466785
-2.5475475475475475	0.11405767810349543	0.0872808471897116
-2.5375375375375375	0.12096140692743786	0.09087679805315789
-2.5275275275275275	0.12855646755758407	0.09472351647875675
-2.5175175175175175	0.13693922649427423	0.09884517621342274
-2.5075075075075075	0.14622347504151983	0.10326894453424035
-2.4974974974974975	0.1565443482292787	0.10802543830764752
-2.4874874874874875	0.16806330968903574	0.11314926309722358
-2.4774774774774775	0.18097454618495917	0.11867965302597701
-2.4674674674674675	0.19551324492481334	0.12466123345038063
-2.4574574574574575	0.2119664124561575	0.13114493407166852
-2.4474474474474475	0.23068716387250876	0.13818908728044715
-2.4374374374374375	0.2521138089857193	0.14586075582207775
-2.4274274274274275	0.2767956577042248	0.15423734599158767
-2.4174174174174174	0.3054283728645105	0.16340857849107496
-2.4074074074074074	0.33890310132134827	0.17347891015782882
-2.3973973973973974	0.3783758267300574	0.18457052788218725
-2.3873873873873874	0.42536694990262874	0.19682707383587328
-2.3773773773773774	0.48190696605393524	0.2104183124082552
-2.3673673673673674	0.5507539909450586	0.2255460194369485
-2.3573573573573574	0.6357259763895013	0.24245147132608136
-2.3473473473473474	0.7422208223472785	0.26142504708733644
-2.3373373373373374	0.8780531326754738	0.2828186474867096
-2.3273273273273274	1.0548409850195608	0.30706190833028385
-2.3173173173173174	1.2903788412267585	0.334683579110243
-2.3073073073073074	1.6128347324222976	0.366340014997921
-2.2972972972972974	2.068411899226489	0.40285358547563166
-2.2872872872872874	2.7356477470601273	0.4452650892896905
-2.2772772772772774	3.751843356220418	0.4949062289910135
-2.2672672672672673	5.356247114313446	0.5535012420756873
-2.2572572572572573	7.918495857556987	0.6233115790124238
-2.2472472472472473	11.68878131831231	0.7073451878098391
-2.2372372372372373	15.446733172088958	0.8096644260198597
-2.2272272272272273	15.604630923626308	0.9358471475458248
-2.2172172172172173	11.930760501618197	1.0936896586090736
-2.2072072072072073	8.054075964842932	1.2942971369342922
-2.1971971971971973	5.3958425910677	1.5538003920343075
-2.1871871871871873	3.7380157174175275	1.8960819181733457
-2.1771771771771773	2.6958923899983276	2.3570769990963205
-2.1671671671671673	2.017152462620031	2.9912720366911483
-2.1571571571571573	1.557313471444168	3.8801233912975257
-2.1471471471471473	1.2342028295191128	5.136945672854513
-2.1371371371371373	0.999786223101913	6.882583912195769
-2.1271271271271273	0.8249601189723856	9.111534951908451
-2.1171171171171173	0.6914450167518952	11.340322334871036
-2.1071071071071072	0.5873696447502675	12.3885784939863
-2.0970970970970972	0.5047883035573032	11.429278046662263
-2.0870870870870872	0.4382375181287866	9.205926847702742
-2.0770770770770772	0.3838693486272103	6.933690769893093
-2.067067067067067	0.3389150757597695	5.144336910068048
-2.057057057057057	0.3013440505622873	3.8578492063821734
-2.047047047047047	0.2696411747215118	2.9518322776988386
-2.037037037037037	0.24265841232912247	2.308729766252277
-2.027027027027027	0.2195136283808477	1.8437783584582177
-2.017017017017017	0.19952035726098444	1.5003938832945225
-2.007007007007007	0.18213819771779996	1.2413929952160734
-1.996996996996997	0.16693722025022725	1.0421650799347884
-1.986986986986987	0.15357205697377987	0.8861562817813489
-1.976976976976977	0.14176278757885963	0.7620157787774872
-1.966966966966967	0.13128066484015063	0.661805158217176
-1.956956956956957	0.12193733275673702	0.5798653632860548
-1.946946946946947	0.11357659668103329	0.512088941850879
-1.936936936936937	0.10606807971241763	0.4554443759773381
-1.926926926926927	0.09930228831742711	0.40765948951232683
-1.916916916916917	0.09318674136536109	0.3670069400815792
-1.906906906906907	0.08764290916918055	0.33215636988785874
-1.896896896896897	0.08260377494149343	0.30207083787944433
-1.8868868868868869	0.07801187847281521	0.27593316001425
-1.8768768768768769	0.07381773632093169	0.25309277129800034
-1.8668668668668669	0.06997855812705427	0.23302688072396033
-1.8568568568568569	0.06645719744676115	0.21531172155026754
-1.8468468468468469	0.06322128951730992	0.19960102664117757
-1.8368368368368369	0.06024253895868461	0.18560973892315616
-1.8268268268268268	0.057496128437484084	0.17310155925884782
-1.8168168168168168	0.054960225466608795	0.16187933791832193
-1.8068068068068068	0.052615569246111375	0.15177759479429948
-1.7967967967967968	0.05044512311972048	0.14265664854950547
-1.7867867867867868	0.048433781084377805	0.13439797281904745
-1.7767767767767768	0.04656811903698632	0.12690049620283317
-1.7667667667667668	0.04483618321654698	0.12007763400779148
-1.7567567567567568	0.04322730970759982	0.1138548916446983
-1.7467467467467468	0.04173196999479811	0.10816791781825942
-1.7367367367367368	0.04034163845948935	0.10296091403586388
-1.7267267267267268	0.03904867843606325	0.09818532821200858
-1.7167167167167168	0.03784624403441363	0.09379877617980678
-1.7067067067067068	0.03672819541452832	0.08976414711007856
-1.6966966966966968	0.035689025591409594	0.08604885817060659
-1.6866866866866868	0.03472379717173042	0.08262423095160722
-1.6766766766766767	0.03382808769063445	0.0794649677648935
-1.6666666666666667	0.032997942439741794	0.07654871028201815
-1.6566566566566567	0.032229833864126645	0.07385566640019334
-1.6466466466466467	0.0315206267638746	0.071368293930087
-1.6366366366366367	0.030867548670851983	0.06907103185043731
-1.6266266266266267	0.030268164888020328	0.06695007159428407
-1.6166166166166167	0.029720357781340846	0.06499316221563607
-1.6066066066066067	0.029222310006205354	0.06318944440621617
-1.5965965965965967	0.028772491434686888	0.06152930924630749
-1.5865865865865867	0.02836964962921579	0.060004278325700836
-1.5765765765765767	0.02801280378575884	0.058606902495268225
-1.5665665665665667	0.02770124214709669	0.05733067703452661
-1.5565565565565564	0.027434522967893706	0.05616997146828266
-1.5465465465465464	0.027212479200574173	0.05511997265473089
-1.5365365365365364	0.027035227168225835	0.05417664011376024
-1.5265265265265264	0.026903179602223014	0.053336672882170165
-1.5165165165165164	0.026817063552773586	0.052597487483949705
-1.5065065065065064	0.02677794383731788	0.051957206902061376
-1.4964964964964964	0.026787252882225138	0.051414660745299615
-1.4864864864864864	0.026846828048913404	0.050969397134378036
-1.4764764764764764	0.026958957830169224	0.05062170720101045
-1.4664664664664664	0.02712643867492748	0.050372663522591524
-1.4564564564564564	0.027352644675178103	0.05022417432668074
-1.4464464464464464	0.027641612960800806	0.05017905592629929
-1.4364364364364364	0.027998148443273835	0.050241126629569276
-1.4264264264264264	0.028427952590576275	0.050415326361255085
-1.4164164164164164	0.02893778229180077	0.0507078675142323
-1.4064064064064064	0.029535646703746653	0.051126424218896106
-1.3963963963963963	0.03023105243881595	0.051680369421211354
-1.3863863863863863	0.03103531080307779	0.05238107209697577
-1.3763763763763763	0.03196192538843225	0.05324227088636653
-1.3663663663663663	0.03302708469309769	0.05428054582068544
-1.3563563563563563	0.034250293377847026	0.05551591722893675
-1.3463463463463463	0.035655188445154085	0.05697261123707675
-1.3363363363363363	0.03727060486318198	0.05868004582015546
-1.3263263263263263	0.03913198174964633	0.060674112127692574
-1.3163163163163163	0.041283239607499016	0.06299885583441536
-1.3063063063063063	0.04377931837498577	0.06570870735290385
-1.2962962962962963	0.04668965687925648	0.0688714754909203
-1.2862862862862863	0.05010303620881533	0.07257241888328415
-1.2762762762762763	0.05413443609726157	0.07691986371659344
-1.2662662662662663	0.05893492376851239	0.08205307953346189
-1.2562562562562563	0.06470621611069231	0.088153517440291
-1.2462462462462462	0.07172262954188974	0.09546116437003543
-1.2362362362362362	0.08036504800868183	0.10429887120012102
-1.2262262262262262	0.09117508825272799	0.11510944888431074
-1.2162162162162162	0.10494449655524554	0.12851384254183487
-1.2062062062062062	0.12286871109960212	0.14540533346767567
-1.1961961961961962	0.14682334678035505	0.16710783845230237
-1.1861861861861862	0.17989076203879995	0.19565368768098898
-1.1761761761761762	0.22743387297077014	0.23429671329293633
-1.1661661661661662	0.29948072107531304	0.28852041254222655
-1.1561561561561562	0.4166325411764011	0.3681754204281352
-1.1461461461461462	0.6270152862418196	0.4924685005314519
-1.1361361361361362	1.0662257885461732	0.7031686219469979
-1.1261261261261262	2.251934744539679	1.1061708567564958
-1.1161161161161162	7.809066645551851	2.0406172388562847
-1.1061061061061062	229.55644704923344	5.14176739115733
-1.0960960960960962	11.470584321372984	31.257430252397743
-1.0860860860860861	2.5615371715006465	57.00186086030521
-1.0760760760760761	1.0782578242919298	6.011569433781389
-1.0660660660660661	0.5843856408348994	2.0253142588484168
-1.0560560560560561	0.36309927249677854	0.9850708573849474
-1.0460460460460461	0.24583726182293675	0.5727678774413371
-1.0360360360360361	0.17657894567318533	0.3702053824753476
-1.026026026026026	0.132438351188583	0.256674773136443
-1.016016016016016	0.10267308160647329	0.18709700522980133
-1.006006006006006	0.08170809041981598	0.14160610034548532
-0.995995995995996	0.06642081469108216	0.11036792395110086
-0.985985985985986	0.054954210986851645	0.08807465680565478
-0.975975975975976	0.046149014865863126	0.07166303168314493
-0.965965965965966	0.039252009319349086	0.0592680407122489
-0.955955955955956	0.03375707370481837	0.04970345784220281
-0.9459459459459459	0.029314241738212066	0.042186790748645696
-0.9359359359359359	0.025675470330219066	0.036185699571807874
-0.9259259259259259	0.022661129378304088	0.03132831756353571
-0.9159159159159159	0.02013864584187513	0.027348847486873436
-0.9059059059059059	0.018008520047676068	0.024053451026544864
-0.8958958958958959	0.016194947330081432	0.02129823686823369
-0.8858858858858859	0.014639392669500708	0.018974691238424626
-0.8758758758758759	0.013296103485773472	0.016999814906200818
-0.8658658658658659	0.012128921429932776	0.01530931053072203
-0.8558558558558559	0.011108981424814307	0.013852791010980772
-0.8458458458458459	0.010213027220089339	0.012590353680774451
-0.8358358358358359	0.009422162105048865	0.011490094317193769
-0.8258258258258259	0.008720911211631559	0.010526278483316677
-0.8158158158158159	0.008096509892304524	0.009677979557116105
-0.8058058058058059	0.007538358136232616	0.008928052670656866
-0.7957957957957958	0.007037598312390234	0.008262353505356104
-0.7857857857857858	0.006586785478450493	0.007669137667513687
-0.7757757757757757	0.006179627846648472	0.007138594690574829
-0.7657657657657657	0.005810780907893488	0.006662483419554726
-0.7557557557557557	0.005475682945608203	0.006233844461762089
-0.7457457457457457	0.00517042273108881	0.0058467717352719255
-0.7357357357357357	0.004891632428741009	0.005496229709316403
-0.7257257257257257	0.004636400389315213	0.005177906244651683
-0.7157157157157157	0.004402199737222528	0.004888093372301057
-0.7057057057057057	0.0041868295796246005	0.0046235901478985444
-0.6956956956956957	0.003988366362135269	0.00438162306160708
-0.6856856856856857	0.0038051234272916453	0.0041597804941667415
-0.6756756756756757	0.003635617239812858	0.0039559584760126216
-0.6656656656656657	0.003478539057738953	0.003768315591787674
-0.6556556556556556	0.0033327310736422995	0.0035952353228835866
-0.6456456456456456	0.0031971662418049324	0.003435294469216786
-0.6356356356356356	0.003070931158121225	0.003287236562993879
-0.6256256256256256	0.0029532114788531623	0.0031499493999925
-0.6156156156156156	0.002843279459323298	0.003022445981583156
-0.6056056056056056	0.0027404832694984775	0.002903848293513528
-0.5955955955955956	0.0026442378044088883	0.0027933734532818635
-0.5855855855855856	0.0025540167565106463	0.0026903218425523285
-0.5755755755755756	0.0024693457569947394	0.002594066909115137
-0.5655655655655656	0.0023897964254666506	0.0025040463778533877
-0.5555555555555556	0.0023149811939549144	0.002419754654713535
-0.5455455455455456	0.0022445487929603335	0.00234073624402864
-0.5355355355355356	0.0021781803051577767	0.0022665800291538306
-0.5255255255255256	0.002115585707173091	0.002196914290773849
-0.5155155155155156	0.002056500832150986	0.0021314023572787254
-0.5055055055055055	0.0020006846960066893	0.002069738798199533
-0.4954954954954955	0.0019479171388192252	0.0020116460854383844
-0.4854854854854855	0.00189799673994493	0.0019568716584908415
-0.4754754754754755	0.0018507389714214062	0.0019051853393893517
-0.46546546546546547	0.0018059745593041198	0.0018563770511158047
-0.45545545545545546	0.0017635480268161528	0.001810254799945327
-0.44544544544544545	0.0017233163968362302	0.0017666428878325938
-0.43543543543543545	0.0016851480342810958	0.0017253803257389038
-0.42542542542542544	0.0016489216115900677	0.0016863194228480213
-0.41541541541541543	0.0016145251827220854	0.0016493245300295892
-0.40540540540540543	0.0015818553529830441	0.0016142709188699423
-0.3953953953953954	0.0015508165336582576	0.0015810437800478114
-0.38538538538538536	0.0015213202718053825	0.0015495373269796893
-0.37537537537537535	0.0014932846467864407	0.001519653992493904
-0.36536536536536535	0.0014666337261597562	0.0014913037078470226
-0.35535535535535534	0.0014412970744581105	0.001464403254756154
-0.34534534534534533	0.0014172093091583207	0.0014388756822862065
-0.3353353353353353	0.001394309698827595	0.001414649781432213
-0.3253253253253253	0.0013725417990309687	0.0013916596111156708
-0.3153153153153153	0.0013518531220895413	0.0013698440700705178
-0.3053053053053053	0.0013321948372346855	0.0013491465097423528
-0.2952952952952953	0.0013135214981003704	0.00132951438391621
-0.2852852852852853	0.0012957907948341774	0.0013108989312681156
-0.2752752752752753	0.0012789633284133598	0.0012932548874873158
-0.2652652652652653	0.0012630024050202817	0.001276540223992345
-0.2552552552552553	0.001247873848567986	0.001260715910599997
-0.24524524524524524	0.0012335458296663228	0.0012457456998072856
-0.23523523523523523	0.0012199887095067446	0.0012315959305919926
-0.22522522522522523	0.0012071748973144765	0.0012182353498865193
-0.21521521521521522	0.0011950787201360537	0.0012056349500645786
-0.20520520520520522	0.0011836763038898638	0.0011937678209649608
-0.19519519519519518	0.001172945464695162	0.0011826090151395004
-0.18518518518518517	0.0011628656096068148	0.0011721354251476297
-0.17517517517517517	0.0011534176459724703	0.0011623256718445321
-0.16516516516516516	0.0011445838987170533	0.0011531600027270522
-0.15515515515515516	0.0011363480349070865	0.0011446201994928609
-0.14514514514514515	0.0011286949950488614	0.0011366894940677795
-0.13513513513513514	0.001121610930599762	0.0011293524924254933
-0.12512512512512514	0.0011150831472497135	0.0011225951055999963
-0.11511511511511512	0.0011091000535544712	0.001116404487360164
-0.10510510510510511	0.001103651114571496	0.0011107689780666704
-0.09509509509509509	0.0010987268101677497	0.0011056780542889719
-0.08508508508508508	0.0010943185977115488	0.0011011222838061005
-0.07507507507507508	0.0010904188789017622	0.0010970932856627052
-0.06506506506506507	0.0010870209705008639	0.0010935836949859325
-0.055055055055055056	0.0010841190787905235	0.001090587132311675
-0.04504504504504504	0.001081708277563862	0.0010880981772042248
-0.035035035035035036	0.0010797844895263833	0.0010861123459691305
-0.025025025025025027	0.001078344470971624	0.0010846260733250858
-0.015015015015015015	0.0010773857996428727	0.0010836366978831083
-0.005005005005005005	0.0010769068656934575	0.0010831424513441136
0.005005005005005005	0.0010769068656932333	0.0010831424513442147
0.015015015015015015	0.0010773857996428664	0.0010836366978829663
0.025025025025025027	0.0010783444709717238	0.0010846260733252562
0.035035035035035036	0.0010797844895262614	0.0010861123459689444
0.04504504504504504	0.0010817082775639566	0.0010880981772037953
0.055055055055055056	0.0010841190787904949	0.001090587132311663
0.06506506506506507	0.001087020970501052	0.0010935836949854593
0.07507507507507508	0.0010904188789014977	0.0010970932856625307
0.08508508508508508	0.0010943185977120558	0.0011011222838060788
0.09509509509509509	0.0010987268101678147	0.0011056780542889103
0.10510510510510511	0.0011036511145716325	0.0011107689780665852
0.11511511511511512	0.0011091000535543801	0.0011164044873602822
0.12512512512512514	0.0011150831472499618	0.0011225951055997983
0.13513513513513514	0.0011216109305999112	0.0011293524924254656
0.14514514514514515	0.001128694995048839	0.001136689494068118
0.15515515515515516	0.0011363480349069733	0.0011446201994929563
0.16516516516516516	0.001144583898717147	0.0011531600027271875
0.17517517517517517	0.0011534176459724772	0.0011623256718445633
0.18518518518518517	0.0011628656096064989	0.0011721354251477405
0.19519519519519518	0.0011729454646956167	0.0011826090151391946
0.20520520520520522	0.0011836763038901349	0.0011937678209646935
0.21521521521521522	0.0011950787201360116	0.0012056349500645925
0.22522522522522523	0.0012071748973144036	0.001218235349886745
0.23523523523523523	0.0012199887095070434	0.0012315959305919792
0.24524524524524524	0.0012335458296657878	0.001245745699807348
0.2552552552552553	0.0012478738485680139	0.0012607159106002126
0.2652652652652653	0.0012630024050201984	0.001276540223992352
0.2752752752752753	0.001278963328413436	0.0012932548874872117
0.2852852852852853	0.0012957907948345662	0.0013108989312684072
0.2952952952952953	0.0013135214981005163	0.0013295143839165714
0.3053053053053053	0.0013321948372344422	0.0013491465097425336
0.3153153153153153	0.0013518531220895274	0.001369844070070754
0.3253253253253253	0.0013725417990312048	0.0013916596111164905
0.3353353353353353	0.0013943096988276644	0.0014146497814325463
0.34534534534534533	0.0014172093091581398	0.0014388756822863872
0.35535535535535534	0.0014412970744583466	0.0014644032547567515
0.36536536536536535	0.001466633726159659	0.0014913037078473422
0.37537537537537535	0.0014932846467864546	0.0015196539924946404
0.38538538538538536	0.0015213202718053964	0.0015495373269810097
0.3953953953953954	0.0015508165336582714	0.001581043780048812
0.40540540540540543	0.001581855352982808	0.0016142709188709712
0.41541541541541543	0.0016145251827220854	0.0016493245300302284
0.42542542542542544	0.0016489216115904291	0.0016863194228489387
0.43543543543543545	0.001685148034281123	0.0017253803257404605
0.44544544544544545	0.0017233163968363413	0.0017666428878335668
0.45545545545545546	0.0017635480268165973	0.0018102547999467179
0.46546546546546547	0.0018059745593038698	0.0018563770511174178
0.4754754754754755	0.001850738971421545	0.0019051853393909648
0.4854854854854855	0.0018979967399447074	0.001956871658492649
0.4954954954954955	0.0019479171388192252	0.002011646085439914
0.5055055055055055	0.002000684696007385	0.002069738798201925
0.5155155155155156	0.002056500832151737	0.0021314023572817295
0.5255255255255256	0.002115585707173842	0.0021969142907767693
0.5355355355355356	0.0021781803051580274	0.0022665800291572806
0.5455455455455456	0.002244548792961085	0.002340736244032702
0.5555555555555556	0.002314981193955082	0.0024197546547177645
0.5655655655655656	0.002389796425466929	0.002504046377858619
0.5755755755755756	0.00246934575699524	0.0025940669091209807
0.5855855855855856	0.002554016756511259	0.0026903218425583402
0.5955955955955956	0.002644237804410001	0.0027933734532885435
0.6056056056056056	0.0027404832694994793	0.002903848293521879
0.6156156156156156	0.0028432794593246896	0.003022445981591952
0.6256256256256256	0.002953211478854276	0.0031499494000017995
0.6356356356356356	0.0030709311581226728	0.003287236563004517
0.6456456456456456	0.0031971662418071598	0.0034352944692288175
0.6556556556556556	0.003332731073644416	0.003595235322896846
0.6656656656656657	0.003478539057740958	0.0037683155918027743
0.6756756756756757	0.0036356172398156446	0.003955958476029786
0.6856856856856857	0.0038051234272942643	0.00415978049418614
0.6956956956956957	0.003988366362137387	0.0043816230616286
0.7057057057057057	0.004186829579627833	0.004623590147923864
0.7157157157157157	0.00440219973722565	0.004888093372330286
0.7257257257257257	0.004636400389319451	0.005177906244684493
0.7357357357357357	0.00489163242874536	0.005496229709353355
0.7457457457457457	0.005170422731093163	0.00584677173531425
0.7557557557557557	0.005475682945615347	0.00623384446181158
0.7657657657657657	0.005810780907901416	0.006662483419609377
0.7757757757757757	0.006179627846657074	0.007138594690638005
0.7857857857857858	0.006586785478458875	0.007669137667587413
0.7957957957957958	0.007037598312399962	0.008262353505440957
0.8058058058058059	0.007538358136244809	0.008928052670756224
0.8158158158158159	0.008096509892318849	0.009677979557229776
0.8258258258258259	0.008720911211647687	0.010526278483449626
0.8358358358358359	0.009422162105068143	0.011490094317346836
0.8458458458458459	0.010213027220111522	0.012590353680955851
0.8558558558558559	0.011108981424839652	0.013852791011193022
0.8658658658658659	0.012128921429963113	0.015309310530973192
0.8758758758758759	0.01329610348580781	0.016999814906499797
0.8858858858858859	0.01463939266954214	0.018974691238780768
0.8958958958958959	0.01619494733013009	0.021298236868664173
0.9059059059059059	0.018008520047734577	0.024053451027063022
0.9159159159159159	0.02013864584194503	0.027348847487507745
0.9259259259259259	0.022661129378392424	0.031328317564317844
0.9359359359359359	0.025675470330326355	0.03618569957277801
0.9459459459459459	0.029314241738338756	0.04218679074985354
0.955955955955956	0.033757073704979816	0.04970345784374459
0.965965965965966	0.03925200931955161	0.05926804071423908
0.975975975975976	0.04614901486611937	0.07166303168574491
0.985985985985986	0.05495421098718588	0.08807465680915838
0.995995995995996	0.06642081469153573	0.11036792395589408
1.006006006006006	0.08170809042041685	0.14160610035229582
1.016016016016016	0.10267308160730232	0.18709700523981923
1.026026026026026	0.13243835118978767	0.2566747731519682
1.0360360360360361	0.1765789456750237	0.3702053825011472
1.0460460460460461	0.24583726182586985	0.5727678774887517
1.0560560560560561	0.36309927250184765	0.9850708574860757
1.0660660660660661	0.5843856408448783	2.025314259127884
1.0760760760760761	1.078257824315655	6.011569435094964
1.0860860860860861	2.5615371715831188	57.00186089069607
1.0960960960960962	11.470584322097903	31.257430239977104
1.1061061061061062	229.55644701518534	5.1417673903731105
1.1161161161161162	7.809066645200712	2.0406172386839025
1.1261261261261262	2.251934744490275	1.1061708566978883
1.1361361361361362	1.0662257885319533	0.703168621922764
1.1461461461461462	0.6270152862363659	0.49246850052060187
1.1561561561561562	0.4166325411739976	0.3681754204233611
1.1661661661661662	0.2994807210741496	0.2885204125404929
1.1761761761761762	0.22743387297023565	0.23429671329285987
1.1861861861861862	0.1798907620386151	0.1956536876818682
1.1961961961961962	0.1468233467803718	0.16710783845375338
1.2062062062062062	0.1228687110997278	0.14540533346946505
1.2162162162162162	0.10494449655542526	0.1285138425438513
1.2262262262262262	0.09117508825295816	0.11510944888646228
1.2362362362362362	0.08036504800893934	0.10429887120237098
1.2462462462462462	0.07172262954215686	0.09546116437235073
1.2562562562562563	0.06470621611097149	0.08815351744265552
1.2662662662662663	0.05893492376880149	0.08205307953585872
1.2762762762762763	0.054134436097549664	0.0769198637190174
1.2862862862862863	0.050103036209112044	0.07257241888573313
1.2962962962962963	0.04668965687955757	0.06887147549340322
1.3063063063063063	0.04377931837529002	0.06570870735541108
1.3163163163163163	0.041283239607806395	0.06299885583695335
1.3263263263263263	0.039131981749954206	0.06067411213026454
1.3363363363363363	0.03727060486349312	0.05868004582276479
1.3463463463463463	0.03565518844547232	0.05697261123972861
1.3563563563563563	0.03425029337816767	0.05551591723163211
1.3663663663663663	0.03302708469342338	0.05428054582342993
1.3763763763763763	0.031961925388759305	0.053242270889170606
1.3863863863863863	0.031035310803415542	0.052381072099835606
1.3963963963963963	0.030231052439154815	0.051680369424142024
1.4064064064064064	0.02953564670408963	0.05112642422189875
1.4164164164164164	0.028937782292150854	0.0507078675173145
1.4264264264264264	0.028427952590937496	0.050415326364421933
1.4364364364364364	0.027998148443641752	0.0502411266328295
1.4464464464464464	0.0276416129611784	0.050179055929662576
1.4564564564564564	0.02735264467556301	0.0502241743301543
1.4664664664664664	0.02712643867532348	0.050372663526185774
1.4764764764764764	0.026958957830573935	0.05062170720473268
1.4864864864864864	0.026846828049330616	0.050969397138236845
1.4964964964964964	0.02678725288265475	0.051414660749316096
1.5065065065065064	0.026777943837762025	0.05195720690623716
1.5165165165165164	0.026817063553230866	0.05259748748830152
1.5265265265265264	0.026903179602695663	0.05333667288670801
1.5365365365365364	0.027035227168715086	0.05417664011850522
1.5465465465465464	0.027212479201077083	0.05511997265969749
1.5565565565565564	0.027434522968420735	0.056169971473492224
1.5665665665665667	0.027701242147642066	0.05733067703998968
1.5765765765765767	0.028012803786325386	0.058606902501016724
1.5865865865865867	0.028369649629805035	0.06000427833175273
1.5965965965965967	0.028772491435302867	0.0615293092526919
1.6066066066066067	0.02922231000685195	0.06318944441296112
1.6166166166166167	0.02972035778200932	0.06499316222277353
1.6266266266266267	0.030268164888722398	0.06695007160184833
1.6366366366366367	0.03086754867158669	0.06907103185846383
1.6466466466466467	0.03152062676464382	0.07136829393862523
1.6566566566566567	0.03222983386493175	0.07385566640929257
1.6666666666666667	0.03299794244059293	0.0765487102917293
1.6766766766766767	0.033828087691532435	0.0794649677752778
1.6866866866866868	0.03472379717267465	0.08262423096273185
1.6966966966966968	0.035689025592405554	0.08604885818254315
1.7067067067067068	0.03672819541558145	0.08976414712292204
1.7167167167167168	0.037846244035530094	0.09379877619364918
1.7267267267267268	0.039048678437242225	0.09818532822696466
1.7367367367367368	0.04034163846074295	0.10296091405205816
1.7467467467467468	0.04173196999613088	0.10816791783583948
1.7567567567567568	0.04322730970901997	0.11385489166382597
1.7667667667667668	0.0448361832180595	0.1200776340286569
1.7767767767767768	0.04656811903860193	0.126900496225662
1.7867867867867868	0.04843378108610669	0.1343979728440903
1.7967967967967968	0.050445123121575404	0.14265664857706692
1.8068068068068068	0.05261556924809898	0.15177759482473108
1.8168168168168168	0.054960225468749346	0.1618793379520247
1.8268268268268268	0.05749612843979069	0.1731015592963182
1.8368368368368369	0.06024253896117493	0.1856097389649725
1.8468468468468469	0.06322128952000748	0.19960102668803612
1.8568568568568569	0.0664571974496865	0.21531172160298764
1.8668668668668669	0.06997855813023035	0.23302688078357223
1.8768768768768769	0.07381773632439573	0.2530927713657321
1.8868868868868869	0.07801187847660004	0.2759331600916269
1.896896896896897	0.08260377494563498	0.3020708379683615
1.906906906906907	0.08764290917373518	0.3321563699906819
1.916916916916917	0.0931867413703693	0.36700694020130037
1.926926926926927	0.09930228832296384	0.4076594896527649
1.936936936936937	0.10606807971855704	0.4554443761434535
1.946946946946947	0.1135765966878639	0.5120889420491359
1.956956956956957	0.12193733276436515	0.5798653635250466
1.966966966966967	0.13128066484870676	0.6618051585084859
1.976976976976977	0.14176278758847843	0.7620157791369527
1.986986986986987	0.1535720569846728	0.886156282231027
1.996996996996997	0.1669372202626013	1.0421650805060063
2.007007007007007	0.18213819773193946	1.2413929959540542
2.017017017017017	0.1995203572772297	1.500393884266269
2.027027027027027	0.21951362839965002	1.8437783597641666
2.037037037037037	0.24265841235101013	2.3087297680457732
2.047047047047047	0.2696411747472047	2.9518322802136976
2.057057057057057	0.30134405059268493	3.8578492099634913
2.067067067067067	0.3389150757960684	5.144336915163177
2.0770770770770772	0.38386934867101147	6.93369077683252
2.0870870870870872	0.4382375181822033	9.205926855846279
2.0970970970970972	0.5047883036233372	11.429278052905692
2.1071071071071072	0.5873696448330905	12.388578493906808
2.1171171171171173	0.6914450168575282	11.340322328591453
2.1271271271271273	0.8249601191096397	9.111534943845589
2.1371371371371373	0.9997862232842517	6.882583905309544
2.1471471471471473	1.2342028297675924	5.136945667746775
2.1571571571571573	1.5573134717930923	3.8801233876591135
2.1671671671671673	2.017152463126886	2.9912720340991057
2.1771771771771773	2.6958923907633725	2.3570769972206578
2.1871871871871873	3.7380157186186858	1.8960819167878094
2.1971971971971973	5.395842593009358	1.5538003909888363
2.2072072072072073	8.054075967919427	1.294297136129291
2.2172172172172173	11.930760505631968	1.093689657977684
2.2272272272272273	15.604630925818306	0.9358471470422532
2.2372372372372373	15.446733169667898	0.8096644256121106
2.2472472472472473	11.688781314317307	0.7073451874752685
2.2572572572572573	7.918495854529041	0.6233115787345295
2.2672672672672673	5.356247112383481	0.5535012418423675
2.2772772772772774	3.7518433550072956	0.4949062287931854
2.2872872872872874	2.735647746274192	0.4452650891204724
2.2972972972972974	2.0684118986969686	0.4028535853297011
2.3073073073073074	1.61283473205168	0.3663400148711667
2.3173173173173174	1.2903788409585824	0.3346835789994014
2.3273273273273274	1.0548409848196987	0.30706190823275825
2.3373373373373374	0.8780531325228215	0.2828186474004101
2.3473473473473474	0.7422208222280711	0.26142504701057306
2.3573573573573574	0.6357259762946955	0.24245147125747274
2.3673673673673674	0.550753990868387	0.22554601937535404
2.3773773773773774	0.4819069659910713	0.21041831235272276
2.3873873873873874	0.4253669498504201	0.19682707378561665
2.3973973973973974	0.3783758266861683	0.18457052783654485
2.4074074074074074	0.3389031012841459	0.17347891011622155
2.4174174174174174	0.3054283728326461	0.16340857845303708
2.4274274274274275	0.27679565767672254	0.15423734595671196
2.4374374374374375	0.2521138089618026	0.1458607557900085
2.4474474474474475	0.23068716385156884	0.13818908725087517
2.4574574574574575	0.21196641243770933	0.13114493404433275
2.4674674674674675	0.1955132449084629	0.1246612334250455
2.4774774774774775	0.18097454617039468	0.11867965300244657
2.4874874874874875	0.16806330967600988	0.11314926307532504
2.4974974974974975	0.15654434821757054	0.1080254382872308
2.5075075075075075	0.1462234750309524	0.10326894451516447
2.5175175175175175	0.13693922648470616	0.09884517619556595
2.5275275275275275	0.12855646754889785	0.09472351646201546
2.5375375375375375	0.12096140691949989	0.09087679803743551
2.5475475475475475	0.11405767809623338	0.0872808471749242
2.5575575575575575	0.10776323403256015	0.08391409636073219
2.5675675675675675	0.10200786816034454	0.080757254195477
2.5775775775775776	0.09673122162112287	0.07779302301658537
2.5875875875875876	0.09188117081475668	0.07500585653952446
2.5975975975975976	0.08741251459985046	0.07238175117104391
2.6076076076076076	0.08328589920883002	0.0699080657567164
2.6176176176176176	0.0794669329650907	0.06757336542315606
2.6276276276276276	0.07592545347615509	0.06536728590564764
2.6376376376376376	0.07263491802944834	0.06328041534854628
2.6476476476476476	0.06957189408656915	0.061304191054596315
2.6576576576576576	0.06671563153096133	0.0594308090619454
2.6676676676676676	0.06404770201912137	0.05765314476017128
2.6776776776776776	0.06155169367228306	0.05596468303202074
2.6876876876876876	0.059212951614315244	0.05435945663705601
2.6976976976976976	0.0570183566546471	0.05283199174459364
2.7077077077077076	0.054956135839905225	0.05137725968362141
2.7177177177177176	0.05301569973578217	0.04999063411176587
2.7277277277277276	0.05118750221407132	0.04866785291887686
2.7377377377377377	0.04946291925638839	0.04740498427638097
2.7477477477477477	0.04783414388262394	0.046198396324677656
2.7577577577577577	0.04629409479776396	0.045044730059812486
2.7677677677677677	0.044836336747114514	0.04394087503913417
2.7777777777777777	0.04345501089540997	0.04288394757590782
2.7877877877877877	0.04214477381299343	0.04187127113557495
2.7977977977977977	0.04090074387368288	0.04090035868315851
2.8078078078078077	0.039718454052607884	0.039968896762947896
2.8178178178178177	0.03859381026481155	0.03907473111879905
2.8278278278278277	0.03752305451342384	0.03821585368692209
2.8378378378378377	0.03650273222263016	0.03739039081341856
2.8478478478478477	0.03552966322086467	0.03659659256643613
2.8578578578578577	0.0346009159149951	0.03583282302820167
2.8678678678678677	0.03371378426049696	0.035097551465535164
2.8778778778778777	0.032865767186665486	0.034389344289122874
2.8878878878878878	0.03205455018204361	0.0337068577219281
2.8978978978978978	0.0312779887844924	0.03304883110617916
2.9079079079079078	0.03053409375388251	0.03241408078605361
2.9179179179179178	0.029821017734043914	0.031801494510162294
2.9279279279279278	0.02913704323530189	0.031210026303854384
2.937937937937938	0.028480571790156936	0.030638691766849545
2.947947947947948	0.027850114152869143	0.030086563756267108
2.957957957957958	0.027244281429511824	0.029552768419361036
2.967967967967968	0.026661777038931758	0.029036481543904546
2.977977977977978	0.02610138941651896	0.0285369251975018
2.987987987987988	0.02556198538350057	0.028053364629899033
2.997997997997998	0.025042504113063437	0.027585105415056342
3.008008008008008	0.024541951632651965	0.02713149081195407
3.018018018018018	0.024059395808644628	0.02669189932518564
3.028028028028028	0.023593961765519235	0.026265742448255823
3.038038038038038	0.02314482769700617	0.02585246257402957
3.048048048048048	0.02271122103131422	0.025451531058377018
3.058058058058058	0.022292414916536267	0.025062446424259296
3.068068068068068	0.021887724996063267	0.02468473269472142
3.078078078078078	0.021496506446893163	0.024317937844330454
3.088088088088088	0.021118151256619713	0.023961632359501366
3.098098098098098	0.02075208571733329	0.0236154078990583
3.108108108108108	0.02039776811682443	0.02327887604709646
3.118118118118118	0.020054686609614486	0.022951667150973888
3.1281281281281283	0.019722357251868192	0.02263342923779921
3.1381381381381384	0.01940032218592151	0.022323827003448805
3.1481481481481484	0.01908814796156547	0.022022540868568106
3.1581581581581584	0.018785423982379597	0.021729266096582246
3.1681681681681684	0.018491761066592633	0.0214437119690207
3.1781781781781784	0.018206790112850785	0.02116560101398623
3.1881881881881884	0.017930160862325278	0.020894668283879654
3.1981981981981984	0.017661540749174608	0.02063066067879352
3.2082082082082084	0.01740061383228824	0.020373336312300157
3.2182182182182184	0.01714707980175155	0.020122463916633623
3.2282282282282284	0.016900653054132037	0.0198778222844892
3.2382382382382384	0.016661061831182617	0.019639199744861068
3.2482482482482484	0.016428047416996428	0.019406393670582642
3.2582582582582584	0.016201363389177895	0.01917921001539072
3.2682682682682684	0.015980774919839635	0.018957462878486757
3.2782782782782784	0.015766058122706286	0.0187409740947645
3.2882882882882885	0.015556999442862391	0.01852957284897716
3.2982982982982985	0.015353395085994101	0.018323095312232567
3.3083083083083085	0.015155050484202648	0.018121384299404294
3.3183183183183185	0.01496177979574474	0.017924288946018295
3.3283283283283285	0.014773405436270733	0.017731664403427026
3.3383383383383385	0.014589757639263594	0.017543371551050048
3.3483483483483485	0.014410674043668937	0.017359276724611104
3.3583583583583585	0.014235999306758446	0.017179251459359144
3.3683683683683685	0.014065584740496006	0.017003172247334695
3.3783783783783785	0.013899287969796335	0.016830920307816393
3.3883883883883885	0.013736972611166715	0.016662381370113184
3.3983983983983985	0.013578507970318744	0.01649744546796615
3.4084084084084085	0.013423768757567964	0.016336006744858824
3.4184184184184185	0.013272634819709507	0.016177963269546545
3.4284284284284285	0.013124990887406592	0.01602321686124464
3.4384384384384385	0.012980726336981538	0.015871672923840018
3.4484484484484486	0.01283973496572897	0.01572324028865441
3.4584584584584586	0.01270191477984343	0.015577831065221339
3.4684684684684686	0.012567167794214854	0.015435360499621282
3.4784784784784786	0.01243539984322184	0.015295746839946686
3.4884884884884886	0.012306520402003885	0.015158911208473076
3.4984984984984986	0.012180442417368768	0.015024777480177819
3.5085085085085086	0.012057082147901885	0.01489327216722611
3.5185185185185186	0.011936359012612413	0.014764324309097838
3.5285285285285286	0.011818195447617533	0.014637865368063488
3.5385385385385386	0.011702516770413668	0.014513829129667116
3.5485485485485486	0.01158925105122988	0.014392151607987711
3.5585585585585586	0.011478328991073258	0.014272770955393463
3.5685685685685686	0.011369683806076902	0.01415562737654753
3.5785785785785786	0.011263251117740397	0.014040663046461427
3.5885885885885886	0.011158968848753231	0.013927822032330886
3.5985985985985987	0.011056777124089654	0.013817050219011749
3.6086086086086087	0.010956618177029696	0.013708295237894224
3.6186186186186187	0.010858436259860786	0.013601506399040418
3.6286286286286287	0.010762177558981187	0.013496634626378916
3.6386386386386387	0.01066779011417159	0.013393632395818054
3.6486486486486487	0.010575223741766013	0.013292453676141956
3.6586586586586587	0.010484429961562116	0.01319305387249255
3.6686686686686687	0.010395361927208148	0.013095389772394982
3.6786786786786787	0.010307974359934592	0.012999419494110447
3.6886886886886887	0.010222223485389776	0.012905102437249565
3.6986986986986987	0.010138066973447926	0.012812399235535099
3.7087087087087087	0.010055463880836498	0.01272127171157169
3.7187187187187187	0.00997437459641117	0.012631682833577398
3.7287287287287287	0.009894760788941597	0.012543596673924438
3.7387387387387387	0.009816585357297982	0.012456978369451805
3.7487487487487487	0.009739812382887217	0.012371794083429533
3.7587587587587588	0.00966440708422759	0.01228801096911371
3.7687687687687688	0.009590335773580589	0.012205597134811933
3.7787787787787788	0.009517565815491182	0.012124521610380082
3.7887887887887888	0.009446065587157661	0.012044754315103644
3.798798798798799	0.009375804440569992	0.011966266026872851
3.808808808808809	0.009306752666270356	0.011889028352606097
3.818818818818819	0.009238881458699269	0.011813013699880144
3.828828828828829	0.009172162883027675	0.011738195249670152
3.838838838838839	0.009106569843415764	0.011664546930178989
3.848848848848849	0.009042076052630021	0.0115920433917176
3.858858858858859	0.008978656002908675	0.011520659982545376
3.868868868868869	0.008916284938105373	0.011450372725679003
3.878878878878879	0.008854938826942597	0.011381158296584202
3.888888888888889	0.008794594337413756	0.011312994001730668
3.898898898898899	0.008735228812229915	0.011245857757980305
3.908908908908909	0.008676820245257831	0.011179728072760256
3.918918918918919	0.00861934725893189	0.011114584024968984
3.928928928928929	0.00856278908259387	0.011050405246629822
3.938938938938939	0.008507125531674	0.0109871719052262
3.948948948948949	0.008452336987734212	0.010924864686674177
3.958958958958959	0.008398404379283374	0.010863464778959324
3.968968968968969	0.008345309163365901	0.010802953856357473
3.978978978978979	0.008293033307877652	0.010743314064242601
3.988988988988989	0.00824155927454447	0.010684528004440967
3.998998998998999	0.008190870002615203	0.010626578721133624
4.009009009009009	0.008140948893121688	0.010569449687249908
4.019019019019019	0.008091779793795141	0.010513124791358212
4.029029029029029	0.008043346984536588	0.010457588325033938
4.039039039039039	0.007995635163433504	0.010402824970656541
4.049049049049049	0.007948629433328224	0.010348819789659179
4.059059059059059	0.007902315288864316	0.010295558211177424
4.069069069069069	0.007856678604035636	0.010243026021097137
4.079079079079079	0.0078117056201885944	0.010191209351501213
4.089089089089089	0.0077673829344750865	0.01014009467045073
4.099099099099099	0.007723697488724018	0.010089668772142076
4.109109109109109	0.007680636558723491	0.010039918767401576
4.119119119119119	0.007638187743883508	0.00999083207448389
4.129129129129129	0.007596338957293802	0.009942396410211373
4.1391391391391394	0.007555078416115941	0.0098945997813866
4.1491491491491495	0.007514394632326185	0.009847430476513605
4.1591591591591595	0.007474276403804233	0.009800877057779806
4.1691691691691695	0.007434712805711016	0.009754928353320029
4.1791791791791795	0.007395693182186597	0.009709573449720715
4.1891891891891895	0.007357207138340812	0.00966480168478731
4.1991991991991995	0.007319244532510752	0.009620602640536118
4.2092092092092095	0.007281795468798851	0.009576966136421772
4.2192192192192195	0.007244850289866868	0.00953388222278072
4.2292292292292295	0.007208399569959275	0.009491341174493798
4.2392392392392395	0.007172434108195204	0.009449333484835532
4.2492492492492495	0.007136944922066421	0.009407849859550342
4.2592592592592595	0.0071019232411608044	0.009366881211077819
4.2692692692692695	0.007067360501099056	0.009326418653001963
4.2792792792792795	0.007033248337671572	0.009286453494645219
4.2892892892892895	0.00699957858117515	0.009246977235846289
4.2992992992992995	0.006966343250928738	0.009207981561896342
4.3093093093093096	0.006933534549977888	0.009169458338637707
4.31931931931932	0.006901144859974134	0.00913139960771115
4.32932932932933	0.006869166736212196	0.0090937975819481
4.33933933933934	0.0068375929028372815	0.009056644640905803
4.34934934934935	0.0068064162482026095	0.009019933326543793
4.35935935935936	0.006775629820384318	0.008983656339023207
4.36936936936937	0.0067452268228253036	0.008947806532633459
4.37937937937938	0.006715200610130875	0.008912376911857799
4.38938938938939	0.006685544683995965	0.008877360627533805
4.3993993993994	0.0066562526892524265	0.008842750973146728
4.40940940940941	0.006627318410048065	0.008808541381219955
4.41941941941942	0.006598735766152758	0.008774725419820849
4.42942942942943	0.006570498809354126	0.008741296789167075
4.43943943943944	0.0065426017200010955	0.008708249318336754
4.44944944944945	0.006515038803616877	0.008675576962064457
4.45945945945946	0.0064878044876441575	0.008643273797637891
4.46946946946947	0.006460893318274199	0.008611334021881781
4.47947947947948	0.006434299957377968	0.008579751948237197
4.48948948948949	0.006408019179538007	0.00854852200391181
4.4994994994995	0.006382045869147675	0.00851763872711446
4.50950950950951	0.006356375017618184	0.00848709676437844
4.51951951951952	0.006331001720668058	0.008456890867950859
4.52952952952953	0.00630592117567585	0.008427015893257324
4.53953953953954	0.006281128679132977	0.00839746679643893
4.54954954954955	0.006256619624154795	0.008368238631962281
4.55955955955956	0.006232389498076121	0.00833932655028753
4.56956956956957	0.006208433880110111	0.008310725795611188
4.57957957957958	0.0061847484390765	0.008282431703657337
4.58958958958959	0.006161328931200817	0.008254439699548588
4.5995995995996	0.006138171197971825	0.008226745295720385
4.60960960960961	0.006115271164059775	0.00819934408989429
4.61961961961962	0.006092624835293823	0.0081722317631173
4.62962962962963	0.0060702282967106695	0.008145404077835696
4.63963963963964	0.006048077710632861	0.008118856876042224
4.64964964964965	0.006026169314830038	0.008092586077451933
4.65965965965966	0.0060044994207034364	0.008066587677748092
4.66966966966967	0.00598306441154899	0.008040857746852028
4.67967967967968	0.005961860740846955	0.008015392427257797
4.68968968968969	0.00594088493061163	0.007990187932406816
4.6996996996997	0.005920133569776121	0.007965240545092934
4.70970970970971	0.005899603312640829	0.007940546615926124
4.71971971971972	0.005879290877340458	0.007916102561826737
4.72972972972973	0.005859193044364107	0.00789190486456277
4.73973973973974	0.005839306655127777	0.007867950069317783
4.74974974974975	0.00581962861056193	0.00784423478331109
4.75975975975976	0.0058001558697467655	0.007820755674429988
4.76976976976977	0.005780885448600341	0.007797509469930105
4.77977977977978	0.005761814418575305	0.007774492955127594
4.78978978978979	0.005742939905404286	0.007751702972165041
4.7997997997998	0.005724259087884822	0.007729136418781726
4.80980980980981	0.005705769196677693	0.007706790247121337
4.81981981981982	0.0056874675131571	0.007684661462581435
4.82982982982983	0.005669351368276127	0.007662747122668688
4.83983983983984	0.0056514181414683675	0.007641044335908161
4.84984984984985	0.005633665259586478	0.007619550260760369
4.85985985985986	0.005616090195837842	0.0075982621045765555
4.86986986986987	0.005598690468790706	0.007577177122574554
4.87987987987988	0.005581463641376158	0.007556292616836782
4.88988988988989	0.005564407319921418	0.007535605935342736
4.8998998998999	0.005547519153210485	0.007515114471017674
4.90990990990991	0.005530796831570507	0.007494815660801392
4.91991991991992	0.005514238085981522	0.007474706984754346
4.92992992992993	0.005497840687196054	0.007454785965162458
4.93993993993994	0.005481602444907452	0.007435050165686199
4.94994994994995	0.005465521206902494	0.007415497190514635
4.95995995995996	0.00544959485827518	0.0073961246835490884
4.96996996996997	0.005433821320626852	0.007376930327595484
4.97997997997998	0.005418198551304085	0.007357911843593308
4.98998998998999	0.005402724542648722	0.007339066989839853
5.0	0.005387397321273482	0.007320393561254187
