-5.0	0.003204399582557306	0.004516922669933296
-4.98998998998999	0.0032128600998954965	0.004519160064443558
-4.97997997997998	0.0032228199247243336	0.004523386074275722
-4.96996996996997	0.003234320587760011	0.0045296399548746735
-4.95995995995996	0.003247407521779753	0.004537965557001854
-4.94994994994995	0.003262130328199611	0.004548411594418909
-4.93993993993994	0.0032785430716763186	0.004561031941392085
-4.92992992992993	0.0032967046058134165	0.004575885962548635
-4.91991991991992	0.0033166789331001167	0.004593038878778155
-4.90990990990991	0.003338535603274371	0.004612562172801231
-4.8998998998999	0.0033623501543758746	0.004634534038614662
-4.88988988988989	0.0033882046013556885	0.004659039879882945
-4.87987987987988	0.0034161879780231913	0.004686172862690715
-4.86986986986987	0.0034463969388341485	0.004716034528681755
-4.85985985985986	0.0034789364278035202	0.0047487354762421295
-4.84984984984985	0.0035139204229055004	0.004784396117236384
-4.83983983983984	0.0035514727658261342	0.004823147519092397
-4.82982982982983	0.003591728088091838	0.004865132342538882
-4.81981981981982	0.003634832846191607	0.004910505887228257
-4.80980980980981	0.003680946480660016	0.0049594372593671845
-4.7997997997998	0.0037302427160804865	0.005012110677139115
-4.78978978978979	0.003782911021707944	0.005068726932873125
-4.77977977977978	0.00383915825562712	0.0051295050329513
-4.76976976976977	0.003899210519397308	0.005194684040636459
-4.75975975975976	0.003963315254065869	0.005264525150571212
-4.74974974974975	0.0040317436143839985	0.005339314028552933
-4.73973973973974	0.004104793163856575	0.005419363455747671
-4.72972972972973	0.004182790941457349	0.005505016323457937
-4.71971971971972	0.004266096959760921	0.005596649032195991
-4.70970970970971	0.004355108204791067	0.0056946753588608965
-4.6996996996997	0.004450263222553968	0.005799550866608612
-4.68968968968969	0.004552047392112891	0.005911777946875413
-4.67967967967968	0.004660999005959076	0.006031911598870146
-4.66966966966967	0.004777716302227143	0.006160566072905587
-4.65965965965966	0.004902865623359193	0.006298422528483285
-4.64964964964965	0.005037190913108402	0.006446237888843772
-4.63963963963964	0.005181524809235887	0.006604855110769803
-4.62962962962963	0.005336801647137399	0.00677521513536671
-4.61961961961962	0.005504072761022185	0.006958370842549778
-4.60960960960961	0.005684524560287935	0.0071555034037991995
-4.5995995995996	0.0058794999733584805	0.007367941518164919
-4.58958958958959	0.006090523998181646	0.007597184128958446
-4.57957957957958	0.006319334286018043	0.007844927363381816
-4.56956956956957	0.00656791792840755	0.008113096619183803
-4.55955955955956	0.006838555933083091	0.008403884958717323
-4.54954954954955	0.0071338772870515755	0.008719799272721885
-4.53953953953954	0.007456925052168061	0.009063716071394463
-4.52952952952953	0.007811237663259603	0.009438949275890448
-4.51951951951952	0.008200949572903479	0.009849333064169146
-4.50950950950951	0.00863091670590506	0.01029932373079835
-4.4994994994995	0.009106873988568034	0.010794125733955039
-4.48948948948949	0.009635634706350869	0.011339848747108812
-4.47947947947948	0.010225344920489167	0.011943704776859392
-4.46946946946947	0.010885811082288619	0.012614257509963601
-4.45945945945946	0.011628926009765466	0.013361740377055271
-4.44944944944945	0.012469228577082526	0.01419846593107118
-4.43943943943944	0.013424647457027976	0.015139357873992199
-4.42942942942943	0.01451750166568169	0.016202649727565275
-4.41941941941942	0.01577586474105476	0.017410812767411056
-4.40940940940941	0.017235452201527158	0.018791803665365328
-4.3993993993994	0.018942275473464755	0.020380764580591636
-4.38938938938939	0.020956440634886497	0.022222373943827103
-4.37937937937938	0.023357694506940675	0.024374149719276036
-4.36936936936937	0.026253702916377762	0.026911174324752277
-4.35935935935936	0.02979271835019151	0.029932987822237193
-4.34934934934935	0.03418351884472867	0.033573868674062736
-4.33933933933934	0.039727820325412354	0.038018551945688484
-4.32932932932933	0.046874965101760986	0.04352694591413595
-4.31931931931932	0.05631830202972995	0.05047426767678359
-4.3093093093093096	0.06917403624452823	0.05941867994770317
-4.2992992992992995	0.08733441601810515	0.07122032154330059
-4.2892892892892895	0.11422071045964297	0.08726181752107955
-4.2792792792792795	0.15655178722488505	0.10988284472081485
-4.2692692692692695	0.22906030902475136	0.14330421438829594
-4.2592592592592595	0.3694724342679906	0.19579094880255699
-4.2492492492492495	0.7002126105277502	0.2853929440957061
-4.2392392392392395	1.8236649193347145	0.4580454956236941
-4.2292292292292295	11.722160623807618	0.8611733853322024
-4.2192192192192195	17.45417898969363	2.2013854847381973
-4.2092092092092095	2.071680759760226	12.674136201650404
-4.1991991991991995	0.7246142863312145	19.24605195261902
-4.1891891891891895	0.36127959990502867	2.5606496446717784
-4.1791791791791795	0.2143587934247361	0.8993218000218276
-4.1691691691691695	0.1410396166573816	0.44766435102237023
-4.1591591591591595	0.09938257094728736	0.2649746655494803
-4.1491491491491495	0.07353128201686031	0.17390185468327113
-4.1391391391391394	0.05642827700817184	0.12222960223927347
-4.129129129129129	0.044549769679407686	0.09021012368846464
-4.119119119119119	0.03597898006545077	0.06905752067524955
-4.109109109109109	0.02960162373564889	0.054387941469554224
-4.099099099099099	0.02473458666408603	0.04381860166744411
-4.089089089089089	0.020940473045714097	0.03596542625959848
-4.079079079079079	0.01792887642350763	0.029980593298295968
-4.069069069069069	0.015500967700144917	0.02532168257577009
-4.059059059059059	0.013516980143196657	0.021628844306832935
-4.049049049049049	0.011876391111850149	0.018655898249159385
-4.039039039039039	0.010505439198096761	0.01622992655447402
-4.029029029029029	0.009349032841399742	0.014226659084790434
-4.019019019019019	0.008365371192341002	0.012554978168582384
-4.009009009009009	0.007522286867657898	0.011146880166989991
-3.998998998998999	0.006794708976487054	0.009950805605363279
-3.988988988988989	0.006162871183577768	0.008927106820756451
-3.978978978978979	0.005611025161983482	0.008044905621383191
-3.968968968968969	0.0051265030764269396	0.007279874933889088
-3.958958958958959	0.004699025080528361	0.006612646936600425
-3.948948948948949	0.004320181397260229	0.006027653653653765
-3.938938938938939	0.003983040513360196	0.005512270991299266
-3.928928928928929	0.0036818496327154144	0.005056178891477328
-3.918918918918919	0.0034118034144320773	0.0046508775326275145
-3.908908908908909	0.003168863800140137	0.00428931763680117
-3.898898898898899	0.0029496184525043454	0.003965615193644068
-3.888888888888889	0.0027511686488068746	0.0036748293165697553
-3.878878878878879	0.0025710398427096384	0.0034127877904910763
-3.868868868868869	0.002407109814689112	0.0031759489861595816
-3.858858858858859	0.0022575505752737137	0.0029612917495788456
-3.848848848848849	0.0021207811002343546	0.0027662269889657063
-3.838838838838839	0.001995428655013276	0.002588526219537064
-3.828828828828829	0.0018802969745819022	0.002426263459168804
-3.818818818818819	0.001774339947956793	0.002277767706389028
-3.808808808808809	0.00167663974839481	0.002141583860795595
-3.798798798798799	0.0015863885735218858	0.00201644041956357
-3.7887887887887888	0.0015028733324299812	0.001901222644489699
-3.7787787787787788	0.0014254627497599704	0.0017949501688830165
-3.7687687687687688	0.001353596461959153	0.001696758227664084
-3.7587587587587588	0.001286775762893673	0.0016058818579023162
-3.7487487487487487	0.0012245557203231312	0.001521642546515657
-3.7387387387387387	0.0011665384370939847	0.0014434369031259432
-3.7287287287287287	0.0011123672715061337	0.0013707270157610485
-3.7187187187187187	0.0010617218645091581	0.0013030322107516756
-3.7087087087087087	0.0010143138479952875	0.0012399219891312803
-3.6986986986986987	0.0009698831301461455	0.0011810099519687068
-3.6886886886886887	0.0009281946709912544	0.0011259485604072548
-3.6786786786786787	0.0008890356761549231	0.0010744246023635063
-3.6686686686686687	0.0008522131479322931	0.0010261552596225695
-3.6586586586586587	0.0008175517431331679	0.0009808846864472229
-3.6486486486486487	0.0007848918944655067	0.0009383810255899516
-3.6386386386386387	0.0007540881593951288	0.0008984337991948457
-3.6286286286286287	0.000725007765654923	0.0008608516219526822
-3.6186186186186187	0.0006975293271276348	0.000825460192192902
-3.6086086086086087	0.0006715417078700746	0.0007921005229574646
-3.5985985985985987	0.0006469430151311638	0.0007606273813041521
-3.5885885885885886	0.0006236397049391061	0.0007309079081951517
-3.5785785785785786	0.000601545786246952	0.0007028203957559048
-3.5685685685685686	0.0005805821114194462	0.0006762532018619756
-3.5585585585585586	0.0005606757425811006	0.0006511037847025338
-3.5485485485485486	0.0005417593848366251	0.0006272778426134573
-3.5385385385385386	0.0005237708782917007	0.0006046885462822035
-3.5285285285285286	0.000506652742235097	0.0005832558522383105
-3.5185185185185186	0.0004903517653388992	0.0005629058880319727
-3.5085085085085086	0.00047481863673370445	0.0005435704006963327
-3.4984984984984986	0.00046000761340205746	0.0005251862612580421
-3.4884884884884886	0.0004458762198827049	0.0005076950188348216
-3.4784784784784786	0.0004323849767244668	0.0004910424989000389
-3.4684684684684686	0.000419497154663696	0.0004751784407009451
-3.4584584584584586	0.0004071785517688545	0.00046005616960164146
-3.4484484484484486	0.0003953972911312505	0.00044563230066233607
-3.4384384384384385	0.0003841236370635263	0.0004318664699477503
-3.4284284284284285	0.00037332982775037686	0.0004187210909004426
-3.4184184184184185	0.0003629899228730267	0.00040616113292945373
-3.4084084084084085	0.0003530796646055131	0.00039415392009503337
-3.3983983983983985	0.00034357635068009364	0.0003826689478410101
-3.3883883883883885	0.0003344587183686158	0.00037167771584689646
-3.3783783783783785	0.00032570683833589223	0.00036115357558613216
-3.3683683683683685	0.000317302017370449	0.0003510715909944184
-3.3583583583583585	0.0003092267092330169	0.00034140841107527616
-3.3483483483483485	0.0003014644327923178	0.00033214215325862487
-3.3383383383383385	0.00029399969686295853	0.0003232522965071414
-3.3283283283283285	0.0002868179310286486	0.0003147195832721817
-3.3183183183183185	0.00027990542200810034	0.0003065259294420878
-3.3083083083083085	0.00027324925500045	0.000298654341598265
-3.2982982982982985	0.00026683725966101135	0.00029108884092906304
-3.2882882882882885	0.0002606579601492705	0.0002838143930732562
-3.2782782782782784	0.00025470052905421223	0.0002768168435815447
-3.2682682682682684	0.0002489547448119951	0.0002700828582975461
-3.2582582582582584	0.00024341095225082718	0.00026359986839127045
-3.2482482482482484	0.0002380600261062673	0.0002573560195367578
-3.2382382382382384	0.0002328933372153283	0.0002513401249159061
-3.2282282282282284	0.00022790272111125623	0.00024554162174177417
-3.2182182182182184	0.00022308044896262192	0.0002399505310266674
-3.2082082082082084	0.00021841920051689356	0.00023455742022115823
-3.1981981981981984	0.00021391203898149115	0.00022935336864484695
-3.1881881881881884	0.0002095523876796735	0.0002243299353374204
-3.1781781781781784	0.00020533400828303696	0.0002194791292372362
-3.1681681681681684	0.0002012509805839777	0.00021479338145331055
-3.1581581581581584	0.00019729768361790076	0.000210265519454585
-3.1481481481481484	0.00019346877806306845	0.00020588874310381767
-3.1381381381381384	0.00018975918984604281	0.0002016566022716692
-3.1281281281281283	0.00018616409478355102	0.0001975629760129773
-3.118118118118118	0.00018267890429773687	0.00019360205314804003
-3.108108108108108	0.00017929925200011837	0.00018976831412993505
-3.098098098098098	0.00017602098119895855	0.00018605651412255308
-3.088088088088088	0.0001728401331563378	0.00018246166718271627
-3.078078078078078	0.00016975293614081093	0.0001789790315055073
-3.068068068068068	0.00016675579512652908	0.0001756040955778009
-3.058058058058058	0.00016384528218008185	0.00017233256525953303
-3.048048048048048	0.00016101812740628558	0.0001691603516704706
-3.038038038038038	0.0001582712104734932	0.0001660835598333908
-3.028028028028028	0.0001556015526448575	0.0001630984780514116
-3.018018018018018	0.00015300630930160705	0.0001602015679406986
-3.008008008008008	0.00015048276291504788	0.00015738945504471
-2.997997997997998	0.0001480283164287841	0.0001546589200803295
-2.987987987987988	0.00014564048704434517	0.00015200689066566621
-2.977977977977978	0.00014331690036290396	0.00014943043356876117
-2.967967967967968	0.00014105528487891664	0.00014692674743394592
-2.957957957957958	0.00013885346676576626	0.0001444931558876919
-2.947947947947948	0.00013670936502026049	0.0001421271011274305
-2.937937937937938	0.0001346209868023897	0.00013982613780753696
-2.9279279279279278	0.00013258642310639128	0.0001375879273469964
-2.9179179179179178	0.00013060384464883782	0.00013541023251087338
-2.9079079079079078	0.00012867149798182466	0.00013329091235455038
-2.8978978978978978	0.00012678770182517456	0.00013122791739266214
-2.8878878878878878	0.0001249508436177294	0.00012921928510582206
-2.8778778778778777	0.0001231593762188337	0.00012726313564924904
-2.8678678678678677	0.00012141181483614954	0.00012535766783421616
-2.8578578578578577	0.00011970673407664656	0.00012350115530210696
-2.8478478478478477	0.00011804276518763182	0.00012169194293283732
-2.8378378378378377	0.00011641859341769218	0.0001199284434412955
-2.8278278278278277	0.00011483295554022433	0.00011820913414975683
-2.8178178178178177	0.00011328463749076132	0.00011653255394782195
-2.8078078078078077	0.00011177247213316186	0.0001148973003952863
-2.7977977977977977	0.00011029533714408015	0.00011330202700762988
-2.7877877877877877	0.00010885215300157186	0.00011174544065647024
-2.7777777777777777	0.00010744188107741323	0.00011022629912336475
-2.7677677677677677	0.00010606352182972099	0.0001087434087738113
-2.7577577577577577	0.00010471611308063092	0.00010729562235052766
-2.7477477477477477	0.00010339872838748308	0.00010588183688655817
-2.7377377377377377	0.0001021104754861663	0.00010450099172408192
-2.7277277277277276	0.00010085049481809677	0.00010315206662423723
-2.7177177177177176	9.961795813081748e-5	0.00010183407997896509
-2.7077077077077076	9.84120671454471e-5	0.00010054608712285607
-2.6976976976976976	9.72320522752786e-5	9.928717870633147e-5
-2.6876876876876876	9.60771714374422e-5	9.805647916909473e-5
-2.6776776776776776	9.49467088864123e-5	9.685314527957791e-5
-2.6676676676676676	9.383997412512623e-5	9.567636475306378e-5
-2.6576576576576576	9.275630086398325e-5	9.452535491454356e-5
-2.6476476476476476	9.169504602442492e-5	9.339936146712354e-5
-2.6376376376376376	9.065558879174959e-5	9.229765728033971e-5
-2.6276276276276276	8.963732970868892e-5	9.121954125209697e-5
-2.6176176176176176	8.863968981704827e-5	9.016433723682768e-5
-2.6076076076076076	8.76621098393477e-5	8.913139299219113e-5
-2.5975975975975976	8.670404938601996e-5	8.812007921608091e-5
-2.5875875875875876	8.576498621155205e-5	8.712978859168834e-5
-2.5775775775775776	8.484441549853524e-5	8.615993490258769e-5
-2.5675675675675675	8.394184917622279e-5	8.520995216828828e-5
-2.5575575575575575	8.30568152650593e-5	8.427929384380668e-5
-2.5475475475475475	8.218885726307545e-5	8.336743202807422e-5
-2.5375375375375375	8.133753353212241e-5	8.247385673384181e-5
-2.5275275275275275	8.050241673936118e-5	8.159807516907696e-5
-2.5175175175175175	7.96830933242348e-5	8.073961106732195e-5
-2.5075075075075075	7.887916295241538e-5	7.989800403565229e-5
-2.4974974974974975	7.809023803809307e-5	7.907280894196511e-5
-2.4874874874874875	7.731594325247592e-5	7.826359532316478e-5
-2.4774774774774775	7.65559150780328e-5	7.746994681459211e-5
-2.4674674674674675	7.580980136983057e-5	7.669146062052504e-5
-2.4574574574574575	7.507726092464414e-5	7.592774698439146e-5
-2.4474474474474475	7.435796309916569e-5	7.517842871174815e-5
-2.4374374374374375	7.365158741032634e-5	7.444314067990394e-5
-2.4274274274274275	7.295782317247883e-5	7.372152939682337e-5
-2.4174174174174174	7.227636914534574e-5	7.301325256209278e-5
-2.4074074074074074	7.160693319612327e-5	7.231797865770245e-5
-2.3973973973973974	7.094923196861054e-5	7.163538654282145e-5
-2.3873873873873874	7.030299057923731e-5	7.09651650747041e-5
-2.3773773773773774	6.966794231673465e-5	7.030701275381664e-5
-2.3673673673673674	6.904382834896108e-5	6.966063735738621e-5
-2.3573573573573574	6.843039746050247e-5	6.902575561716481e-5
-2.3473473473473474	6.782740577041286e-5	6.840209289385633e-5
-2.3373373373373374	6.723461649820649e-5	6.778938286305164e-5
-2.3273273273273274	6.665179970660734e-5	6.71873672305242e-5
-2.3173173173173174	6.607873207248533e-5	6.659579543637163e-5
-2.3073073073073074	6.551519665818815e-5	6.60144243890641e-5
-2.2972972972972974	6.49609827028681e-5	6.544301820780271e-5
-2.2872872872872874	6.441588540756037e-5	6.488134796021616e-5
-2.2772772772772774	6.38797057376379e-5	6.432919142615273e-5
-2.2672672672672673	6.335225023218304e-5	6.378633287727433e-5
-2.2572572572572573	6.283333081915145e-5	6.32525628343755e-5
-2.2472472472472473	6.232276463389969e-5	6.272767786636724e-5
-2.2372372372372373	6.182037385059522e-5	6.221148038510883e-5
-2.2272272272272273	6.132598552197871e-5	6.170377843970782e-5
-2.2172172172172173	6.083943141251217e-5	6.120438553601566e-5
-2.2072072072072073	6.03605478537037e-5	6.071312044715085e-5
-2.1971971971971973	5.988917559198262e-5	6.022980704127578e-5
-2.1871871871871873	5.942515964990719e-5	5.975427410960891e-5
-2.1771771771771773	5.896834918830154e-5	5.928635521103557e-5
-2.1671671671671673	5.8518597376913044e-5	5.882588850272591e-5
-2.1571571571571573	5.807576126769057e-5	5.837271660501633e-5
-2.1471471471471473	5.7639701673114016e-5	5.792668644312787e-5
-2.1371371371371373	5.721028304327015e-5	5.748764911814827e-5
-2.1271271271271273	5.6787373363178967e-5	5.705545976284187e-5
-2.1171171171171173	5.637084403363155e-5	5.662997742034071e-5
-2.1071071071071072	5.5960569772758596e-5	5.621106491574416e-5
-2.0970970970970972	5.555642851014043e-5	5.5798588736469295e-5
-2.0870870870870872	5.5158301291581246e-5	5.53924189146638e-5
-2.0770770770770772	5.4766072182043285e-5	5.499242891918915e-5
-2.067067067067067	5.4379628178075504e-5	5.459849554823484e-5
-2.057057057057057	5.3998859115100404e-5	5.4210498818729e-5
-2.047047047047047	5.3623657586202895e-5	5.382832187611062e-5
-2.037037037037037	5.32539188603323e-5	5.345185088938437e-5
-2.027027027027027	5.288954079672927e-5	5.308097496461827e-5
-2.017017017017017	5.2530423779479993e-5	5.271558605266744e-5
-2.007007007007007	5.217647063046891e-5	5.235557886005934e-5
-1.996996996996997	5.1827586550997094e-5	5.2000850767379116e-5
-1.986986986986987	5.148367904431005e-5	5.1651301752236165e-5
-1.976976976976977	5.1144657847626725e-5	5.130683430536446e-5
-1.966966966966967	5.081043487676441e-5	5.096735335828967e-5
-1.956956956956957	5.0480924153843754e-5	5.0632766211613965e-5
-1.946946946946947	5.015604175606219e-5	5.030298246395862e-5
-1.936936936936937	4.983570574892418e-5	4.9977913945878647e-5
-1.926926926926927	4.951983613594992e-5	4.9657474647091795e-5
-1.916916916916917	4.920835480017958e-5	4.934158066641128e-5
-1.906906906906907	4.890118545564295e-5	4.903015013717796e-5
-1.896896896896897	4.859825359352348e-5	4.8723103177347174e-5
-1.8868868868868869	4.829948643194013e-5	4.8420361830091084e-5
-1.8768768768768769	4.8004812871886755e-5	4.8121850005298524e-5
-1.8668668668668669	4.7714163447727735e-5	4.7827493430697236e-5
-1.8568568568568569	4.742747028421913e-5	4.753721959849714e-5
-1.8468468468468469	4.714466705111198e-5	4.725095771404841e-5
-1.8368368368368369	4.6865688924678894e-5	4.696863865129907e-5
-1.8268268268268268	4.659047254321227e-5	4.6690194902331614e-5
-1.8168168168168168	4.6318955970935794e-5	4.641556053356289e-5
-1.8068068068068068	4.605107865780231e-5	4.614467114304203e-5
-1.7967967967967968	4.578678140283447e-5	4.587746381561855e-5
-1.7867867867867868	4.552600631948503e-5	4.561387708680181e-5
-1.7767767767767768	4.526869680067503e-5	4.5353850896736755e-5
-1.7667667667667668	4.501479748386509e-5	4.509732655751727e-5
-1.7567567567567568	4.476425421914946e-5	4.484424671208637e-5
-1.7467467467467468	4.451701404081568e-5	4.4594555300423015e-5
-1.7367367367367368	4.427302513037995e-5	4.434819752405275e-5
-1.7267267267267268	4.40322367915606e-5	4.4105119812704055e-5
-1.7167167167167168	4.3794599420526115e-5	4.3865269790690474e-5
-1.7067067067067068	4.356006447830845e-5	4.3628596244164674e-5
-1.6966966966966968	4.332858446281173e-5	4.339504909649599e-5
-1.6866866866866868	4.310011288230003e-5	4.3164579368241806e-5
-1.6766766766766767	4.2874604232215616e-5	4.2937139158685645e-5
-1.6666666666666667	4.265201396715766e-5	4.271268161084445e-5
-1.6566566566566567	4.2432298478744965e-5	4.249116088680629e-5
-1.6466466466466467	4.221541507236562e-5	4.2272532143232316e-5
-1.6366366366366367	4.2001321946216966e-5	4.2056751501850006e-5
-1.6266266266266267	4.17899781630529e-5	4.184377602685556e-5
-1.6166166166166167	4.15813436389603e-5	4.163356370340869e-5
-1.6066066066066067	4.137537911070691e-5	4.142607340904753e-5
-1.5965965965965967	4.117204612614103e-5	4.122126489637395e-5
-1.5865865865865867	4.097130701918968e-5	4.1019098765953005e-5
-1.5765765765765767	4.0773124892318564e-5	4.081953645163142e-5
-1.5665665665665667	4.057746359770542e-5	4.062254019278265e-5
-1.5565565565565564	4.038428771980084e-5	4.042807301858019e-5
-1.5465465465465464	4.019356255672845e-5	4.023609872911812e-5
-1.5365365365365364	4.000525410584089e-5	4.0046581873873394e-5
-1.5265265265265264	3.9819329044968355e-5	3.9859487733933664e-5
-1.5165165165165164	3.963575471686621e-5	3.967478230603431e-5
-1.5065065065065064	3.9454499114993075e-5	3.949243228406475e-5
-1.4964964964964964	3.927553086687327e-5	3.9312405041139015e-5
-1.4864864864864864	3.9098819220974624e-5	3.91346686162291e-5
-1.4764764764764764	3.89243340309725e-5	3.895919169493954e-5
-1.4664664664664664	3.875204574274127e-5	3.878594359674566e-5
-1.4564564564564564	3.8581925378805364e-5	3.8614894258421335e-5
-1.4464464464464464	3.841394453019109e-5	3.844601422135292e-5
-1.4364364364364364	3.8248075339449994e-5	3.827927461531483e-5
-1.4264264264264264	3.808429048729818e-5	3.811464714602251e-5
-1.4164164164164164	3.792256318483325e-5	3.795210408035369e-5
-1.4064064064064064	3.776286715917652e-5	3.779161823620874e-5
-1.3963963963963963	3.76051766415533e-5	3.763316296719437e-5
-1.3863863863863863	3.744946635742637e-5	3.747671215182352e-5
-1.3763763763763763	3.72957115152354e-5	3.7322240180033135e-5
-1.3663663663663663	3.714388779536916e-5	3.716972194473343e-5
-1.3563563563563563	3.6993971341515884e-5	3.701913282609332e-5
-1.3463463463463463	3.6845938747439894e-5	3.687044868549793e-5
-1.3363363363363363	3.6699767052448836e-5	3.6723645850479767e-5
-1.3263263263263263	3.6555433725669676e-5	3.657870110617503e-5
-1.3163163163163163	3.641291666190468e-5	3.6435591686932054e-5
-1.3063063063063063	3.6272194169147314e-5	3.6294295263624025e-5
-1.2962962962962963	3.6133244963641725e-5	3.6154789935861175e-5
-1.2862862862862863	3.5996048157489836e-5	3.601705422050205e-5
-1.2762762762762763	3.586058325190276e-5	3.588106704710777e-5
-1.2662662662662663	3.572683012913164e-5	3.5746807743689765e-5
-1.2562562562562563	3.559476904628552e-5	3.561425603263355e-5
-1.2462462462462462	3.546438062435836e-5	3.548339201844537e-5
-1.2362362362362362	3.533564584272218e-5	3.535419618430316e-5
-1.2262262262262262	3.5208546031397146e-5	3.522664937759299e-5
-1.2162162162162162	3.5083062864934005e-5	3.5100732809546564e-5
-1.2062062062062062	3.4959178353158883e-5	3.497642804347473e-5
-1.1961961961961962	3.483687483792066e-5	3.4853716985869134e-5
-1.1861861861861862	3.4716134982665485e-5	3.4732581885060446e-5
-1.1761761761761762	3.459694176882913e-5	3.4613005318731724e-5
-1.1661661661661662	3.447927848761764e-5	3.4494970189099474e-5
-1.1561561561561562	3.436312873607252e-5	3.437845971746837e-5
-1.1461461461461462	3.4248476409942605e-5	3.426345743678197e-5
-1.1361361361361362	3.413530569679031e-5	3.414994718448411e-5
-1.1261261261261262	3.402360107214548e-5	3.403791309919341e-5
-1.1161161161161162	3.39133472925729e-5	3.392733961010012e-5
-1.1061061061061062	3.3804529392439334e-5	3.381821143732135e-5
-1.0960960960960962	3.369713267694567e-5	3.371051358025631e-5
-1.0860860860860861	3.359114271542302e-5	3.3604231316937974e-5
-1.0760760760760761	3.3486545341086244e-5	3.349935019507343e-5
-1.0660660660660661	3.3383326641321245e-5	3.3395856029292794e-5
-1.0560560560560561	3.32814729549377e-5	3.3293734894627365e-5
-1.0460460460460461	3.3180970869565044e-5	3.319297312118234e-5
-1.0360360360360361	3.308180721238556e-5	3.309355729188195e-5
-1.026026026026026	3.298396904974353e-5	3.299547423567762e-5
-1.016016016016016	3.2887443682710945e-5	3.2898711022068035e-5
-1.006006006006006	3.279221864047892e-5	3.2803254958272137e-5
-0.995995995995996	3.269828167670231e-5	3.2709093585234195e-5
-0.985985985985986	3.260562076796539e-5	3.2616214671612484e-5
-0.975975975975976	3.2514224106701276e-5	3.252460621113433e-5
-0.965965965965966	3.2424080101021e-5	3.2434256417991605e-5
-0.955955955955956	3.233517736620832e-5	3.2345153721893704e-5
-0.9459459459459459	3.2247504726751657e-5	3.2257286766942305e-5
-0.9359359359359359	3.216105120696241e-5	3.217064440448712e-5
-0.9259259259259259	3.2075806033055046e-5	3.2085215691855675e-5
-0.9159159159159159	3.1991758623822106e-5	3.200098988755659e-5
-0.9059059059059059	3.19088985947571e-5	3.191795644900395e-5
-0.8958958958958959	3.1827215747069616e-5	3.183610502759409e-5
-0.8858858858858859	3.174670006994169e-5	3.175542546616588e-5
-0.8758758758758759	3.1667341735720864e-5	3.1675907796471374e-5
-0.8658658658658659	3.158913109682415e-5	3.159754223376797e-5
-0.8558558558558559	3.151205868225197e-5	3.152031917757469e-5
-0.8458458458458459	3.143611519632528e-5	3.144422920397462e-5
-0.8358358358358359	3.136129151456332e-5	3.136926306528379e-5
-0.8258258258258259	3.1287578681199754e-5	3.12954116893464e-5
-0.8158158158158159	3.121496790704466e-5	3.1222666171488124e-5
-0.8058058058058059	3.114345056707428e-5	3.115101777606511e-5
-0.7957957957957958	3.107301819564821e-5	3.1080457931991643e-5
-0.7857857857857858	3.1003662487770095e-5	3.1010978230249676e-5
-0.7757757757757757	3.0935375294524184e-5	3.094257042259425e-5
-0.7657657657657657	3.0868148619374426e-5	3.087522641659386e-5
-0.7557557557557557	3.0801974618592115e-5	3.080893827616163e-5
-0.7457457457457457	3.07368455986066e-5	3.07436982172949e-5
-0.7357357357357357	3.0672754010761245e-5	3.067949860575745e-5
-0.7257257257257257	3.0609692453746806e-5	3.061633195535255e-5
-0.7157157157157157	3.0547653667823636e-5	3.0554190927430833e-5
-0.7057057057057057	3.048663053513449e-5	3.0493068324482757e-5
-0.6956956956956957	3.0426616076280116e-5	3.0432957093151138e-5
-0.6856856856856857	3.036760344845508e-5	3.0373850316978296e-5
-0.6756756756756757	3.0309585945789726e-5	3.0315741220357814e-5
-0.6656656656656657	3.025255699390865e-5	3.0258623160622226e-5
-0.6556556556556556	3.0196510150269844e-5	3.0202489630147763e-5
-0.6456456456456456	3.014143910227526e-5	3.0147334253911992e-5
-0.6356356356356356	3.008733766601382e-5	3.009315078565075e-5
-0.6256256256256256	3.003419978346795e-5	3.0039933108422613e-5
-0.6156156156156156	2.998201952157779e-5	2.9987675232445484e-5
-0.6056056056056056	2.9930791069255277e-5	2.9936371291827845e-5
-0.5955955955955956	2.9880508738541594e-5	2.9886015545726258e-5
-0.5855855855855856	2.9831166961013858e-5	2.9836602374071278e-5
-0.5755755755755756	2.9782760286658666e-5	2.978812627811092e-5
-0.5655655655655656	2.9735283383653192e-5	2.9740581876609077e-5
-0.5555555555555556	2.968873103398239e-5	2.9693963907039854e-5
-0.5455455455455456	2.9643098136214223e-5	2.964826722288023e-5
-0.5355355355355356	2.9598379700731252e-5	2.9603486791397896e-5
-0.5255255255255256	2.955457085060358e-5	2.955961769421519e-5
-0.5155155155155156	2.951166681831554e-5	2.9516655123976433e-5
-0.5055055055055055	2.9469662946367025e-5	2.9474594384751395e-5
-0.4954954954954955	2.9428554686075294e-5	2.943343088985502e-5
-0.4854854854854855	2.9388337593538743e-5	2.9393160161099215e-5
-0.4754754754754755	2.934900733382513e-5	2.9353777826814197e-5
-0.46546546546546547	2.9310559673997423e-5	2.9315279621849638e-5
-0.45545545545545546	2.9272990485631326e-5	2.927766138565008e-5
-0.44544544544544545	2.9236295743909657e-5	2.9240919062202774e-5
-0.43543543543543545	2.9200471524412487e-5	2.920504869643822e-5
-0.42542542542542544	2.9165514003795618e-5	2.9170046436438045e-5
-0.41541541541541543	2.9131419458347345e-5	2.9135908531671697e-5
-0.40540540540540543	2.909818426322575e-5	2.9102631329711698e-5
-0.3953953953953954	2.906580489092355e-5	2.907021127706089e-5
-0.38538538538538536	2.903427791129701e-5	2.903864492006902e-5
-0.37537537537537535	2.900359999081455e-5	2.9007928899939642e-5
-0.36536536536536535	2.8973767890617942e-5	2.897805995480068e-5
-0.35535535535535534	2.8944778466345293e-5	2.894903491868792e-5
-0.34534534534534533	2.8916628666712776e-5	2.8920850720439167e-5
-0.3353353353353353	2.8889315535593318e-5	2.8893504381380977e-5
-0.3253253253253253	2.8862836206692742e-5	2.8866993016614915e-5
-0.3153153153153153	2.8837187906675326e-5	2.8841313833728272e-5
-0.3053053053053053	2.8812367952721096e-5	2.881646413261942e-5
-0.2952952952952953	2.878837375192657e-5	2.8792441303004913e-5
-0.2852852852852853	2.876520280197029e-5	2.876924282467307e-5
-0.2752752752752753	2.874285268832886e-5	2.874686626924383e-5
-0.2652652652652653	2.872132108582304e-5	2.8725309295041727e-5
-0.2552552552552553	2.870060575664696e-5	2.8704569650443395e-5
-0.24524524524524524	2.868070455022072e-5	2.868464517103393e-5
-0.23523523523523523	2.8661615404006758e-5	2.8665533780944993e-5
-0.22522522522522523	2.8643336339982392e-5	2.8647233489395707e-5
-0.21521521521521522	2.8625865467002963e-5	2.862974239411999e-5
-0.20520520520520522	2.8609200979299927e-5	2.861305867801004e-5
-0.19519519519519518	2.859334115601801e-5	2.8597180608830897e-5
-0.18518518518518517	2.857828436093035e-5	2.858210654051024e-5
-0.17517517517517517	2.8564029041224876e-5	2.8567834910849806e-5
-0.16516516516516516	2.8550573729503135e-5	2.8554364243311712e-5
-0.15515515515515516	2.853791704009279e-5	2.8541693144688656e-5
-0.14514514514514515	2.852605767182755e-5	2.8529820304439376e-5
-0.13513513513513514	2.8514994405070763e-5	2.8518744497040962e-5
-0.12512512512512514	2.850472610432877e-5	2.850846457870627e-5
-0.11511511511511512	2.8495251715022202e-5	2.8498979490137247e-5
-0.10510510510510511	2.848657026520873e-5	2.8490288252451e-5
-0.09509509509509509	2.8478680864482003e-5	2.8482389969928324e-5
-0.08508508508508508	2.8471582704616247e-5	2.8475283830403168e-5
-0.07507507507507508	2.8465275057964343e-5	2.84689691016187e-5
-0.06506506506506507	2.8459757278394316e-5	2.8463445133218532e-5
-0.055055055055055056	2.845502880154725e-5	2.845871135783831e-5
-0.04504504504504504	2.845108914276174e-5	2.8454767287963796e-5
-0.035035035035035036	2.8447937899549807e-5	2.845161251878115e-5
-0.025025025025025027	2.844557474852876e-5	2.844924672514028e-5
-0.015015015015015015	2.844399944968945e-5	2.8447669664407013e-5
-0.005005005005005005	2.8443211840019395e-5	2.8446881175101543e-5
0.005005005005005005	2.844321184024144e-5	2.8446881174768445e-5
0.015015015015015015	2.8443999449578408e-5	2.8447669664517958e-5
0.025025025025025027	2.8445574748861788e-5	2.8449246725140157e-5
0.035035035035035036	2.8447937899549756e-5	2.845161251833692e-5
0.04504504504504504	2.84510891430947e-5	2.845476728796366e-5
0.055055055055055056	2.845502880143619e-5	2.845871135761598e-5
0.06506506506506507	2.845975727839413e-5	2.8463445133329283e-5
0.07507507507507508	2.846527505752043e-5	2.8468969101729128e-5
0.08508508508508508	2.8471582704727344e-5	2.8475283830513987e-5
0.09509509509509509	2.8478680864704112e-5	2.8482389970149725e-5
0.10510510510510511	2.8486570265319664e-5	2.849028825211744e-5
0.11511511511511512	2.8495251715132344e-5	2.8498979490026136e-5
0.12512512512512514	2.8504726104439253e-5	2.8508464579038212e-5
0.13513513513513514	2.8514994405293052e-5	2.8518744497040294e-5
0.14514514514514515	2.852605767171661e-5	2.8529820304660598e-5
0.15515515515515516	2.853791704009293e-5	2.85416931446885e-5
0.16516516516516516	2.8550573729170657e-5	2.8554364243865604e-5
0.17517517517517517	2.8564029041446215e-5	2.8567834911181403e-5
0.18518518518518517	2.857828436081858e-5	2.8582106540286432e-5
0.19519519519519518	2.8593341155905994e-5	2.8597180608607403e-5
0.20520520520520522	2.8609200979301005e-5	2.8613058677898293e-5
0.21521521521521522	2.862586546689295e-5	2.862974239422912e-5
0.22522522522522523	2.864333633998215e-5	2.8647233489839854e-5
0.23523523523523523	2.8661615404006e-5	2.866553378083123e-5
0.24524524524524524	2.868070455055319e-5	2.868464517103115e-5
0.2552552552552553	2.8700605756425126e-5	2.8704569650331786e-5
0.2652652652652653	2.8721321085822418e-5	2.872530929492955e-5
0.2752752752752753	2.8742852688662805e-5	2.8746866269020427e-5
0.2852852852852853	2.8765202801968507e-5	2.8769242824671458e-5
0.2952952952952953	2.878837375203643e-5	2.8792441302781957e-5
0.3053053053053053	2.8812367952609345e-5	2.8816464132727423e-5
0.3153153153153153	2.8837187906785226e-5	2.884131383417154e-5
0.3253253253253253	2.8862836206804733e-5	2.8866993016277945e-5
0.3353353353353353	2.8889315535370307e-5	2.8893504381379513e-5
0.34534534534534533	2.8916628666934085e-5	2.8920850720438753e-5
0.35535535535535534	2.8944778466123028e-5	2.8949034918573844e-5
0.36536536536536535	2.8973767890616187e-5	2.8978059955131618e-5
0.37537537537537535	2.9003599991256497e-5	2.9007928899382294e-5
0.38538538538538536	2.9034277911740326e-5	2.9038644919953035e-5
0.3953953953953954	2.9065804890810615e-5	2.907021127728086e-5
0.40540540540540543	2.9098184263225004e-5	2.9102631329485974e-5
0.41541541541541543	2.9131419458124755e-5	2.913590853166854e-5
0.42542542542542544	2.9165514003789194e-5	2.917004643643307e-5
0.43543543543543545	2.9200471524520816e-5	2.92050486961023e-5
0.44544544544544545	2.9236295743797954e-5	2.9240919061864696e-5
0.45545545545545546	2.9272990485741745e-5	2.9277661385534418e-5
0.46546546546546547	2.9310559673775436e-5	2.9315279621953247e-5
0.4754754754754755	2.934900733404503e-5	2.9353777826584288e-5
0.4854854854854855	2.938833759364879e-5	2.939316016087195e-5
0.4954954954954955	2.942855468584598e-5	2.9433430889847878e-5
0.5055055055055055	2.9469662946587582e-5	2.9474594384638096e-5
0.5155155155155156	2.9511666818202142e-5	2.9516655123969965e-5
0.5255255255255256	2.955457085059412e-5	2.955961769421534e-5
0.5355355355355356	2.9598379701281837e-5	2.9603486791393017e-5
0.5455455455455456	2.964309813632316e-5	2.9648267222540917e-5
0.5555555555555556	2.9688731034092846e-5	2.9693963906809993e-5
0.5655655655655656	2.9735283383536583e-5	2.9740581876715305e-5
0.5755755755755756	2.978276028687747e-5	2.9788126277875238e-5
0.5855855855855856	2.9831166961003233e-5	2.9836602374284273e-5
0.5955955955955956	2.9880508738425636e-5	2.988601554582652e-5
0.6056056056056056	2.9930791069366957e-5	2.9936371292034145e-5
0.6156156156156156	2.9982019521460825e-5	2.9987675232215657e-5
0.6256256256256256	3.0034199783800215e-5	3.00399331082979e-5
0.6356356356356356	3.0087337666114933e-5	3.0093150785308086e-5
0.6456456456456456	3.014143910216358e-5	3.0147334254011142e-5
0.6556556556556556	3.0196510149919524e-5	3.0202489630359437e-5
0.6656656656656657	3.0252556993665808e-5	3.025862316060618e-5
0.6756756756756757	3.0309585945669162e-5	3.031574122067165e-5
0.6856856856856857	3.0367603449004974e-5	3.0373850317182265e-5
0.6956956956956957	3.0426616076270277e-5	3.0432957092919088e-5
0.7057057057057057	3.0486630535235538e-5	3.0493068324792927e-5
0.7157157157157157	3.0547653667811926e-5	3.0554190927410505e-5
0.7257257257257257	3.0609692453730136e-5	3.0616331955443e-5
0.7357357357357357	3.067275401086042e-5	3.067949860528725e-5
0.7457457457457457	3.073684559836666e-5	3.074369821704441e-5
0.7557557557557557	3.080197461891251e-5	3.0808938276356486e-5
0.7657657657657657	3.086814861946214e-5	3.0875226417015465e-5
0.7757757757757757	3.09353752942863e-5	3.094257042200377e-5
0.7857857857857858	3.100366248830771e-5	3.1010978230331804e-5
0.7957957957957958	3.107301819551425e-5	3.1080457931956624e-5
0.8058058058058059	3.114345056670911e-5	3.1151017776143886e-5
0.8158158158158159	3.121496790701961e-5	3.122266617134034e-5
0.8258258258258259	3.12875786816257e-5	3.129541168930709e-5
0.8358358358358359	3.136129151431378e-5	3.13692630654648e-5
0.8458458458458459	3.143611519629725e-5	3.144422920314843e-5
0.8558558558558559	3.1512058682118165e-5	3.152031917741732e-5
0.8658658658658659	3.1589131096569356e-5	3.159754223404575e-5
0.8758758758758759	3.166734173614328e-5	3.167590779640837e-5
0.8858858858858859	3.174670006969053e-5	3.1755425466098445e-5
0.8958958958958959	3.182721574681633e-5	3.1836105027424344e-5
0.9059059059059059	3.1908898594045575e-5	3.191795644870546e-5
0.9159159159159159	3.19917586237822e-5	3.20009898874833e-5
0.9259259259259259	3.207580603290298e-5	3.2085215691892646e-5
0.9359359359359359	3.216105120726144e-5	3.21706444045113e-5
0.9459459459459459	3.224750472671046e-5	3.2257286767306014e-5
0.955955955955956	3.233517736670316e-5	3.234515372169052e-5
0.965965965965966	3.24240801010795e-5	3.243425641745106e-5
0.975975975975976	3.25142241065375e-5	3.252460621104168e-5
0.985985985985986	3.260562076768782e-5	3.261621467161562e-5
0.995995995995996	3.269828167653068e-5	3.270909358524141e-5
1.006006006006006	3.279221864052213e-5	3.2803254958262426e-5
1.016016016016016	3.288744368329357e-5	3.2898711021728835e-5
1.026026026026026	3.298396905000185e-5	3.2995474235547084e-5
1.0360360360360361	3.308180721241852e-5	3.3093557292299544e-5
1.0460460460460461	3.318097086936631e-5	3.319297312136894e-5
1.0560560560560561	3.328147295542061e-5	3.3293734894127094e-5
1.0660660660660661	3.3383326640677e-5	3.339585602946941e-5
1.0760760760760761	3.348654534122405e-5	3.34993501954719e-5
1.0860860860860861	3.3591142715427255e-5	3.360423131729208e-5
1.0960960960960962	3.369713267651523e-5	3.371051358051317e-5
1.1061061061061062	3.380452939233232e-5	3.3818211436903054e-5
1.1161161161161162	3.391334729256932e-5	3.3927339610230334e-5
1.1261261261261262	3.402360107169379e-5	3.4037913098757655e-5
1.1361361361361362	3.4135305696333194e-5	3.4149947184910875e-5
1.1461461461461462	3.424847641013147e-5	3.426345743719442e-5
1.1561561561561562	3.436312873659696e-5	3.437845971719796e-5
1.1661661661661662	3.4479278487689194e-5	3.449497018890973e-5
1.1761761761761762	3.4596941768993945e-5	3.4613005318765125e-5
1.1861861861861862	3.4716134982716225e-5	3.473258188553752e-5
1.1961961961961962	3.483687483820712e-5	3.4853716985985475e-5
1.2062062062062062	3.4959178353959384e-5	3.497642804333973e-5
1.2162162162162162	3.5083062864404684e-5	3.510073280961053e-5
1.2262262262262262	3.5208546031743345e-5	3.522664937755483e-5
1.2362362362362362	3.533564584225509e-5	3.535419618399328e-5
1.2462462462462462	3.5464380624232156e-5	3.548339201848494e-5
1.2562562562562563	3.5594769046248326e-5	3.561425603231619e-5
1.2662662662662663	3.572683012953216e-5	3.5746807743881025e-5
1.2762762762762763	3.586058325163181e-5	3.588106704683173e-5
1.2862862862862863	3.599604815719622e-5	3.6017054220866896e-5
1.2962962962962963	3.613324496389305e-5	3.615478993564096e-5
1.3063063063063063	3.6272194169402766e-5	3.629429526404395e-5
1.3163163163163163	3.6412916661794636e-5	3.6435591687175254e-5
1.3263263263263263	3.655543372596252e-5	3.657870110652861e-5
1.3363363363363363	3.669976705238671e-5	3.672364585067341e-5
1.3463463463463463	3.684593874770607e-5	3.6870448685582616e-5
1.3563563563563563	3.699397134130543e-5	3.701913282656919e-5
1.3663663663663663	3.71438877951238e-5	3.71697219444975e-5
1.3763763763763763	3.729571151477774e-5	3.732224017973345e-5
1.3863863863863863	3.744946635772031e-5	3.747671215148361e-5
1.3963963963963963	3.760517664123443e-5	3.763316296736579e-5
1.4064064064064064	3.776286715908414e-5	3.779161823578035e-5
1.4164164164164164	3.792256318504316e-5	3.795210408074163e-5
1.4264264264264264	3.808429048744759e-5	3.811464714561309e-5
1.4364364364364364	3.824807533958379e-5	3.82792746157494e-5
1.4464464464464464	3.8413944529952345e-5	3.844601422172634e-5
1.4564564564564564	3.8581925378858714e-5	3.8614894258729926e-5
1.4664664664664664	3.8752045741445595e-5	3.878594359685451e-5
1.4764764764764764	3.8924334031101304e-5	3.8959191695115196e-5
1.4864864864864864	3.9098819221032303e-5	3.9134668616546564e-5
1.4964964964964964	3.927553086730349e-5	3.931240504149248e-5
1.5065065065065064	3.9454499114955995e-5	3.949243228401379e-5
1.5165165165165164	3.963575471676516e-5	3.9674782306450875e-5
1.5265265265265264	3.9819329044947545e-5	3.985948773418283e-5
1.5365365365365364	4.0005254106195437e-5	4.004658187389833e-5
1.5465465465465464	4.019356255669787e-5	4.023609872967954e-5
1.5565565565565564	4.038428771994007e-5	4.042807301870899e-5
1.5665665665665667	4.0577463597978e-5	4.062254019281756e-5
1.5765765765765767	4.07731248927102e-5	4.081953645189142e-5
1.5865865865865867	4.097130702000091e-5	4.101909876633618e-5
1.5965965965965967	4.117204612625921e-5	4.122126489617358e-5
1.6066066066066067	4.1375379110854806e-5	4.142607340907138e-5
1.6166166166166167	4.158134363847716e-5	4.163356370368648e-5
1.6266266266266267	4.178997816423451e-5	4.184377602687681e-5
1.6366366366366367	4.2001321946817424e-5	4.205675150225638e-5
1.6466466466466467	4.221541507396424e-5	4.227253214378528e-5
1.6566566566566567	4.243229847879939e-5	4.249116088806381e-5
1.6666666666666667	4.265201396685494e-5	4.271268161171684e-5
1.6766766766766767	4.2874604232618526e-5	4.293713915918787e-5
1.6866866866866868	4.310011288249433e-5	4.316457936876658e-5
1.6966966966966968	4.332858446285293e-5	4.3395049096906486e-5
1.7067067067067068	4.356006447879962e-5	4.362859624494837e-5
1.7167167167167168	4.3794599420769213e-5	4.3865269790840975e-5
1.7267267267267268	4.40322367912646e-5	4.4105119814293786e-5
1.7367367367367368	4.427302513118251e-5	4.4348197525566144e-5
1.7467467467467468	4.451701404151089e-5	4.459455530120541e-5
1.7567567567567568	4.476425421992578e-5	4.484424671270678e-5
1.7667667667667668	4.501479748391453e-5	4.509732655824112e-5
1.7767767767767768	4.5268696801592304e-5	4.535385089809771e-5
1.7867867867867868	4.552600632015011e-5	4.561387708775941e-5
1.7967967967967968	4.578678140298367e-5	4.587746381712869e-5
1.8068068068068068	4.605107865796255e-5	4.6144671143957796e-5
1.8168168168168168	4.6318955971868885e-5	4.64155605346491e-5
1.8268268268268268	4.65904725441289e-5	4.669019490394022e-5
1.8368368368368369	4.6865688926068685e-5	4.6968638652466166e-5
1.8468468468468469	4.714466705243477e-5	4.725095771556375e-5
1.8568568568568569	4.742747028507526e-5	4.753721959956838e-5
1.8668668668668669	4.771416344860641e-5	4.782749343245198e-5
1.8768768768768769	4.8004812872878624e-5	4.812185000598898e-5
1.8868868868868869	4.829948643321956e-5	4.84203618310604e-5
1.896896896896897	4.859825359364578e-5	4.872310317907331e-5
1.906906906906907	4.890118545623104e-5	4.903015013834938e-5
1.916916916916917	4.920835480002648e-5	4.934158066733855e-5
1.926926926926927	4.951983613714868e-5	4.965747464974041e-5
1.936936936936937	4.9835705750198835e-5	4.9977913947508074e-5
1.946946946946947	5.015604175847792e-5	5.030298246716846e-5
1.956956956956957	5.04809241557642e-5	5.063276621436017e-5
1.966966966966967	5.081043487718944e-5	5.096735336032287e-5
1.976976976976977	5.11446578488632e-5	5.130683430749525e-5
1.986986986986987	5.148367904456983e-5	5.165130175463108e-5
1.996996996996997	5.1827586553234575e-5	5.2000850770153095e-5
2.007007007007007	5.2176470631694115e-5	5.2355578862924394e-5
2.017017017017017	5.253042378008068e-5	5.2715586055960115e-5
2.027027027027027	5.2889540798242466e-5	5.308097496907024e-5
2.037037037037037	5.325391886150199e-5	5.345185089303486e-5
2.047047047047047	5.362365758826081e-5	5.382832187953125e-5
2.057057057057057	5.3998859116611e-5	5.4210498822058994e-5
2.067067067067067	5.4379628178933806e-5	5.4598495551071276e-5
2.0770770770770772	5.476607218332315e-5	5.499242892399504e-5
2.0870870870870872	5.5158301292752685e-5	5.5392418918364605e-5
2.0970970970970972	5.555642851295994e-5	5.579858873998229e-5
2.1071071071071072	5.59605697742553e-5	5.621106491985698e-5
2.1171171171171173	5.637084403541538e-5	5.6629977425831864e-5
2.1271271271271273	5.6787373365048246e-5	5.705545976762261e-5
2.1371371371371373	5.721028304598472e-5	5.748764912299058e-5
2.1471471471471473	5.763970167552715e-5	5.792668644778283e-5
2.1571571571571573	5.807576127065409e-5	5.8372716609289645e-5
2.1671671671671673	5.851859737920213e-5	5.882588850776038e-5
2.1771771771771773	5.896834919100658e-5	5.9286355215432495e-5
2.1871871871871873	5.942515965266426e-5	5.975427411542188e-5
2.1971971971971973	5.9889175593619853e-5	6.0229807045942027e-5
2.2072072072072073	6.036054785717249e-5	6.0713120453102604e-5
2.2172172172172173	6.083943141462908e-5	6.120438554243974e-5
2.2272272272272273	6.132598552368576e-5	6.170377844732546e-5
2.2372372372372373	6.182037385330935e-5	6.221148039115644e-5
2.2472472472472473	6.23227646381717e-5	6.272767787355942e-5
2.2572572572572573	6.28333308233055e-5	6.325256284254568e-5
2.2672672672672673	6.335225023848353e-5	6.378633288485251e-5
2.2772772772772774	6.387970574252233e-5	6.432919143473062e-5
2.2872872872872874	6.441588541134967e-5	6.488134796665806e-5
2.2972972972972974	6.496098270796332e-5	6.544301821662697e-5
2.3073073073073074	6.551519666257076e-5	6.601442439949093e-5
2.3173173173173174	6.607873207637612e-5	6.659579544566604e-5
2.3273273273273274	6.665179971193503e-5	6.718736724145368e-5
2.3373373373373374	6.723461650279687e-5	6.778938287460742e-5
2.3473473473473474	6.782740577590016e-5	6.840209290508769e-5
2.3573573573573574	6.843039746504515e-5	6.902575562907798e-5
2.3673673673673674	6.904382835494803e-5	6.966063736931327e-5
2.3773773773773774	6.966794232137364e-5	7.03070127660525e-5
2.3873873873873874	7.030299058535263e-5	7.096516508853951e-5
2.3973973973973974	7.094923197494533e-5	7.163538655522648e-5
2.4074074074074074	7.160693320178929e-5	7.23179786723246e-5
2.4174174174174174	7.227636915226693e-5	7.301325257764572e-5
2.4274274274274275	7.295782318031773e-5	7.372152941154011e-5
2.4374374374374375	7.365158741815226e-5	7.444314069626534e-5
2.4474474474474475	7.435796310831443e-5	7.517842872897526e-5
2.4574574574574575	7.507726093346414e-5	7.592774700216333e-5
2.4674674674674675	7.580980137800435e-5	7.669146063805835e-5
2.4774774774774775	7.65559150880221e-5	7.746994683346652e-5
2.4874874874874875	7.731594326104179e-5	7.826359534245294e-5
2.4974974974974975	7.809023804727046e-5	7.907280896391283e-5
2.5075075075075075	7.887916296409446e-5	7.989800405647583e-5
2.5175175175175175	7.968309333460059e-5	8.073961109000098e-5
2.5275275275275275	8.050241675044956e-5	8.159807519195202e-5
2.5375375375375375	8.133753354223754e-5	8.24738567581898e-5
2.5475475475475475	8.218885727440848e-5	8.336743205277007e-5
2.5575575575575575	8.305681527951423e-5	8.427929387037099e-5
2.5675675675675675	8.394184918963856e-5	8.520995219851148e-5
2.5775775775775776	8.484441551204207e-5	8.61599349307924e-5
2.5875875875875876	8.576498622703579e-5	8.71297886222872e-5
2.5975975975975976	8.670404940155575e-5	8.81200792492474e-5
2.6076076076076076	8.766210985739995e-5	8.913139302426295e-5
2.6176176176176176	8.863968983371088e-5	9.016433726921788e-5
2.6276276276276276	8.963732972605765e-5	9.121954128984453e-5
2.6376376376376376	9.065558881046374e-5	9.229765731868062e-5
2.6476476476476476	9.169504604428673e-5	9.339936150650716e-5
2.6576576576576576	9.275630088397086e-5	9.452535495633701e-5
2.6676676676676676	9.383997414459947e-5	9.567636479313973e-5
2.6776776776776776	9.494670890767855e-5	9.685314532594029e-5
2.6876876876876876	9.607717145825395e-5	9.805647921731955e-5
2.6976976976976976	9.723205229932596e-5	9.928717875405499e-5
2.7077077077077076	9.841206717011297e-5	0.00010054608717493685
2.7177177177177176	9.961795815783936e-5	0.00010183408003291094
2.7277277277277276	0.0001008504948452037	0.00010315206667989726
2.7377377377377377	0.00010211047551383796	0.00010450099178432824
2.7477477477477477	0.00010339872841754895	0.00010588183695173341
2.7577577577577577	0.00010471611311309013	0.00010729562241435237
2.7677677677677677	0.00010606352186274234	0.00010874340884214167
2.7777777777777777	0.0001074418811115129	0.00011022629919550077
2.7877877877877877	0.00010885215303547377	0.00011174544073006369
2.7977977977977977	0.00011029533718086901	0.00011330202708286294
2.8078078078078077	0.00011177247217057708	0.0001148973004743554
2.8178178178178177	0.00011328463753142265	0.00011653255402885512
2.8278278278278277	0.00011483295558247666	0.00011820913423725451
2.8378378378378377	0.00011641859346186511	0.00011992844353209837
2.8478478478478477	0.00011804276523537706	0.0001216919430267476
2.8578578578578577	0.00011970673412535997	0.0001235011554006757
2.8678678678678677	0.00012141181488390014	0.00012535766793776436
2.8778778778778777	0.0001231593762702052	0.00012726313575966956
2.8878878878878878	0.0001249508436700535	0.00012921928521888862
2.8978978978978978	0.00012678770188189508	0.00013122791751185502
2.9079079079079078	0.00012867149804030275	0.0001332909124786083
2.9179179179179178	0.0001306038447096218	0.0001354102326446057
2.9279279279279278	0.00013258642317180253	0.00013758792748120788
2.937937937937938	0.00013462098687178276	0.00013982613795180632
2.947947947947948	0.0001367093650916524	0.00014212710127712542
2.957957957957958	0.00013885346684219666	0.0001444931560468272
2.967967967967968	0.00014105528495655473	0.0001469267475978476
2.977977977977978	0.00014331690044354549	0.00014943043374324663
2.987987987987988	0.00014564048713151386	0.00015200689084524956
2.997997997997998	0.00014802831651984804	0.0001546589202700387
3.008008008008008	0.00015048276300684416	0.00015738945524393624
3.018018018018018	0.00015300630939933552	0.00016020156814527264
3.028028028028028	0.00015560155274630947	0.00016309847827113974
3.038038038038038	0.00015827121057794704	0.00016608356006103648
3.048048048048048	0.00016101812751717656	0.0001691603519100851
3.058058058058058	0.00016384528229722265	0.000172332565512102
3.068068068068068	0.00016675579524958833	0.0001756040958411747
3.078078078078078	0.00016975293626771883	0.00017897903178267034
3.088088088088088	0.00017284013329371868	0.00018246166747156053
3.098098098098098	0.0001760209813420794	0.00018605651442508967
3.108108108108108	0.000179299252153485	0.00018976831445318405
3.118118118118118	0.0001826789044534689	0.00019360205348739682
3.1281281281281283	0.00018616409494899637	0.00019756297636858432
3.1381381381381384	0.00018975919001740704	0.0002016566026420883
3.1481481481481484	0.0001934687782444012	0.00020588874349495345
3.1581581581581584	0.00019729768380775687	0.00021026551986606123
3.1681681681681684	0.00020125098078554456	0.00021479338187933568
3.1781781781781784	0.00020533400849233964	0.0002194791296861562
3.1881881881881884	0.00020955238790208735	0.00022432993581155376
3.1981981981981984	0.00021391203921317827	0.00022935336914531836
3.2082082082082084	0.00021841920075154885	0.000234557420743665
3.2182182182182184	0.00022308044921386593	0.0002399505315735557
3.2282282282282284	0.0002279027213791482	0.00024554162231963094
3.2382382382382384	0.0002328933374953918	0.00025134012552037666
3.2482482482482484	0.00023806002640608506	0.00025735602018058223
3.2582582582582584	0.00024341095256042236	0.00026359986907189165
3.2682682682682684	0.0002489547451370139	0.0002700828590083744
3.2782782782782784	0.0002547005293986911	0.0002768168443317982
3.2882882882882885	0.0002606579605037217	0.0002838143938657536
3.2982982982982985	0.0002668372600418084	0.00029108884176428756
3.3083083083083085	0.0002732492554045914	0.0002986543424802675
3.3183183183183185	0.00027990542242662243	0.0003065259303627066
3.3283283283283285	0.0002868179314777619	0.0003147195842503913
3.3383383383383385	0.00029399969733914127	0.00032325229753981603
3.3483483483483485	0.0003014644332932523	0.00033214215435081555
3.3583583583583585	0.0003092267097553996	0.0003414084122248952
3.3683683683683685	0.000317302017926167	0.0003510715922096718
3.3783783783783785	0.000325706838922097	0.0003611535768714226
3.3883883883883885	0.0003344587189876888	0.0003716777172044022
3.3983983983983985	0.000343576351327	0.0003826689492750856
3.4084084084084085	0.00035307966529411874	0.0003941539216151252
3.4184184184184185	0.0003629899236021839	0.0004061611345311393
3.4284284284284285	0.0003733298285182056	0.00041872109259671994
3.4384384384384385	0.0003841236378740193	0.0004318664717472238
3.4484484484484486	0.0003953972919905072	0.00044563230256426336
3.4584584584584586	0.00040717855267371106	0.0004600561716283107
3.4684684684684686	0.0004194971556247542	0.0004751784428401259
3.4784784784784786	0.00043238497774390484	0.000491042501169755
3.4884884884884886	0.0004458762209598723	0.000507695021243632
3.4984984984984986	0.0004600076145457592	0.0005251862638168605
3.5085085085085086	0.0004748186379423604	0.0005435704034188924
3.5185185185185186	0.0004903517666268133	0.0005629058909199
3.5285285285285286	0.0005066527436090624	0.0005832558553181439
3.5385385385385386	0.0005237708797501663	0.0006046885495578911
3.5485485485485486	0.0005417593863833998	0.0006272778461022931
3.5585585585585586	0.0005606757442229859	0.0006511037884175165
3.5685685685685686	0.000580582113165154	0.0006762532058180011
3.5785785785785786	0.0006015457881125267	0.0007028203999731768
3.5885885885885886	0.0006236397069328592	0.0007309079126901479
3.5985985985985987	0.0006469430172508816	0.0007606273861162276
3.6086086086086087	0.0006715417101281254	0.0007921005281000573
3.6186186186186187	0.000697529329535854	0.0008254601976903905
3.6286286286286287	0.0007250077682322027	0.0008608516278456949
3.6386386386386387	0.0007540881621553085	0.0008984338054988356
3.6486486486486487	0.0007848918974147616	0.0009383810323482076
3.6586586586586587	0.0008175517462984465	0.0009808846937030713
3.6686686686686687	0.0008522131513202347	0.0010261552674119638
3.6786786786786787	0.000889035679781719	0.0010744246107348527
3.6886886886886887	0.0009281946748902479	0.001125948569410683
3.6986986986986987	0.0009698831343222931	0.0011810099616728343
3.7087087087087087	0.0010143138524898762	0.001239921999598912
3.7187187187187187	0.0010617218693483835	0.0013030322220492598
3.7287287287287287	0.0011123672767204018	0.001370727027962996
3.7387387387387387	0.001166538442715587	0.0014434369163301992
3.7487487487487487	0.0012245557264113545	0.001521642560806881
3.7587587587587588	0.0012867757694718324	0.001605881873403341
3.7687687687687688	0.0013535964690791766	0.0016967582445016156
3.7787787787787788	0.0014254627574678584	0.0017949501871986676
3.7887887887887888	0.0015028733408112022	0.0019012226644287038
3.798798798798799	0.0015863885826179786	0.0020164404413229127
3.808808808808809	0.0016766397582983184	0.0021415838845460717
3.818818818818819	0.0017743399587589056	0.0022777677324032526
3.828828828828829	0.0018802969863849738	0.0024262634877030287
3.838838838838839	0.001995428667922372	0.0025885262508843453
3.848848848848849	0.0021207811143809613	0.0027662270234768333
3.858858858858859	0.0022575505908042095	0.002961291787645156
3.868868868868869	0.002407109831778147	0.003175949028241887
3.878878878878879	0.0025710398615750797	0.0034127878371728536
3.888888888888889	0.0027511686696484136	0.0036748293684583633
3.898898898898899	0.0029496184755914627	0.003965615251476791
3.908908908908909	0.0031688638258163355	0.004289317701453934
3.918918918918919	0.0034118034430233334	0.004650877605149416
3.928928928928929	0.0036818496646671	0.005056178973117886
3.938938938938939	0.003983040549166359	0.005512271083510862
3.948948948948949	0.004320181437555628	0.006027653758209462
3.958958958958959	0.004699025126027407	0.006612647055765866
3.968968968968969	0.005126503128004208	0.007279875070292761
3.978978978978979	0.005611025220749704	0.008044905778271385
3.988988988988989	0.006162871250794336	0.008927107002294795
3.998998998998999	0.0067947090537393085	0.00995080581672562
4.009009009009009	0.007522286957018766	0.011146880414723217
4.019019019019019	0.008365371296325958	0.012554978461184883
4.029029029029029	0.00934903296321126	0.014226659433313143
4.039039039039039	0.010505439341951377	0.01622992697358549
4.049049049049049	0.011876391283072106	0.018655898758591107
4.059059059059059	0.013516980349078896	0.021628844933598804
4.069069069069069	0.0155009679502428	0.025321683357843048
4.079079079079079	0.017928876731034108	0.02998059429001071
4.089089089089089	0.020940473429202827	0.03596542754112975
4.099099099099099	0.024734587150169296	0.04381860336134306
4.109109109109109	0.02960162436349279	0.05438794376986651
4.119119119119119	0.03597898089483843	0.06905752390466277
4.129129129129129	0.04454977080505877	0.09021012841543556
4.1391391391391394	0.05642827858760779	0.12222960954118055
4.1491491491491495	0.07353128432741898	0.1739018668063303
4.1591591591591595	0.09938257451475396	0.26497468782785694
4.1691691691691695	0.14103962257703742	0.4476643987280007
4.1791791791791795	0.2143588042990562	0.8993219319649052
4.1891891891891895	0.3612796231964901	2.5606502517874947
4.1991991991991995	0.7246143509173977	19.24606173831829
4.2092092092092095	2.071681061867322	12.674130518938103
4.2192192192192195	17.454185278693725	2.201385035037606
4.2292292292292295	11.722157024789981	0.8611732771672542
4.2392392392392395	1.8236646862671582	0.45804545480652786
4.2492492492492495	0.7002125561107355	0.28539292463622057
4.2592592592592595	0.3694724139431111	0.19579093810825593
4.2692692692692695	0.22906029938317643	0.14330420792423648
4.2792792792792795	0.15655178194123215	0.10988284053936545
4.2892892892892895	0.11422070727167687	0.08726181467560017
4.2992992992992995	0.08733441395831303	0.07122031953018414
4.3093093093093096	0.06917403484400411	0.059418678478934624
4.31931931931932	0.056318301039344265	0.05047426657854012
4.32932932932933	0.04687496437940796	0.04352694507633121
4.33933933933934	0.03972781978533633	0.03801855129608769
4.34934934934935	0.03418351843268559	0.03357386816367113
4.35935935935936	0.029792718030669334	0.029932987416931886
4.36936936936937	0.026253702665214183	0.026911174000161936
4.37937937937938	0.023357694307377375	0.02437414945752436
4.38938938938939	0.020956440474887643	0.022222373731811153
4.3993993993994	0.018942275344339503	0.020380764408323274
4.40940940940941	0.017235452096751213	0.018791803525295296
4.41941941941942	0.01577586465578331	0.01741081265362718
4.42942942942943	0.014517501596200712	0.016202649635421243
4.43943943943944	0.013424647400427923	0.015139357799888144
4.44944944944945	0.012469228531124114	0.014198465872050621
4.45945945945946	0.011628925972574878	0.013361740330728594
4.46946946946947	0.010885811052478945	0.012614257474440687
4.47947947947948	0.01022534489690993	0.011943704750536856
4.48948948948949	0.009635634688057722	0.011339848728706955
4.4994994994995	0.009106873974760897	0.010794125722449168
4.50950950950951	0.008630916695992195	0.010299323725192086
4.51951951951952	0.008200949566292562	0.009849333063771013
4.52952952952953	0.0078112376595807454	0.009438949280045445
4.53953953953954	0.007456925051020141	0.009063716079573039
4.54954954954955	0.007133877288104599	0.008719799284441748
4.55955955955956	0.006838555936088861	0.008403884973632552
4.56956956956957	0.006567917933158992	0.008113096636911052
4.57957957957958	0.0063193342922919175	0.007844927383652795
4.58958958958959	0.006090524005856492	0.0075971841515393625
4.5995995995996	0.005879499982262604	0.00736794154282409
4.60960960960961	0.005684524570295747	0.007155503430374366
4.61961961961962	0.005504072772040733	0.006958370870863872
4.62962962962963	0.00533680165905302	0.00677521516529202
4.63963963963964	0.00518152482197909	0.006604855142155786
4.64964964964965	0.005037190926614094	0.006446237921629981
4.65965965965966	0.004902865637593771	0.006298422562566486
4.66966966966967	0.004777716317115432	0.006160566108185954
4.67967967967968	0.004660999021453701	0.0060319116352991085
4.68968968968969	0.004552047408176995	0.005911777984384671
4.6996996996997	0.00445026323915233	0.0057995509051518975
4.70970970970971	0.004355108221903814	0.005694675398380237
4.71971971971972	0.004266096977348063	0.005596649072690019
4.72972972972973	0.00418279095951988	0.005505016364848174
4.73973973973974	0.004104793182330728	0.005419363498042502
4.74974974974975	0.00403174363329675	0.005339314071725864
4.75975975975976	0.003963315273400724	0.005264525194591052
4.76976976976977	0.003899210539112993	0.00519468408549498
4.77977977977978	0.003839158275732833	0.005129505078646036
4.78978978978979	0.00378291104219238	0.005068726979385454
4.7997997997998	0.0037302427369485477	0.005012110724476928
4.80980980980981	0.0036809465018933117	0.004959437307505273
4.81981981981982	0.0036348328677970466	0.004910505936195779
4.82982982982983	0.00359172811006339	0.004865132392313626
4.83983983983984	0.0035514727881607987	0.004823147569708327
4.84984984984985	0.003513920445594108	0.004784396168675325
4.85985985985986	0.003478936450866902	0.004748735528522405
4.86986986986987	0.0034463969622717506	0.004716034581826138
4.87987987987988	0.003416188001810981	0.00468617291668443
4.88988988988989	0.003388204625518606	0.004659039934756668
4.8998998998999	0.003362350178926303	0.004634534094371566
4.90990990990991	0.003338535628207901	0.00461256222947511
4.91991991991992	0.0033166789584077308	0.0045930389363816465
4.92992992992993	0.0032967046315281632	0.004575886021084214
4.93993993993994	0.0032785430977893527	0.004561032000890872
4.94994994994995	0.003262130354707258	0.004548411654909106
4.95995995995996	0.0032474075487113063	0.004537965618500425
4.96996996996997	0.0032343206151194417	0.004529640017436242
4.97997997997998	0.003222819952514351	0.004523386137896908
4.98998998998999	0.0032128601281263096	0.004519160129168387
5.0	0.0032043996112530865	0.00451692273577796
