-5.0	0.0018667805493469516	0.0024599640063927676
-4.98998998998999	0.001872459368310643	0.002460764487258176
-4.97997997997998	0.0018790702353940526	0.00246270838022393
-4.96996996996997	0.0018866394768357088	0.0024658170844548324
-4.95995995995996	0.0018951958937349189	0.002470114656293704
-4.94994994994995	0.0019047709310436045	0.00247562795871272
-4.93993993993994	0.0019153988640520576	0.0024823868271155983
-4.92992992992993	0.0019271170042204177	0.002490424254178732
-4.91991991991992	0.0019399659281865388	0.002499776594822422
-4.90990990990991	0.001953989729053828	0.002510483793577757
-4.8998998998999	0.0019692362968416295	0.002522589637453302
-4.88988988988989	0.0019857576269504493	0.0025361420356977064
-4.87987987987988	0.0020036101643266116	0.002551193330982462
-4.86986986986987	0.0020228551840631424	0.002567800643983016
-4.85985985985986	0.002043559215343973	0.0025860262569167647
-4.84984984984985	0.0020657945124631745	0.0026059380392598583
-4.83983983983984	0.0020896395801697945	0.002627609921724664
-4.82982982982983	0.0021151797599736916	0.0026511224238071353
-4.81981981981982	0.00214250788477908	0.002676563242113048
-4.80980980980981	0.0021717250124020076	0.0027040279068025453
-4.7997997997998	0.0022029412471548633	0.002733620515513513
-4.78978978978979	0.0022362766635075034	0.002765454554805218
-4.77977977977978	0.0022718623448996908	0.002799653821625112
-4.76976976976977	0.0023098415550114166	0.002836353456647501
-4.75975975975976	0.002350371061422818	0.0028757011088125267
-4.74974974974975	0.002393622633444763	0.002917858246136785
-4.73973973973974	0.002439784742356974	0.0029630016365794656
-4.72972972972973	0.002489064494763321	0.0030113250240770225
-4.71971971971972	0.002541689835961857	0.003063041028457538
-4.70970970970971	0.0025979120690798356	0.003118383305733666
-4.6996996996997	0.002658008740871906	0.0031776090079690573
-4.68968968968969	0.0027222869572512743	0.00324100159346901
-4.67967967967968	0.0027910872041229133	0.0033088740443312655
-4.66966966966967	0.002864787761854524	0.003381572559238407
-4.65965965965966	0.002943809823361987	0.0034594808058553903
-4.64964964964965	0.003028623446256313	0.0035430248304272834
-4.63963963963964	0.0031197544973067793	0.0036326787429683946
-4.62962962962963	0.0032177927862904114	0.0037289713235766505
-4.61961961961962	0.0033234016247686788	0.003832493723240796
-4.60960960960961	0.0034373291066601298	0.003943908471458587
-4.5995995995996	0.0035604214720200865	0.0040639600539198245
-4.58958958958959	0.0036936390092371023	0.004193487377402032
-4.57957957957958	0.003838075061939226	0.004333438522541832
-4.56956956956957	0.003994978855951835	0.00448488827505015
-4.55955955955956	0.0041657830497515485	0.00464905905301297
-4.54954954954955	0.004352137166865275	0.004827346006624867
-4.53953953953954	0.0045559483867317	0.005021347269854236
-4.52952952952953	0.004779431617719297	0.005232900614241594
-4.51951951951952	0.005025171346449509	0.005464128104376765
-4.50950950950951	0.00529619854894683	0.0057174908234386606
-4.4994994994995	0.005596087016097513	0.005995856355047148
-4.48948948948949	0.005929074915439856	0.006302582548451671
-4.47947947947948	0.0063002194550386866	0.006641622228265041
-4.46946946946947	0.006715595390642149	0.0070176550730799295
-4.45945945945946	0.0071825522081356095	0.007436255048630236
-4.44944944944945	0.007710050714925028	0.007904104817550205
-4.43943943943944	0.008309108407571068	0.008429272856475538
-4.42942942942943	0.008993395812617044	0.009021575202022462
-4.41941941941942	0.009780045364335287	0.009693052779388828
-4.40940940940941	0.010690764185045974	0.010458608634519124
-4.3993993993994	0.011753388868207235	0.011336869496340133
-4.38938938938939	0.013004095289626273	0.012351366896458838
-4.37937937937938	0.014490599483462884	0.013532181149725443
-4.36936936936937	0.016276893012720242	0.014918268187405909
-4.35935935935936	0.01845041639767554	0.016560814428904374
-4.34934934934935	0.021133220652513936	0.018528174642865672
-4.33933933933934	0.02449987189397589	0.020913309475812766
-4.32932932932933	0.02880719799695922	0.02384528364012466
-4.31931931931932	0.034445767241730034	0.027507576060469087
-4.3093093093093096	0.04203336230839264	0.03216824565896494
-4.2992992992992995	0.05259476057557009	0.038231627623555864
-4.2892892892892895	0.0679326601149771	0.046331126607398625
-4.2792792792792795	0.09146321281784316	0.057505234858792
-4.2692692692692695	0.13032399166168734	0.07355458398435594
-4.2592592592592595	0.2015705007149061	0.09782920023387362
-4.2492492492492495	0.3548709674739613	0.13715989993347735
-4.2392392392392395	0.7907107118018037	0.20732163875436774
-4.2292292292292295	3.105449169013635	0.3519334315960473
-4.2192192192192195	95.94544723095846	0.7318271881765182
-4.2092092092092095	2.855439880347339	2.3806709702534823
-4.1991991991991995	0.7345157427622967	41.83485691759968
-4.1891891891891895	0.3263778089779216	5.009666739187901
-4.1791791791791795	0.1825742468055753	1.0322709730769233
-4.1691691691691695	0.11600187847058528	0.42503417221488504
-4.1591591591591595	0.07991795649302359	0.22867452254814571
-4.1491491491491495	0.058232127315543405	0.14182780510606605
-4.1391391391391394	0.04421213146685221	0.09608769012144618
-4.129129129129129	0.034641150983753005	0.06914197931703905
-4.119119119119119	0.027825993246588816	0.05197778538260728
-4.109109109109109	0.022807140005433952	0.0403949115541621
-4.099099099099099	0.019008192342847438	0.03222376582112243
-4.089089089089089	0.01606613909154165	0.026252853068373674
-4.079079079079079	0.013743238881740415	0.0217630273570853
-4.069069069069069	0.011878579757017366	0.018305822730137318
-4.059059059059059	0.010360146362323281	0.015589968878217586
-4.049049049049049	0.009108045389218089	0.013419728375919052
-4.039039039039039	0.008064073967665225	0.01165968848696274
-4.029029029029029	0.007185032535992388	0.010213796282927148
-4.019019019019019	0.006438322263652229	0.009012417272067856
-4.009009009009009	0.005798977320733492	0.008004093255431987
-3.998998998998999	0.005247621818543984	0.0071501472982960735
-3.988988988988989	0.004769036502561253	0.006421065814678267
-3.978978978978979	0.00435113593272695	0.005794019533924644
-3.968968968968969	0.003984227218342614	0.005251131717558236
-3.958958958958959	0.0036604651810925298	0.004778247137485988
-3.948948948948949	0.003373446696764342	0.004364043100718364
-3.938938938938939	0.0031179050638151054	0.00399937819257506
-3.928928928928929	0.0028894772055946282	0.0036768088640054854
-3.918918918918919	0.0026845245494656446	0.0033902262522812906
-3.908908908908909	0.002499993909153427	0.0031345802838588076
-3.898898898898899	0.0023333084907784176	0.002905667920545383
-3.888888888888889	0.0021822818019482312	0.0026999690818463452
-3.878878878878879	0.002045049134095321	0.002514518379226404
-3.868868868868869	0.001920012640042462	0.0023468040169607822
-3.858858858858859	0.001805797015220708	0.002194687487172878
-3.848848848848849	0.0017012135085564509	0.002056339322437542
-3.838838838838839	0.0016052305254008845	0.0019301873443520626
-3.828828828828829	0.0015169494786460315	0.00181487471218206
-3.818818818818819	0.0014355848476829975	0.0017092257112111954
-3.808808808808809	0.0013604476278639608	0.0016122176939812921
-3.798798798798799	0.00129093152955048	0.0015229579450610395
-3.7887887887887888	0.0012265014176070959	0.0014406645086415318
-3.7787787787787788	0.0011666835858587072	0.00136465022253179
-3.7687687687687688	0.0011110575422564562	0.001294309363540438
-3.7587587587587588	0.0010592490424184216	0.001229106426609416
-3.7487487487487487	0.0010109241605435887	0.0011685666594444901
-3.7387387387387387	0.0009657842244838313	0.001112268045384724
-3.7287287287287287	0.000923561475058275	0.0010598344882373006
-3.7187187187187187	0.0008840153336779163	0.001010929997461579
-3.7087087087087087	0.0008469291828356956	0.0009652537104854037
-3.6986986986986987	0.0008121075808196413	0.0009225356170843932
-3.6886886886886887	0.0007793738453670406	0.0008825328755157284
-3.6786786786786787	0.0007485679515573618	0.0008450266290343721
-3.6686686686686687	0.0007195446976977532	0.0008098192467044131
-3.6586586586586587	0.0006921721017864159	0.0007767319252304843
-3.6486486486486487	0.0006663299956267072	0.00074560259946718
-3.6386386386386387	0.0006419087894410972	0.0007162841165543116
-3.6286286286286287	0.00061880838366273	0.0006886426368616698
-3.6186186186186187	0.0005969372086423517	0.0006625562305272752
-3.6086086086086087	0.0005762113750460316	0.0006379136418260085
-3.5985985985985987	0.000556553920962146	0.0006146132003065593
-3.5885885885885886	0.000537894143006403	0.0005925618576899652
-3.5785785785785786	0.0005201670013932056	0.0005716743357401762
-3.5685685685685686	0.0005033125894496926	0.0005518723695345117
-3.5585585585585586	0.00048727565973608983	0.0005330840350720397
-3.5485485485485486	0.0004720052004227387	0.000515243150089122
-3.5385385385385386	0.00045745405529198344	0.0004982887396237083
-3.5285285285285286	0.0004435785830267005	0.00048216455810639464
-3.5185185185185186	0.0004303383505026193	0.00046681866171905724
-3.5085085085085086	0.0004176958570685492	0.0004522030243966545
-3.4984984984984986	0.00040561628552909074	0.00043827319336840184
-3.4884884884884886	0.000394067277554765	0.0004249879789075072
-3.4784784784784786	0.0003830187303968885	0.0004123091750535507
-3.4684684684684686	0.000372442612895046	0.0004002013073251561
-3.4584584584584586	0.00036231279862020523	0.00038863140504268056
-3.4484484484484486	0.0003526049143213646	0.00037756879495422674
-3.4384384384384385	0.0003432962022967526	0.00036698491471595467
-3.4284284284284285	0.00033436539494827546	0.00035685314314515146
-3.4184184184184185	0.00032579260056588564	0.0003471486464632346
-3.4084084084084085	0.0003175591991161808	0.0003378482381394321
-3.3983983983983985	0.000309647746970044	0.0003289302514917145
-3.3883883883883885	0.00030204188998573964	0.00032037442331082954
-3.3783783783783785	0.0002947262837138272	0.0003121617878676749
-3.3683683683683685	0.0002876865203853124	0.00030427457991623796
-3.3583583583583585	0.00028090906192894567	0.00029669614593646847
-3.3483483483483485	0.00027438117854626965	0.0002894108630450203
-3.3383383383383385	0.0002680908920844577	0.00028240406448305614
-3.3283283283283285	0.00026202692407513743	0.0002756619712847106
-3.3183183183183185	0.00025617864780525386	0.00026917162960195907
-3.3083083083083085	0.00025053604422705755	0.0002629208529729535
-3.2982982982982985	0.0002450896611930501	0.0002568981692567571
-3.2882882882882885	0.00023983057590863782	0.0002510927717768259
-3.2782782782782784	0.0002347503600952994	0.0002454944741988474
-3.2682682682682684	0.0002298410479509904	0.00024009366896892383
-3.2582582582582584	0.00022509510631100609	0.00023488128889497897
-3.2482482482482484	0.0002205054071664333	0.00022984877169274575
-3.2382382382382384	0.00021606520209435358	0.00022498802709021134
-3.2282282282282284	0.00021176809848623553	0.0002202914064659535
-3.2182182182182184	0.000207608037643847	0.00021575167468269418
-3.2082082082082084	0.00020357927424112716	0.0002113619839414774
-3.1981981981981984	0.00019967635735560483	0.0002071158495979815
-3.1881881881881884	0.00019589411271952743	0.00020300712763699765
-3.1781781781781784	0.00019222762628699923	0.0001990299937488683
-3.1681681681681684	0.00018867222885563927	0.00019517892391915904
-3.1581581581581584	0.00018522348176810185	0.0001914486762653301
-3.1481481481481484	0.00018187716347180713	0.00018783427427913787
-3.1381381381381384	0.0001786292571750267	0.00018433099110669123
-3.1281281281281283	0.00017547593906577216	0.00018093433479567689
-3.118118118118118	0.00017241356755574844	0.0001776400348059056
-3.108108108108108	0.00016943867290032246	0.000174444029104999
-3.098098098098098	0.0001665479478447581	0.00017134245235701665
-3.088088088088088	0.00016373823860158074	0.00016833162472677465
-3.078078078078078	0.00016100653648147827	0.00016540804150419776
-3.068068068068068	0.00015834997009349293	0.00016256836331453664
-3.058058058058058	0.0001557657979054194	0.00015980940699529704
-3.048048048048048	0.00015325140142436448	0.0001571281370840816
-3.038038038038038	0.00015080427865844624	0.00015452165775514258
-3.028028028028028	0.00014842203800147384	0.00015198720528774518
-3.018018018018018	0.00014610239256593075	0.00014952214106783991
-3.008008008008008	0.00014384315474556833	0.0001471239449009608
-2.997997997997998	0.00014164223115349035	0.00014479020880007163
-2.987987987987988	0.00013949761784809008	0.00014251863115242948
-2.977977977977978	0.0001374073958293852	0.000140307011192173
-2.967967967967968	0.0001353697268363596	0.0001381532438289511
-2.957957957957958	0.00013338284928533174	0.00013605531477423096
-2.947947947947948	0.00013144507456316098	0.00013401129595329409
-2.937937937937938	0.00012955478343343405	0.00013201934115702666
-2.9279279279279278	0.0001277104226907513	0.00013007768201538306
-2.9179179179179178	0.00012591050199795546	0.00012818462408125108
-2.9079079079079078	0.00012415359085608623	0.00012633854324699766
-2.8978978978978978	0.0001224383158011106	0.00012453788231655226
-2.8878878878878878	0.00012076335773288442	0.00012278114777129493
-2.8778778778778777	0.00011912744934032801	0.00012106690666256794
-2.8678678678678677	0.000117529372739994	0.00011939378384021138
-2.8578578578578577	0.00011596795716825343	0.00011776045905987162
-2.8478478478478477	0.00011444207687580035	0.00011616566457424699
-2.8378378378378377	0.00011295064903326272	0.00011460818253268013
-2.8278278278278277	0.00011149263184915715	0.0001130868427820472
-2.8178178178178177	0.00011006702269221855	0.00011160052060528845
-2.8078078078078077	0.00010867285639782775	0.00011014813467612282
-2.7977977977977977	0.00010730920355801273	0.00010872864507627441
-2.7877877877877877	0.00010597516901476689	0.0001073410514611183
-2.7777777777777777	0.00010466989033067705	0.00010598439124764493
-2.7677677677677677	0.00010339253639906938	0.00010465773793946673
-2.7577577577577577	0.00010214230605691276	0.00010336019958253115
-2.7477477477477477	0.00010091842689071861	0.00010209091719806112
-2.7377377377377377	9.972015391614216e-5	0.00010084906335394347
-2.7277277277277276	9.854676851873085e-5	9.963384083238561e-5
-2.7177177177177176	9.739757726971847e-5	9.8444481288433e-5
-2.7077077077077076	9.627191095447307e-5	9.72802440544957e-5
-2.6976976976976976	9.516912350721593e-5	9.614041492327587e-5
-2.6876876876876876	9.408859111209254e-5	9.50243050893568e-5
-2.6776776776776776	9.302971127968143e-5	9.393125002759381e-5
-2.6676676676676676	9.199190194966824e-5	9.286060851907407e-5
-2.6576576576576576	9.097460074297206e-5	9.18117616609932e-5
-2.6476476476476476	8.997726411252236e-5	9.078411198044632e-5
-2.6376376376376376	8.89993666031814e-5	8.977708252999428e-5
-2.6276276276276276	8.804040017581641e-5	8.879011607325593e-5
-2.6176176176176176	8.709987346985577e-5	8.782267427893422e-5
-2.6076076076076076	8.617731122100937e-5	8.687423696631046e-5
-2.5975975975975976	8.527225355060956e-5	8.594430139211541e-5
-2.5875875875875876	8.438425544727062e-5	8.503238152237372e-5
-2.5775775775775776	8.351288616284259e-5	8.413800743340993e-5
-2.5675675675675675	8.265772869056305e-5	8.326072463435296e-5
-2.5575575575575575	8.181837920871344e-5	8.24000934783023e-5
-2.5475475475475475	8.099444661594132e-5	8.15556886039777e-5
-2.5375375375375375	8.018555205391217e-5	8.072709836458506e-5
-2.5275275275275275	7.939132844124955e-5	7.991392432816705e-5
-2.5175175175175175	7.861142004438921e-5	7.911578073891734e-5
-2.5075075075075075	7.784548206181802e-5	7.833229408043167e-5
-2.4974974974974975	7.709318020827443e-5	7.756310258826186e-5
-2.4874874874874875	7.63541903547289e-5	7.680785582056615e-5
-2.4774774774774775	7.562819817264283e-5	7.60662142333253e-5
-2.4674674674674675	7.491489872867707e-5	7.533784879539538e-5
-2.4574574574574575	7.421399620635259e-5	7.462244056977264e-5
-2.4474474474474475	7.352520355291871e-5	7.391968037620237e-5
-2.4374374374374375	7.284824219395047e-5	7.32292684250387e-5
-2.4274274274274275	7.218284169100812e-5	7.255091397492762e-5
-2.4174174174174174	7.152873949360849e-5	7.188433500798773e-5
-2.4074074074074074	7.08856806790718e-5	7.12292579396609e-5
-2.3973973973973974	7.025341764815641e-5	7.058541729057364e-5
-2.3873873873873874	6.963170988874331e-5	6.995255541046841e-5
-2.3773773773773774	6.902032375249291e-5	6.933042221525507e-5
-2.3673673673673674	6.841903221007977e-5	6.871877489870774e-5
-2.3573573573573574	6.782761460944168e-5	6.811737771438422e-5
-2.3473473473473474	6.724585648952326e-5	6.752600169498424e-5
-2.3373373373373374	6.667354936092356e-5	6.694442444984825e-5
-2.3273273273273274	6.611049050220095e-5	6.637242992168294e-5
-2.3173173173173174	6.555648278153272e-5	6.580980817544767e-5
-2.3073073073073074	6.501133446904071e-5	6.525635520259668e-5
-2.2972972972972974	6.44748590479291e-5	6.471187269695777e-5
-2.2872872872872874	6.394687506973109e-5	6.417616789612646e-5
-2.2772772772772774	6.34272059601656e-5	6.364905337441773e-5
-2.2672672672672673	6.29156798841749e-5	6.313034687336007e-5
-2.2572572572572573	6.241212959634544e-5	6.261987113706291e-5
-2.2472472472472473	6.1916392272174e-5	6.211745373754817e-5
-2.2372372372372373	6.142830939219556e-5	6.162292691924846e-5
-2.2272272272272273	6.094772659009518e-5	6.113612746154783e-5
-2.2172172172172173	6.0474493534697916e-5	6.0656896517424415e-5
-2.2072072072072073	6.000846379545662e-5	6.0185079477463524e-5
-2.1971971971971973	5.9549494721177865e-5	5.972052584542541e-5
-2.1871871871871873	5.9097447327733056e-5	5.926308908593102e-5
-2.1771771771771773	5.865218619120466e-5	5.881262651684278e-5
-2.1671671671671673	5.821357931494792e-5	5.836899918960003e-5
-2.1571571571571573	5.778149805893578e-5	5.793207176186847e-5
-2.1471471471471473	5.735581701408154e-5	5.750171237944825e-5
-2.1371371371371373	5.6936413917442684e-5	5.707779260185762e-5
-2.1271271271271273	5.652316954172466e-5	5.6660187256791314e-5
-2.1171171171171173	5.6115967626008305e-5	5.624877436646064e-5
-2.1071071071071072	5.5714694780136325e-5	5.584343503591757e-5
-2.0970970970970972	5.53192403821898e-5	5.544405337028536e-5
-2.0870870870870872	5.492949653201497e-5	5.5050516379612006e-5
-2.0770770770770772	5.454535793801267e-5	5.46627138909753e-5
-2.067067067067067	5.4166721859782496e-5	5.428053845650648e-5
-2.057057057057057	5.379348803636438e-5	5.3903885299043135e-5
-2.047047047047047	5.3425558600423246e-5	5.3532652196145236e-5
-2.037037037037037	5.306283801539211e-5	5.3166739443169746e-5
-2.027027027027027	5.270523302676819e-5	5.28060497451546e-5
-2.017017017017017	5.235265256528838e-5	5.245048816410335e-5
-2.007007007007007	5.2005007708724454e-5	5.209996205436035e-5
-1.996996996996997	5.166221161830647e-5	5.175438099432218e-5
-1.986986986986987	5.132417947011051e-5	5.141365670244879e-5
-1.976976976976977	5.099082841125707e-5	5.107770301023796e-5
-1.966966966966967	5.066207749614651e-5	5.0746435774853646e-5
-1.956956956956957	5.033784763717823e-5	5.04197728321617e-5
-1.946946946946947	5.001806156194846e-5	5.009763394525218e-5
-1.936936936936937	4.970264374313195e-5	4.9779940743779337e-5
-1.926926926926927	4.939152037868595e-5	4.946661667169603e-5
-1.916916916916917	4.908461931230384e-5	4.91575869396869e-5
-1.906906906906907	4.8781870022092875e-5	4.885277847556459e-5
-1.896896896896897	4.8483203562241414e-5	4.855211988240352e-5
-1.8868868868868869	4.818855250854692e-5	4.8255541379130204e-5
-1.8768768768768769	4.789785093466089e-5	4.7962974767443404e-5
-1.8668668668668669	4.76110343764929e-5	4.767435339327904e-5
-1.8568568568568569	4.732803977482969e-5	4.73896120931468e-5
-1.8468468468468469	4.704880545308028e-5	4.71086871553734e-5
-1.8368368368368369	4.677327107403371e-5	4.683151629119472e-5
-1.8268268268268268	4.650137761318734e-5	4.655803859201578e-5
-1.8168168168168168	4.6233067317943364e-5	4.62881944841716e-5
-1.8068068068068068	4.5968283673191393e-5	4.602192571254298e-5
-1.7967967967967968	4.5706971374562234e-5	4.575917528268951e-5
-1.7867867867867868	4.544907630020346e-5	4.549988745474615e-5
-1.7767767767767768	4.519454547595801e-5	4.524400768302788e-5
-1.7667667667667668	4.494332704166378e-5	4.4991482602251994e-5
-1.7567567567567568	4.4695370235745184e-5	4.4742260000442786e-5
-1.7467467467467468	4.445062535396869e-5	4.449628877352628e-5
-1.7367367367367368	4.4209043739463314e-5	4.425351891061843e-5
-1.7267267267267268	4.3970577737061046e-5	4.4013901461453695e-5
-1.7167167167167168	4.373518068635113e-5	4.377738850997113e-5
-1.7067067067067068	4.350280688603071e-5	4.354393314363399e-5
-1.6966966966966968	4.327341157295769e-5	4.3313489440102e-5
-1.6866866866866868	4.3046950908996795e-5	4.308601243129776e-5
-1.6766766766766767	4.282338194155835e-5	4.286145808391812e-5
-1.6666666666666667	4.260266258907733e-5	4.2639783277208843e-5
-1.6566566566566567	4.238475163302346e-5	4.242094577783063e-5
-1.6466466466466467	4.2169608674841516e-5	4.2204904225639505e-5
-1.6366366366366367	4.195719413586729e-5	4.199161809896044e-5
-1.6266266266266267	4.174746922752161e-5	4.178104770706169e-5
-1.6166166166166167	4.154039593382954e-5	4.1573154166070206e-5
-1.6066066066066067	4.1335936993928766e-5	4.1367899373346554e-5
-1.5965965965965967	4.113405589216606e-5	4.116524600638845e-5
-1.5865865865865867	4.0934716821914073e-5	4.096515747144029e-5
-1.5765765765765767	4.0737884686888085e-5	4.076759792674588e-5
-1.5665665665665667	4.0543525086088855e-5	4.057253223655612e-5
-1.5565565565565564	4.035160428002763e-5	4.037992596867747e-5
-1.5465465465465464	4.01620891885428e-5	4.0189745362440454e-5
-1.5365365365365364	3.9974947380272315e-5	4.000195732987486e-5
-1.5265265265265264	3.979014704307804e-5	3.981652943489446e-5
-1.5165165165165164	3.9607656985759485e-5	3.963342987503278e-5
-1.5065065065065064	3.9427446609502785e-5	3.945262746910444e-5
-1.4964964964964964	3.9249485906865074e-5	3.927409164113591e-5
-1.4864864864864864	3.907374544180233e-5	3.9097792408853807e-5
-1.4764764764764764	3.8900196339660855e-5	3.8923700373084045e-5
-1.4664664664664664	3.872881027469087e-5	3.875178670104315e-5
-1.4564564564564564	3.855955945599641e-5	3.8582023105812806e-5
-1.4464464464464464	3.839241661990496e-5	3.841438185146534e-5
-1.4364364364364364	3.8227355013024314e-5	3.824883573114113e-5
-1.4264264264264264	3.80643483866848e-5	3.808535805312729e-5
-1.4164164164164164	3.790337098292806e-5	3.7923922631658976e-5
-1.4064064064064064	3.774439752276671e-5	3.776450377975991e-5
-1.3963963963963963	3.758740319992718e-5	3.7607076292736994e-5
-1.3863863863863863	3.743236367355055e-5	3.745161544276886e-5
-1.3763763763763763	3.727925504308294e-5	3.7298096964603746e-5
-1.3663663663663663	3.7128053858362534e-5	3.714649704777002e-5
-1.3563563563563563	3.697873709841862e-5	3.699679232837075e-5
-1.3463463463463463	3.683128216589477e-5	3.6848959872531336e-5
-1.3363363363363363	3.6685666880420927e-5	3.670297717978473e-5
-1.3263263263263263	3.6541869463009193e-5	3.655882216025196e-5
-1.3163163163163163	3.639986853623397e-5	3.641647313563836e-5
-1.3063063063063063	3.6259643111495244e-5	3.627590883061864e-5
-1.2962962962962963	3.61211725818692e-5	3.6137108354391245e-5
-1.2862862862862863	3.598443671328839e-5	3.600005120467636e-5
-1.2762762762762763	3.584941564217377e-5	3.586471725381589e-5
-1.2662662662662663	3.5716089859100895e-5	3.573108674138428e-5
-1.2562562562562563	3.558444021035861e-5	3.559914027163148e-5
-1.2462462462462462	3.545444788819373e-5	3.54688587975304e-5
-1.2362362362362362	3.532609441905482e-5	3.534022361850546e-5
-1.2262262262262262	3.519936166414305e-5	3.5213216377536145e-5
-1.2162162162162162	3.507423180902545e-5	3.508781904817828e-5
-1.2062062062062062	3.495068736020226e-5	3.496401392724812e-5
-1.1961961961961962	3.482871113364513e-5	3.484178363571423e-5
-1.1861861861861862	3.470828625540908e-5	3.4721111104387526e-5
-1.1761761761761762	3.458939615023907e-5	3.460197957546191e-5
-1.1661661661661662	3.4472024539490724e-5	3.448437259036338e-5
-1.1561561561561562	3.435615543389805e-5	3.436827398586436e-5
-1.1461461461461462	3.42417731291889e-5	3.425366788744619e-5
-1.1361361361361362	3.412886219935784e-5	3.414053871059697e-5
-1.1261261261261262	3.4017407490961035e-5	3.402887114322371e-5
-1.1161161161161162	3.390739411998894e-5	3.391865015186157e-5
-1.1061061061061062	3.379880746949008e-5	3.3809860969353185e-5
-1.0960960960960962	3.369163317672635e-5	3.37024890939879e-5
-1.0860860860860861	3.3585857136725425e-5	3.359652028245169e-5
-1.0760760760760761	3.348146549163716e-5	3.349194054430953e-5
-1.0660660660660661	3.337844463301753e-5	3.338873614187593e-5
-1.0560560560560561	3.3276781186032275e-5	3.328689357921732e-5
-1.0460460460460461	3.317646201983177e-5	3.318639960192238e-5
-1.0360360360360361	3.3077474231632244e-5	3.3087241193817655e-5
-1.026026026026026	3.297980514905284e-5	3.298940556703221e-5
-1.016016016016016	3.288344232332876e-5	3.28928801669749e-5
-1.006006006006006	3.278837352521043e-5	3.279765265832916e-5
-0.995995995995996	3.2694586744835995e-5	3.2703710926182874e-5
-0.985985985985986	3.2602070181535805e-5	3.261104307645096e-5
-0.975975975975976	3.2510812246729076e-5	3.251963742286506e-5
-0.965965965965966	3.2420801557670605e-5	3.242948248862597e-5
-0.955955955955956	3.233202693220611e-5	3.234056700517114e-5
-0.9459459459459459	3.2244477390306185e-5	3.2252879902287176e-5
-0.9359359359359359	3.215814214327586e-5	3.216641031083119e-5
-0.9259259259259259	3.2073010599404807e-5	3.208114755506727e-5
-0.9159159159159159	3.1989072352501765e-5	3.1997081152549875e-5
-0.9059059059059059	3.190631718531341e-5	3.191420080886139e-5
-0.8958958958958959	3.182473506277625e-5	3.1832496414903016e-5
-0.8858858858858859	3.174431613001721e-5	3.175195804529131e-5
-0.8758758758758759	3.1665050710518164e-5	3.1672575954153224e-5
-0.8658658658658659	3.1586929302934754e-5	3.159434057127578e-5
-0.8558558558558559	3.150994257375288e-5	3.1517242502697444e-5
-0.8458458458458459	3.1434081367134375e-5	3.1441272523068544e-5
-0.8358358358358359	3.135933668401521e-5	3.136642157782179e-5
-0.8258258258258259	3.128569969673356e-5	3.1292680778503894e-5
-0.8158158158158159	3.121316173610496e-5	3.122004139844092e-5
-0.8058058058058059	3.1141714292955864e-5	3.114849487363046e-5
-0.7957957957957958	3.10713490160005e-5	3.10780327969812e-5
-0.7857857857857858	3.100205770575392e-5	3.100864691977414e-5
-0.7757757757757757	3.09338323177205e-5	3.094032914681371e-5
-0.7657657657657657	3.086666495644657e-5	3.087307153190007e-5
-0.7557557557557557	3.0800547875118635e-5	3.0806866281148184e-5
-0.7457457457457457	3.073547347081973e-5	3.074170574692904e-5
-0.7357357357357357	3.067143428660033e-5	3.067758242674507e-5
-0.7257257257257257	3.060842300619031e-5	3.061448896124981e-5
-0.7157157157157157	3.0546432453129495e-5	3.0552418132370004e-5
-0.7057057057057057	3.048545558921674e-5	3.0491362861164168e-5
-0.6956956956956957	3.042548551136596e-5	3.0431316204370797e-5
-0.6856856856856857	3.036651545173513e-5	3.0372271356837733e-5
-0.6756756756756757	3.0308538773551816e-5	3.0314221645440186e-5
-0.6656656656656657	3.025154897283981e-5	3.0257160528440775e-5
-0.6556556556556556	3.0195539672109018e-5	3.0201081594903923e-5
-0.6456456456456456	3.0140504622446906e-5	3.0145978561566126e-5
-0.6356356356356356	3.008643770048667e-5	3.009184527185833e-5
-0.6256256256256256	3.0033332906168593e-5	3.0038675695324985e-5
-0.6156156156156156	2.998118436293834e-5	2.9986463923435482e-5
-0.6056056056056056	2.9929986314288192e-5	2.9935204171015937e-5
-0.5955955955955956	2.9879733124380898e-5	2.988489077164306e-5
-0.5855855855855856	2.983041927481196e-5	2.9835518179426805e-5
-0.5755755755755756	2.9782039363418785e-5	2.97870809648705e-5
-0.5655655655655656	2.973458810345671e-5	2.9739573816590907e-5
-0.5555555555555556	2.9688060323423226e-5	2.9692991535156592e-5
-0.5455455455455456	2.9642450963138267e-5	2.9647329036348216e-5
-0.5355355355355356	2.959775507415026e-5	2.9602581348586097e-5
-0.5255255255255256	2.9553967818666778e-5	2.9558743608708735e-5
-0.5155155155155156	2.9511084467512404e-5	2.9515811066927298e-5
-0.5055055055055055	2.9469100398724584e-5	2.9473779078360768e-5
-0.4954954954954955	2.9428011098726813e-5	2.9432643108516146e-5
-0.4854854854854855	2.9387812157991475e-5	2.9392398726701493e-5
-0.4754754754754755	2.9348499271611305e-5	2.9353041609394046e-5
-0.46546546546546547	2.93100682384528e-5	2.931456753514139e-5
-0.45545545545545546	2.9272514959785385e-5	2.9276972386758718e-5
-0.44544544544544545	2.9235835438719e-5	2.9240252149095916e-5
-0.43543543543543545	2.9200025778010133e-5	2.9204402907773626e-5
-0.42542542542542544	2.9165082180210312e-5	2.9169420848397518e-5
-0.41541541541541543	2.9131000946664628e-5	2.9135302255172196e-5
-0.40540540540540543	2.9097778475840048e-5	2.9102043512030076e-5
-0.3953953953953954	2.9065411263523037e-5	2.90696410982956e-5
-0.38538538538538536	2.9033895901931714e-5	2.9038091592032277e-5
-0.37537537537537535	2.900322907752684e-5	2.9007391664067866e-5
-0.36536536536536535	2.8973407571107515e-5	2.8977538083627657e-5
-0.35535535535535534	2.894442825838273e-5	2.8948527710890605e-5
-0.34534534534534533	2.8916288106602525e-5	2.89203575010085e-5
-0.3353353353353353	2.888898417547817e-5	2.889302450267771e-5
-0.3253253253253253	2.886251361636662e-5	2.886652585377664e-5
-0.3153153153153153	2.883687367258421e-5	2.8840858785749245e-5
-0.3053053053053053	2.88120616753191e-5	2.881602061966798e-5
-0.2952952952952953	2.878807504647714e-5	2.879200876684383e-5
-0.2852852852852853	2.8764911297573357e-5	2.8768820727882973e-5
-0.2752752752752753	2.8742568027294343e-5	2.874645409198956e-5
-0.2652652652652653	2.872104292314905e-5	2.8724906536206553e-5
-0.2552552552552553	2.8700333757958435e-5	2.8704175826953852e-5
-0.24524524524524524	2.8680438394470326e-5	2.8684259815226034e-5
-0.23523523523523523	2.8661354778871224e-5	2.8665156441136247e-5
-0.22522522522522523	2.8643080944133147e-5	2.8646863728586317e-5
-0.21521521521521522	2.8625615008719462e-5	2.8629379788679062e-5
-0.20520520520520522	2.8608955176081118e-5	2.86127028181682e-5
-0.19519519519519518	2.8593099733209222e-5	2.8596831096608456e-5
-0.18518518518518517	2.8578047052006253e-5	2.8581762990316028e-5
-0.17517517517517517	2.8563795588416037e-5	2.8567496947642765e-5
-0.16516516516516516	2.8550343880417908e-5	2.8554031502207196e-5
-0.15515515515515516	2.853769054990307e-5	2.854136527023864e-5
-0.14514514514514515	2.852583430167918e-5	2.8529496950798414e-5
-0.13513513513513514	2.851477392215735e-5	2.8518425326138757e-5
-0.12512512512512514	2.850450828030384e-5	2.850814926087093e-5
-0.11511511511511512	2.8495036327191036e-5	2.8498667701602274e-5
-0.10510510510510511	2.848635709527542e-5	2.8489979676864566e-5
-0.09509509509509509	2.8478469698077332e-5	2.8482084297428266e-5
-0.08508508508508508	2.8471373330826284e-5	2.8474980754687907e-5
-0.07507507507507508	2.8465067269302568e-5	2.8468668322350653e-5
-0.06506506506506507	2.8459550870777203e-5	2.8463146354989012e-5
-0.055055055055055056	2.8454823572493428e-5	2.8458414287133307e-5
-0.04504504504504504	2.845088489303206e-5	2.8454471635905764e-5
-0.035035035035035036	2.8447734430794044e-5	2.8451317997985358e-5
-0.025025025025025027	2.8445371864927017e-5	2.8448953051236647e-5
-0.015015015015015015	2.8443796954710777e-5	2.8447376554675272e-5
-0.005005005005005005	2.844300953961892e-5	2.8446588346440734e-5
0.005005005005005005	2.844300953961893e-5	2.8446588346773798e-5
0.015015015015015015	2.844379695471082e-5	2.844737655467522e-5
0.025025025025025027	2.844537186470508e-5	2.844895305156954e-5
0.035035035035035036	2.8447734430683062e-5	2.8451317997985196e-5
0.04504504504504504	2.8450884893254246e-5	2.8454471636127707e-5
0.055055055055055056	2.8454823572604288e-5	2.8458414287022352e-5
0.06506506506506507	2.8459550870777406e-5	2.8463146354766686e-5
0.07507507507507508	2.846506726919185e-5	2.846866832246165e-5
0.08508508508508508	2.8471373330604348e-5	2.847498075457709e-5
0.09509509509509509	2.8478469697967e-5	2.8482084297206083e-5
0.10510510510510511	2.848635709494275e-5	2.8489979676975355e-5
0.11511511511511512	2.84950363273022e-5	2.84986677012682e-5
0.12512512512512514	2.850450828041499e-5	2.8508149260870694e-5
0.13513513513513514	2.8514773922380234e-5	2.851842532613978e-5
0.14514514514514515	2.852583430156876e-5	2.852949695046489e-5
0.15515515515515516	2.853769054990411e-5	2.8541365270349374e-5
0.16516516516516516	2.855034388052952e-5	2.8554031502318083e-5
0.17517517517517517	2.856379558852875e-5	2.85674969476418e-5
0.18518518518518517	2.8578047052341014e-5	2.8581762990093174e-5
0.19519519519519518	2.8593099733432425e-5	2.859683109638507e-5
0.20520520520520522	2.8608955175749084e-5	2.861270281772417e-5
0.21521521521521522	2.862561500872035e-5	2.86293797885667e-5
0.22522522522522523	2.8643080944135197e-5	2.8646863728253216e-5
0.23523523523523523	2.866135477876304e-5	2.8665156441137975e-5
0.24524524524524524	2.8680438394473267e-5	2.8684259815558047e-5
0.2552552552552553	2.8700333758072178e-5	2.870417582684236e-5
0.2652652652652653	2.8721042922598654e-5	2.8724906536428605e-5
0.2752752752752753	2.874256802696317e-5	2.8746454091658673e-5
0.2852852852852853	2.8764911297464896e-5	2.8768820728105408e-5
0.2952952952952953	2.8788075046368882e-5	2.8792008766619444e-5
0.3053053053053053	2.881206167465758e-5	2.8816020619555718e-5
0.3153153153153153	2.8836873672479424e-5	2.884085878586599e-5
0.3253253253253253	2.8862513616483968e-5	2.8866525853778044e-5
0.3353353353353353	2.8888984175375827e-5	2.8893024502456483e-5
0.34534534534534533	2.8916288106495928e-5	2.8920357501232577e-5
0.35535535535535534	2.8944428258281423e-5	2.894852771078274e-5
0.36536536536536535	2.8973407571338263e-5	2.8977538083408817e-5
0.37537537537537535	2.9003229077091267e-5	2.9007391664071315e-5
0.38538538538538536	2.903389590205424e-5	2.903809159136761e-5
0.3953953953953954	2.906541126364745e-5	2.9069641098303218e-5
0.40540540540540543	2.9097778475965558e-5	2.9102043511813097e-5
0.41541541541541543	2.9131000946344344e-5	2.913530225528878e-5
0.42542542542542544	2.9165082180453455e-5	2.9169420848183066e-5
0.43543543543543545	2.9200025777920273e-5	2.920440290789097e-5
0.44544544544544545	2.9235835438630162e-5	2.9240252149216655e-5
0.45545545545545546	2.927251495969905e-5	2.9276972386881805e-5
0.46546546546546547	2.9310068238260168e-5	2.931456753503915e-5
0.4754754754754755	2.9348499271419486e-5	2.9353041609740472e-5
0.4854854854854855	2.9387812157691358e-5	2.9392398726717797e-5
0.4954954954954955	2.942801109854232e-5	2.9432643108306167e-5
0.5055055055055055	2.946910039899311e-5	2.9473779078597798e-5
0.5155155155155156	2.9511084467560224e-5	2.951581106694161e-5
0.5255255255255256	2.955396781872729e-5	2.9558743609068734e-5
0.5355355355355356	2.9597755074094654e-5	2.960258134838652e-5
0.5455455455455456	2.964245096354258e-5	2.9647329036599022e-5
0.5555555555555556	2.9688060323610207e-5	2.9692991535190535e-5
0.5655655655655656	2.973458810408665e-5	2.9739573816736607e-5
0.5755755755755756	2.9782039363277534e-5	2.978708096525828e-5
0.5855855855855856	2.9830419274469097e-5	2.9835518179464155e-5
0.5955955955955956	2.987973312416085e-5	2.9884890771677944e-5
0.6056056056056056	2.992998631441535e-5	2.993520417096018e-5
0.6156156156156156	2.9981184362515488e-5	2.9986463923711632e-5
0.6256256256256256	3.0033332906430276e-5	3.003867569539069e-5
0.6356356356356356	3.0086437699991194e-5	3.009184527181244e-5
0.6456456456456456	3.0140504622405137e-5	3.014597856098262e-5
0.6556556556556556	3.019553967208812e-5	3.0201081594659754e-5
0.6656656656656657	3.0251548972847428e-5	3.0257160528546326e-5
0.6756756756756757	3.030853877369255e-5	3.0314221645890685e-5
0.6856856856856857	3.0366515451338795e-5	3.0372271357188615e-5
0.6956956956956957	3.042548551087537e-5	3.0431316204721783e-5
0.7057057057057057	3.048545558875941e-5	3.049136286075709e-5
0.7157157157157157	3.054643245282228e-5	3.055241813253603e-5
0.7257257257257257	3.06084230062533e-5	3.06144889615415e-5
0.7357357357357357	3.067143428613956e-5	3.067758242694345e-5
0.7457457457457457	3.073547347029105e-5	3.074170574714432e-5
0.7557557557557557	3.080054787463111e-5	3.0806866281272007e-5
0.7657657657657657	3.086666495600588e-5	3.087307153161091e-5
0.7757757757757757	3.093383231732866e-5	3.0940329146756954e-5
0.7857857857857858	3.1002057705198413e-5	3.1008646920208156e-5
0.7957957957957958	3.107134901529874e-5	3.107803279643437e-5
0.8058058058058059	3.114171429319705e-5	3.1148494872774074e-5
0.8158158158158159	3.121316173598456e-5	3.122004139784736e-5
0.8258258258258259	3.128569969601601e-5	3.129268077807578e-5
0.8358358358358359	3.135933668439599e-5	3.136642157797927e-5
0.8458458458458459	3.14340813665832e-5	3.1441272522822796e-5
0.8558558558558559	3.1509942574984196e-5	3.151724250218471e-5
0.8658658658658659	3.158692930217573e-5	3.159434057091657e-5
0.8758758758758759	3.166505071020878e-5	3.167257595392836e-5
0.8858858858858859	3.17443161289449e-5	3.1751958045616365e-5
0.8958958958958959	3.1824735061748874e-5	3.183249641517603e-5
0.9059059059059059	3.190631718474836e-5	3.1914200808331524e-5
0.9159159159159159	3.198907235132336e-5	3.199708115271267e-5
0.9259259259259259	3.2073010598599976e-5	3.2081147554991324e-5
0.9359359359359359	3.215814214266922e-5	3.2166410309962286e-5
0.9459459459459459	3.224447738947359e-5	3.225287990176176e-5
0.955955955955956	3.2332026932438614e-5	3.234056700396173e-5
0.965965965965966	3.242080155638384e-5	3.242948248944288e-5
0.975975975975976	3.2510812245791485e-5	3.251963742159308e-5
0.985985985985986	3.260207018055663e-5	3.2611043075391815e-5
0.995995995995996	3.269458674268444e-5	3.270371092627281e-5
1.006006006006006	3.2788373524456935e-5	3.279765265726396e-5
1.016016016016016	3.2883442321812075e-5	3.2892880165845714e-5
1.026026026026026	3.297980514821179e-5	3.298940556772531e-5
1.0360360360360361	3.307747423064677e-5	3.308724119321265e-5
1.0460460460460461	3.317646201724467e-5	3.318639960086752e-5
1.0560560560560561	3.3276781184897075e-5	3.3286893578940184e-5
1.0660660660660661	3.337844463034998e-5	3.338873614149916e-5
1.0760760760760761	3.3481465491704054e-5	3.34919405442037e-5
1.0860860860860861	3.358585713557602e-5	3.3596520280840405e-5
1.0960960960960962	3.369163317555927e-5	3.370248909333562e-5
1.1061061061061062	3.379880746608362e-5	3.380986096744146e-5
1.1161161161161162	3.3907394117453787e-5	3.3918650151233044e-5
1.1261261261261262	3.4017407487956385e-5	3.4028871142078e-5
1.1361361361361362	3.412886219706325e-5	3.414053870917456e-5
1.1461461461461462	3.4241773127161046e-5	3.4253667887407156e-5
1.1561561561561562	3.4356155431515214e-5	3.436827398417826e-5
1.1661661661661662	3.4472024536169054e-5	3.448437258969192e-5
1.1761761761761762	3.458939614751578e-5	3.4601979573503336e-5
1.1861861861861862	3.470828625174825e-5	3.472111110331108e-5
1.1961961961961962	3.48287111307025e-5	3.484178363299278e-5
1.2062062062062062	3.49506873557688e-5	3.4964013926078e-5
1.2162162162162162	3.507423180460761e-5	3.508781904525321e-5
1.2262262262262262	3.519936165908203e-5	3.521321637500347e-5
1.2362362362362362	3.532609441507024e-5	3.5340223615834105e-5
1.2462462462462462	3.545444788355155e-5	3.546885879462106e-5
1.2562562562562563	3.5584440206144374e-5	3.559914026887295e-5
1.2662662662662663	3.57160898534841e-5	3.573108673908298e-5
1.2762762762762763	3.5849415636872374e-5	3.586471725045236e-5
1.2862862862862863	3.598443670720406e-5	3.6000051201014444e-5
1.2962962962962963	3.6121172574575624e-5	3.61371083509915e-5
1.3063063063063063	3.6259643104367766e-5	3.627590882558939e-5
1.3163163163163163	3.6399868527992e-5	3.641647313400105e-5
1.3263263263263263	3.6541869455842787e-5	3.655882215751989e-5
1.3363363363363363	3.6685666874429625e-5	3.6702977174417516e-5
1.3463463463463463	3.683128215881543e-5	3.6848959868274826e-5
1.3563563563563563	3.697873709071085e-5	3.699679232358013e-5
1.3663663663663663	3.712805385063383e-5	3.714649704345225e-5
1.3763763763763763	3.727925503417123e-5	3.7298096960271003e-5
1.3863863863863863	3.7432363663873785e-5	3.745161543742605e-5
1.3963963963963963	3.7587403193142526e-5	3.7607076287111625e-5
1.4064064064064064	3.7744397512855e-5	3.77645037749514e-5
1.4164164164164164	3.790337097058178e-5	3.792392262607404e-5
1.4264264264264264	3.806434837528724e-5	3.8085358048013566e-5
1.4364364364364364	3.822735500186311e-5	3.824883572558438e-5
1.4464464464464464	3.8392416607610064e-5	3.841438184600942e-5
1.4564564564564564	3.8559559444047614e-5	3.858202309761658e-5
1.4664664664664664	3.872881026075984e-5	3.875178669135218e-5
1.4764764764764764	3.8900196325121135e-5	3.8923700363835435e-5
1.4864864864864864	3.907374542732593e-5	3.909779239911339e-5
1.4964964964964964	3.924948588969e-5	3.927409163142954e-5
1.5065065065065064	3.9427446590589874e-5	3.945262745780465e-5
1.5165165165165164	3.960765696697126e-5	3.963342986449001e-5
1.5265265265265264	3.9790147023728604e-5	3.9816529423989775e-5
1.5365365365365364	3.997494736022028e-5	4.000195731842415e-5
1.5465465465465464	4.0162089168091326e-5	4.018974534849727e-5
1.5565565565565564	4.035160425401809e-5	4.037992595553293e-5
1.5665665665665667	4.054352506011487e-5	4.057253222568069e-5
1.5765765765765767	4.0737884661236336e-5	4.076759791296858e-5
1.5865865865865867	4.093471679319758e-5	4.0965157455331425e-5
1.5965965965965967	4.113405586066154e-5	4.116524598804755e-5
1.6066066066066067	4.133593696530226e-5	4.136789935985374e-5
1.6166166166166167	4.154039590362935e-5	4.157315414913079e-5
1.6266266266266267	4.174746919464397e-5	4.178104769065529e-5
1.6366366366366367	4.195719410229746e-5	4.199161807878714e-5
1.6466466466466467	4.216960863710275e-5	4.220490420652378e-5
1.6566566566566567	4.238475159274582e-5	4.242094575836946e-5
1.6666666666666667	4.2602662547796957e-5	4.2639783254533954e-5
1.6766766766766767	4.282338189469322e-5	4.286145806196404e-5
1.6866866866866868	4.304695086395971e-5	4.308601240696309e-5
1.6966966966966968	4.327341152676737e-5	4.3313489415450085e-5
1.7067067067067068	4.350280683403163e-5	4.3543933116994195e-5
1.7167167167167168	4.3735180633416984e-5	4.377738848056107e-5
1.7267267267267268	4.397057768282102e-5	4.4013901432305584e-5
1.7367367367367368	4.42090436821646e-5	4.4253518880045394e-5
1.7467467467467468	4.445062529579714e-5	4.449628874053298e-5
1.7567567567567568	4.469537017186613e-5	4.47422599640922e-5
1.7667667667667668	4.4943326973884e-5	4.499148256659098e-5
1.7767767767767768	4.519454540779742e-5	4.524400764401479e-5
1.7867867867867868	4.544907622900739e-5	4.5499887413181376e-5
1.7967967967967968	4.5706971298863035e-5	4.5759175240573056e-5
1.8068068068068068	4.5968283591069706e-5	4.6021925667413155e-5
1.8168168168168168	4.6233067233362354e-5	4.628819443759061e-5
1.8268268268268268	4.650137752511654e-5	4.655803854096439e-5
1.8368368368368369	4.6773270983294534e-5	4.683151623973911e-5
1.8468468468468469	4.704880535505773e-5	4.710868710051019e-5
1.8568568568568569	4.732803967203899e-5	4.7389612037312076e-5
1.8668668668668669	4.761103427087876e-5	4.7674353334828645e-5
1.8768768768768769	4.7897850827530086e-5	4.7962974706299274e-5
1.8868868868868869	4.8188552389153584e-5	4.825554131169824e-5
1.896896896896897	4.848320344044361e-5	4.855211981283904e-5
1.906906906906907	4.878186989705441e-5	4.8852778403696256e-5
1.916916916916917	4.908461917637464e-5	4.915758686276375e-5
1.926926926926927	4.939152023522981e-5	4.9466616593619204e-5
1.936936936936937	4.970264359758054e-5	4.977994066078733e-5
1.946946946946947	5.001806140585371e-5	5.009763386079293e-5
1.956956956956957	5.0337847476161326e-5	5.041977274471422e-5
1.966966966966967	5.06620773272496e-5	5.074643567764782e-5
1.976976976976977	5.099082823180639e-5	5.107770291031017e-5
1.986986986986987	5.1324179284826465e-5	5.141365659787082e-5
1.996996996996997	5.166221142521961e-5	5.1754380882931985e-5
2.007007007007007	5.200500750478713e-5	5.2099961944121604e-5
2.017017017017017	5.235265235285387e-5	5.245048804608307e-5
2.027027027027027	5.270523280385488e-5	5.280604961583108e-5
2.037037037037037	5.306283778362986e-5	5.316673931208794e-5
2.047047047047047	5.342555835144894e-5	5.353265206269233e-5
2.057057057057057	5.37934877807131e-5	5.390388515475277e-5
2.067067067067067	5.416672159321608e-5	5.428053830362048e-5
2.0770770770770772	5.4545357658487943e-5	5.466271372876589e-5
2.0870870870870872	5.492949623904181e-5	5.5050516213634504e-5
2.0970970970970972	5.531924007491424e-5	5.544405319731343e-5
2.1071071071071072	5.571469445487881e-5	5.584343485470386e-5
2.1171171171171173	5.6115967294232065e-5	5.624877417424638e-5
2.1271271271271273	5.652316919235372e-5	5.6660187060222567e-5
2.1371371371371373	5.693641354951507e-5	5.707779239567917e-5
2.1471471471471473	5.735581663381225e-5	5.750171216277705e-5
2.1571571571571573	5.778149765659546e-5	5.7932071528641754e-5
2.1671671671671673	5.82135788925147e-5	5.836899895130885e-5
2.1771771771771773	5.8652185745639525e-5	5.881262626747288e-5
2.1871871871871873	5.909744687151848e-5	5.926308882177335e-5
2.1971971971971973	5.954949423799001e-5	5.972052557021374e-5
2.2072072072072073	6.0008463291060706e-5	6.0185079194299705e-5
2.2172172172172173	6.047449301072941e-5	6.065689621787674e-5
2.2272272272272273	6.094772604164498e-5	6.113612714607038e-5
2.2372372372372373	6.142830881792214e-5	6.162292659066683e-5
2.2472472472472473	6.19163916690041e-5	6.211745339430054e-5
2.2572572572572573	6.241212896818151e-5	6.261987077798996e-5
2.2672672672672673	6.291567922805774e-5	6.313034649930623e-5
2.2772772772772774	6.342720526880758e-5	6.364905297909897e-5
2.2872872872872874	6.394687435040976e-5	6.417616748211682e-5
2.2972972972972974	6.447485829501056e-5	6.47118722629691e-5
2.3073073073073074	6.501133368038719e-5	6.525635474557912e-5
2.3173173173173174	6.555648196068106e-5	6.580980770064342e-5
2.3273273273273274	6.611048963828797e-5	6.637242942538117e-5
2.3373373373373374	6.667354845755464e-5	6.694442393301002e-5
2.3473473473473474	6.724585554722662e-5	6.75260011527867e-5
2.3573573573573574	6.782761362456541e-5	6.811737714744665e-5
2.3673673673673674	6.841903117883668e-5	6.871877430724435e-5
2.3773773773773774	6.902032268557822e-5	6.93304215901423e-5
2.3873873873873874	6.963170876644305e-5	6.995255476084883e-5
2.3973973973973974	7.025341647157648e-5	7.058541661167031e-5
2.4074074074074074	7.088567945135391e-5	7.122925723201419e-5
2.4174174174174174	7.152873821023766e-5	7.188433426918355e-5
2.4274274274274275	7.218284034265249e-5	7.255091319497751e-5
2.4374374374374375	7.284824078872036e-5	7.32292676123688e-5
2.4474474474474475	7.352520209238928e-5	7.391967952254168e-5
2.4574574574574575	7.421399467176302e-5	7.462243967745974e-5
2.4674674674674675	7.491489712292884e-5	7.533784786483089e-5
2.4774774774774775	7.562819649481109e-5	7.606621326199968e-5
2.4874874874874875	7.635418860312987e-5	7.680785479898276e-5
2.4974974974974975	7.709317837428053e-5	7.756310152710647e-5
2.5075075075075075	7.784548014750659e-5	7.833229296633534e-5
2.5175175175175175	7.861141804530934e-5	7.911577957403121e-5
2.5275275275275275	7.93913263538663e-5	7.991392310301176e-5
2.5375375375375375	8.018554986988411e-5	8.072709709219281e-5
2.5475475475475475	8.099444432976012e-5	8.155568726271629e-5
2.5575575575575575	8.18183768167079e-5	8.240009207885582e-5
2.5675675675675675	8.265772619628163e-5	8.326072316668159e-5
2.5775775775775776	8.351288355576743e-5	8.413800589892658e-5
2.5875875875875876	8.438425271518627e-5	8.503237991965827e-5
2.5975975975975976	8.527225069030888e-5	8.59442997106509e-5
2.6076076076076076	8.617730823529991e-5	8.687423521462447e-5
2.6176176176176176	8.709987035614194e-5	8.782267244184299e-5
2.6276276276276276	8.804039691478868e-5	8.87901141517854e-5
2.6376376376376376	8.89993631919752e-5	8.97770805111561e-5
2.6476476476476476	8.99772605410932e-5	9.07841098788419e-5
2.6576576576576576	9.097459701884986e-5	9.181175945475235e-5
2.6676676676676676	9.199189804637047e-5	9.286060620932596e-5
2.6776776776776776	9.302970719498177e-5	9.393124761674268e-5
2.6876876876876876	9.40885868495479e-5	9.502430256535278e-5
2.6976976976976976	9.516911904652768e-5	9.614041227837668e-5
2.7077077077077076	9.627190628477592e-5	9.728024127555314e-5
2.7177177177177176	9.73975723928595e-5	9.844447839205654e-5
2.7277277277277276	9.854676341299466e-5	9.963383779356464e-5
2.7377377377377377	9.972014857967611e-5	0.00010084906017697752
2.7477477477477477	0.00010091842130134304	0.00010209091387029279
2.7577577577577577	0.00010214230021721197	0.00010336019610986996
2.7677677677677677	0.00010339253028006189	0.00010465773429442519
2.7777777777777777	0.00010466988393598009	0.00010598438742978875
2.7877877877877877	0.00010597516231933622	0.00010734104746552068
2.7977977977977977	0.00010730919655285187	0.00010872864089362862
2.8078078078078077	0.00010867284906421422	0.00011014813029068562
2.8178178178178177	0.0001100670150197226	0.00011160051601153339
2.8278278278278277	0.0001114926238146408	0.00011308683797008447
2.8378378378378377	0.00011295064062627172	0.00011460817750126321
2.8478478478478477	0.00011444206807626378	0.00011616565929505411
2.8578578578578577	0.00011596794795321848	0.00011776045353313952
2.8678678678678677	0.00011752936309290785	0.0001193937780386191
2.8778778778778777	0.0001191274392450523	0.00012106690059236348
2.8878878878878878	0.00012076334716100961	0.00012278114139960717
2.8978978978978978	0.00012243830472456516	0.0001245378756445214
2.9079079079079078	0.00012415357925010174	0.00012633853625589533
2.9179179179179178	0.00012591048984258123	0.00012818461674014001
2.9279279279279278	0.000127710409962511	0.00013007767432075525
2.937937937937938	0.00012955477010000125	0.00013201933309867024
2.947947947947948	0.00013144506059077935	0.0001340112874925836
2.957957957957958	0.00013338283464223288	0.0001360553059015839
2.967967967967968	0.00013536971149089448	0.00013815323452676578
2.977977977977978	0.00013740737974697245	0.00014030700142830162
2.987987987987988	0.00013949760098757243	0.00014251862091574312
2.997997997997998	0.0001416422134890472	0.00014479019806599514
3.008008008008008	0.00014384313622232324	0.00014712393362809802
3.018018018018018	0.00014610237314053565	0.00014952212924221924
3.028028028028028	0.0001484220176256684	0.0001519871928670208
3.038038038038038	0.0001508042572814833	0.00015452164471856884
3.048048048048048	0.00015325137899883964	0.00015712812339903473
3.058058058058058	0.00015576577437427245	0.0001598093926221972
3.068068068068068	0.0001583499454078243	0.0001625683482044015
3.078078078078078	0.0001610065105775292	0.00016540802564589887
3.088088088088088	0.00016373821140174108	0.0001683316080706571
3.098098098098098	0.0001665479192960173	0.000171342434840414
3.108108108108108	0.00016943864292607653	0.0001744440106967364
3.118118118118118	0.00017241353607016702	0.00017764001545985512
3.1281281281281283	0.00017547590601425252	0.0001809343144637613
3.1381381381381384	0.0001786292224400769	0.000184330969706699
3.1481481481481484	0.00018187712698501972	0.00018783425179067076
3.1581581581581584	0.00018522344341281104	0.00019144865259747477
3.1681681681681684	0.0001886721885637139	0.00019517889900382037
3.1781781781781784	0.00019222758391895927	0.00019902996754212612
3.1881881881881884	0.00019589406817759275	0.00020300710004808018
3.1981981981981984	0.00019967631050537985	0.00020711582055709242
3.2082082082082084	0.0002035792249698051	0.00021136195335278885
3.2182182182182184	0.00020760798578919637	0.00021575164247098242
3.2282282282282284	0.0002117680439098445	0.00022029137253068792
3.2382382382382384	0.00021606514464427687	0.00022498799133401355
3.2482482482482484	0.0002205053466991166	0.00022984873399511601
3.2582582582582584	0.00022509504262543484	0.00023488124916684464
3.2682682682682684	0.00022984098087328614	0.00024009362706202742
3.2782782782782784	0.00023475028943139957	0.00024549443000571394
3.2882882882882885	0.0002398305014385726	0.00025109272514868363
3.2982982982982985	0.0002450895826880221	0.0002568981200560844
3.3083083083083085	0.00025053596144701914	0.00026292080100919683
3.3183183183183185	0.00025617856048914796	0.00026917157473853407
3.3283283283283285	0.00026202683195871655	0.00027566191332816507
3.3383383383383385	0.00026809079487997485	0.000282404003227736
3.3483483483483485	0.0002743810759378892	0.00028941079831712983
3.3583583583583585	0.00028090895356322595	0.00029669607749963176
3.3683683683683685	0.0002876864059073837	0.0003042745075152597
3.3783783783783785	0.00029472616278323994	0.0003121617112913418
3.3883883883883885	0.00030204176214112513	0.0003203743422387342
3.3983983983983985	0.0003096476117811673	0.00032893016564074473
3.4084084084084085	0.00031755905612037704	0.0003378481472335242
3.4184184184184185	0.0003257924492644238	0.00034714855012001826
3.4284284284284285	0.0003343652347868581	0.0003568530410290566
3.4384384384384385	0.0003432960327070238	0.00036698480641637573
3.4484484484484486	0.00035260473466145175	0.00037756868008297
3.4584584584584586	0.00036231260820661614	0.00038863128309189645
3.4684684684684686	0.0003724424110311424	0.0004002011778680776
3.4784784784784786	0.000383018516273996	0.0004123090374953416
3.4884884884884886	0.00039406705033940745	0.00042498783273124126
3.4984984984984986	0.00040561604428867047	0.00043827303789484577
3.5085085085085086	0.00041769560081918427	0.0004522028589987215
3.5185185185185186	0.0004303380782011586	0.0004668184856501478
3.5285285285285286	0.0004435782934964573	0.0004821643705977975
3.5385385385385386	0.0004574537473019013	0.0004982885397606863
3.5485485485485486	0.00047200487258072153	0.0005152429369989255
3.5585585585585586	0.00048727531060427327	0.0005330838077078609
3.5685685685685686	0.0005033122174001182	0.0005518721268258363
3.5785785785785786	0.0005201666047051502	0.0005716740764354861
3.5885885885885886	0.0005378937197654061	0.0005925615805056049
3.5985985985985987	0.000556553469139986	0.0006146129037854789
3.6086086086086087	0.0005762108923742324	0.0006379133244328137
3.6186186186186187	0.0005969366926134314	0.0006625558904674389
3.6286286286286287	0.0006188078316434452	0.0006886422722787648
3.6386386386386387	0.000641908198420127	0.0007162837253308807
3.6486486486486487	0.0006663293624121424	0.0007456021793746095
3.6586586586586587	0.00069217142278102	0.0007767314736801763
3.6686686686686687	0.0007195439690124194	0.0008098187609155204
3.6786786786786787	0.0007485671688940993	0.0008450261059402649
3.6886886886886887	0.0007793730039554005	0.0008825323116854329
3.6986986986986987	0.0008121066753622552	0.0009225350087263757
3.7087087087087087	0.0008469282075560993	0.0009652530534035355
3.7187187187187187	0.0008840142821569698	0.001010929286914184
3.7287287287287287	0.0009235603400590633	0.001059833719020489
3.7387387387387387	0.0009657829980331342	0.001112267211663787
3.7487487487487487	0.0010109228337673109	0.0011685657546030577
3.7587587587587588	0.0010592476053842596	0.0012291054432469041
3.7687687687687688	0.0011110559838003247	0.0012943082933703693
3.7787787787787788	0.0011666818934950851	0.0013646490561862225
3.7887887887887888	0.0012264995772473001	0.0014406632355375313
3.798798798798799	0.001290929525394848	0.0015229565531676896
3.808808808808809	0.001360445441863201	0.0016122161695269
3.818818818818819	0.0014355824596134993	0.0017092240385958308
3.828828828828829	0.0015169468652585177	0.0018148728735187536
3.838838838838839	0.0016052276603471596	0.0019301853189319475
3.848848848848849	0.0017012103617530913	0.0020563370866974887
3.858858858858859	0.0018057935518638463	0.002194685013543546
3.868868868868869	0.0019200088203255442	0.002346801273575808
3.878878878878879	0.0020450449117274767	0.002514515328786633
3.888888888888889	0.0021822771234366162	0.002699965680515767
3.898898898898899	0.0023333032934586893	0.002905664117037617
3.908908908908909	0.0024999881200016994	0.003134576017070118
3.918918918918919	0.0026845180821410256	0.0033902214496050074
3.928928928928929	0.0028894699582167928	0.0036768034385369496
3.938938938938939	0.003117896915311101	0.003999372039386239
3.948948948948949	0.0033734375020899486	0.004364036092610758
3.958958958958959	0.0036604547657044474	0.004778239118764262
3.968968968968969	0.00398421537077171	0.005251122496284367
3.978978978978979	0.0043511223947173714	0.005794008871592642
3.988988988988989	0.004769020956590416	0.0064210534117417
3.998998998998999	0.0052476038702115035	0.007150132774559901
4.009009009009009	0.005798956476147293	0.008004076123190398
4.019019019019019	0.0064382978975901315	0.009012396897544421
4.029029029029029	0.007185003848143305	0.010213771830051484
4.039039039039039	0.008064039920753212	0.011659658836422653
4.049049049049049	0.009108004620185888	0.013419692001891389
4.059059059059059	0.010360097051951137	0.015589923657719761
4.069069069069069	0.011878519434883477	0.018305765641116748
4.079079079079079	0.013743164126764096	0.02176295398207694
4.089089089089089	0.016066045059085893	0.02625275674671028
4.099099099099099	0.01900807199270304	0.03222363613523397
4.109109109109109	0.022806982796412256	0.04039473147833571
4.119119119119119	0.02782578282781875	0.051977525556844706
4.129129129129129	0.034640860898946406	0.06914158559118404
4.1391391391391394	0.04421171665031535	0.09608705359090436
4.1491491491491495	0.05823150593339399	0.14182667981128871
4.1591591591591595	0.07991696726231481	0.22867225399597196
4.1691691691691695	0.1160001670329365	0.4250285211550067
4.1791791791791795	0.18257090701509449	1.0322500251369768
4.1891891891891895	0.3263699298906558	5.009452572602553
4.1991991991991995	0.734489548195303	41.83849032535695
4.2092092092092095	2.855244191762166	2.3807398546493808
4.2192192192192195	95.94212429040266	0.7318388015516892
4.2292292292292295	3.105664456003813	0.35193722800247856
4.2392392392392395	0.7907382238108394	0.20732331688856498
4.2492492492492495	0.35487910719484134	0.13716078121002895
4.2592592592592595	0.20157392084196277	0.09782971748175887
4.2692692692692695	0.1303257340000991	0.07355491204244943
4.2792792792792795	0.0914642151958609	0.05750545511503002
4.2892892892892895	0.0679332870483881	0.046331281047894295
4.2992992992992995	0.05259517726640483	0.03823173966459895
4.3093093093093096	0.04203365231611796	0.03216832918590886
4.31931931931932	0.03444597647086561	0.027507639723970086
4.32932932932933	0.02880735334473593	0.023845333054742734
4.33933933933934	0.024499989956880165	0.02091334841176529
4.34934934934935	0.02113331211685706	0.018528205706813232
4.35935935935936	0.018450488391143785	0.016560839468959827
4.36936936936937	0.01627695043632619	0.014918288542310431
4.37937937937938	0.014490645794892253	0.013532197808528358
4.38938938938939	0.013004132983447911	0.012351380601484174
4.3993993993994	0.011753419780026884	0.01133688081398185
4.40940940940941	0.010690789689318905	0.010458618002539749
4.41941941941942	0.009780066506561927	0.00969306054035306
4.42942942942943	0.008993413398665237	0.009021581626536232
4.43943943943944	0.0083091230665232	0.00842927816106921
4.44944944944945	0.007710062943440075	0.007904109176603578
4.45945945945946	0.007182562402595009	0.007436258604153053
4.46946946946947	0.0067156038699692526	0.0070176579411504745
4.47947947947948	0.006300226478166034	0.00664162450460067
4.48948948948949	0.005929080694306951	0.006302584312681135
4.4994994994995	0.005596091725387458	0.005995857673721212
4.50950950950951	0.005296202333698666	0.00571749175225061
4.51951951951952	0.005025174327481046	0.005464128690393812
4.52952952952953	0.004779433896681503	0.005232900897528659
4.53953953953954	0.0045559500492596515	0.005021347284458881
4.54954954954955	0.004352138285623971	0.004827345781607234
4.55955955955956	0.004165783686838091	0.00464905861334
4.56956956956957	0.003994979064004965	0.004484887642121333
4.57957957957958	0.003838074886682887	0.004333437715039333
4.58958958958959	0.003693638489599077	0.004193486411214106
4.5995995995996	0.0035604206418787853	0.004063958943039237
4.60960960960961	0.0034373279953822046	0.003943907228125475
4.61961961961962	0.0033234002578369087	0.0038324923578749665
4.62962962962963	0.00321779118586559	0.0037289698455836764
4.63963963963964	0.003119752682842546	0.003632677160177643
4.64964964964965	0.0030286214345206608	0.0035430231499387803
4.65965965965966	0.002943807629231483	0.0034594790338358136
4.66966966966967	0.002864785398291552	0.003381570700935701
4.67967967967968	0.0027910846825491636	0.003308872104486142
4.68968968968969	0.0027222842876679447	0.0032409995761830098
4.6996996996997	0.002658005932025421	0.0031776069166025507
4.70970970970971	0.002597909128713321	0.00311838114349477
4.71971971971972	0.0025416867707305185	0.0030630387980291676
4.72972972972973	0.0024890613106565585	0.0030113227275680924
4.73973973973974	0.002439781444492979	0.002962999275994501
4.74974974974975	0.0023936192262412784	0.0029178558231177996
4.75975975975976	0.002350367548745421	0.0028756986247143687
4.76976976976977	0.002309837940283712	0.00283635091243765
4.77977977977978	0.00227185863085564	0.0027996512181829095
4.78978978978979	0.0022362728526251112	0.0027654518929368785
4.7997997997998	0.002202937341491601	0.0027336177954678555
4.80980980980981	0.002171721013520084	0.0027040251289596785
4.81981981981982	0.002142503793961397	0.0026765604066106225
4.82982982982983	0.002115175578301596	0.002651119530601015
4.83983983983984	0.0020896353083331193	0.002627606970532341
4.84984984984985	0.0020657901508754776	0.002605935029832114
4.85985985985986	0.0020435547643563334	0.0025860231888378093
4.86986986986987	0.0020228506436132765	0.002567797516618119
4.87987987987988	0.0020036055341601288	0.002551190143714719
4.88988988988989	0.0019857529067241757	0.00253613878766703
4.8998998998999	0.00196923148582447	0.0025225863276526735
4.90990990990991	0.0019539848265788013	0.0025104804211042715
4.91991991991992	0.0019399609331571623	0.002499773158480183
4.92992992992993	0.0019271119156191448	0.0024904207528148085
4.93993993993994	0.0019153936804450899	0.0024823832593210133
4.94994994994995	0.0019047656511789611	0.0024756243230232683
4.95995995995996	0.001895190515746264	0.002470110951153536
4.96996996996997	0.0018866339990328657	0.0024658133081762704
4.97997997997998	0.0018790646559818918	0.002462704531141979
4.98998998998999	0.0018724536852113578	0.0024607605635705784
5.0	0.0018667747602447845	0.002459960006015107
