-5.0	0.008314803319037068	0.011109691441089642
-4.98998998998999	0.008344210964161193	0.011146512598716928
-4.97997997997998	0.008373920730541955	0.011183700764237489
-4.96996996996997	0.008403936960824821	0.011221261050966762
-4.95995995995996	0.008434264077937272	0.011259198663819279
-4.94994994994995	0.00846490658689702	0.011297518901309733
-4.93993993993994	0.008495869076675109	0.011336227157615298
-4.92992992992993	0.008527156222112371	0.011375328924676338
-4.91991991991992	0.008558772785868357	0.011414829794364806
-4.90990990990991	0.008590723620452713	0.011454735460703233
-4.8998998998999	0.008623013670281243	0.01149505172214367
-4.88988988988989	0.008655647973810028	0.011535784483907862
-4.87987987987988	0.008688631665716992	0.011576939760381889
-4.86986986986987	0.008721969979142728	0.01161852367758712
-4.85985985985986	0.008755668248002509	0.011660542475707398
-4.84984984984985	0.00878973190934969	0.01170300251168267
-4.83983983983984	0.008824166505816794	0.011745910261881235
-4.82982982982983	0.00885897768811236	0.01178927232483642
-4.81981981981982	0.008894171217595998	0.011833095424058042
-4.80980980980981	0.008929752968930126	0.011877386410926814
-4.7997997997998	0.0089657289327889	0.011922152267654825
-4.78978978978979	0.009002105218662432	0.011967400110343057
-4.77977977977978	0.009038888057734217	0.01201313719211182
-4.76976976976977	0.009076083805835142	0.012059370906316346
-4.75975975975976	0.009113698946491203	0.012106108789865748
-4.74974974974975	0.009151740094055588	0.012153358526615978
-4.73973973973974	0.00919021399692562	0.01220112795086719
-4.72972972972973	0.009229127540863524	0.012249425050965539
-4.71971971971972	0.009268487752408973	0.012298257972990395
-4.70970970970971	0.009308301802388654	0.01234763502456078
-4.6996996996997	0.009348577009534183	0.012397564678741363
-4.68968968968969	0.009389320844205436	0.012448055578064271
-4.67967967967968	0.009430540932223293	0.01249911653866413
-4.66966966966967	0.00947224505881804	0.012550756554530583
-4.65965965965966	0.009514441172696512	0.01260298480189106
-4.64964964964965	0.009557137390228884	0.012655810643708158
-4.63963963963964	0.009600341999763192	0.012709243634325311
-4.62962962962963	0.009644063466078146	0.012763293524226827
-4.61961961961962	0.009688310434955836	0.012817970264961618
-4.60960960960961	0.009733091737911738	0.012873284014190483
-4.5995995995996	0.009778416397056563	0.012929245140902892
-4.58958958958959	0.009824293630120282	0.012985864230771535
-4.57957957957958	0.009870732855621449	0.013043152091679338
-4.56956956956957	0.009917743698206031	0.01310111975940859
-4.55955955955956	0.009965335994147985	0.013159778503498861
-4.54954954954955	0.010013519797026643	0.013219139833291302
-4.53953953953954	0.010062305383582893	0.013279215504142088
-4.52952952952953	0.010111703259759929	0.013340017523846455
-4.51951951951952	0.010161724166938736	0.013401558159237107
-4.50950950950951	0.010212379088375328	0.013463849943011556
-4.4994994994995	0.010263679255838263	0.013526905680744467
-4.48948948948949	0.010315636156470985	0.01359073845814266
-4.47947947947948	0.010368261539869222	0.013655361648509237
-4.46946946946947	0.010421567425395527	0.013720788920454169
-4.45945945945946	0.010475566109733284	0.013787034245845932
-4.44944944944945	0.010530270174686504	0.013854111908005225
-4.43943943943944	0.01058569249524029	0.013922036510179338
-4.42942942942943	0.010641846247893967	0.013990822984268418
-4.41941941941942	0.010698744919267358	0.014060486599848095
-4.40940940940941	0.01075640231500136	0.01413104297347193
-4.3993993993994	0.010814832568957643	0.014202508078287235
-4.38938938938939	0.010874050152730548	0.0142748982539559
-4.37937937937938	0.010934069885490184	0.01434823021690206
-4.36936936936937	0.010994906944150304	0.014422521070906233
-4.35935935935936	0.01105657687390396	0.014497788318036395
-4.34934934934935	0.011119095599114176	0.014574049869957865
-4.33933933933934	0.011182479434583373	0.014651324059608305
-4.32932932932933	0.011246745097226998	0.014729629653274744
-4.31931931931932	0.01131190971814981	0.01480898586307298
-4.3093093093093096	0.01137799085515456	0.01488941235985335
-4.2992992992992995	0.01144500650569328	0.01497092928654698
-4.2892892892892895	0.01151297512028733	0.015053557271968256
-4.2792792792792795	0.011581915616420543	0.015137317445094908
-4.2692692692692695	0.011651847392948623	0.015222231449838421
-4.2592592592592595	0.011722790345019664	0.015308321460336458
-4.2492492492492495	0.011794764879548144	0.015395610196771015
-4.2392392392392395	0.011867791931255228	0.015484120941754732
-4.2292292292292295	0.01194189297930039	0.015573877557280524
-4.2192192192192195	0.012017090064534903	0.015664904502287677
-4.2092092092092095	0.012093405807395203	0.015757226850855253
-4.1991991991991995	0.012170863426472419	0.015850870311032543
-4.1891891891891895	0.012249486757783094	0.01594586124437182
-4.1791791791791795	0.012329300274767164	0.016042226686152322
-4.1691691691691695	0.012410329109056893	0.01613999436635074
-4.1591591591591595	0.012492599072034753	0.016239192731381476
-4.1491491491491495	0.012576136677236756	0.016339850966629235
-4.1391391391391394	0.012660969163609792	0.016441999019831205
-4.129129129129129	0.01274712451969445	0.016545667625318734
-4.119119119119119	0.012834631508741347	0.016650888329174933
-4.109109109109109	0.012923519694835989	0.016757693515335428
-4.099099099099099	0.013013819470046983	0.01686611643268165
-4.089089089089089	0.013105562082673572	0.01697619122316308
-4.079079079079079	0.013198779666617297	0.017087952951003856
-4.069069069069069	0.013293505271951542	0.017201437633025438
-4.059059059059059	0.013389772896721027	0.017316682270150447
-4.049049049049049	0.013487617520064644	0.01743372488013308
-4.039039039039039	0.013587075136678506	0.017552604531566478
-4.029029029029029	0.013688182792722653	0.01767336137924428
-4.019019019019019	0.013790978623218512	0.01779603670090832
-4.009009009009009	0.013895501891014845	0.01792067293546762
-3.998998998998999	0.014001793027393298	0.01804731372275657
-3.988988988988989	0.014109893674412753	0.018176003944882786
-3.978978978978979	0.014219846729037321	0.018306789769266252
-3.968968968968969	0.014331696389187324	0.018439718693425575
-3.958958958958959	0.01444548820176094	0.018574839591610808
-3.948948948948949	0.014561269112760115	0.018712202763353558
-3.938938938938939	0.014679087519603538	0.018851859984040813
-3.928928928928929	0.014798993325748116	0.018993864557601443
-3.918918918918919	0.014921037997733571	0.01913827137140821
-3.908908908908909	0.015045274624775432	0.01928513695350053
-3.898898898898899	0.015171757981036984	0.019434519532249762
-3.888888888888889	0.015300544590710997	0.019586479098572755
-3.878878878878879	0.01543169279607695	0.019741077470831852
-3.868868868868869	0.015565262828665336	0.019898378362552867
-3.858858858858859	0.015701316883714924	0.020058447453090204
-3.848848848848849	0.015839919198087513	0.020221352461403812
-3.838838838838839	0.015981136131824298	0.02038716322309656
-3.828828828828829	0.01612503625354064	0.020555951770877906
-3.818818818818819	0.01627169042987687	0.02072779241862739
-3.808808808808809	0.01642117191921948	0.020902761849258877
-3.798798798798799	0.016573556469912036	0.021080939206551852
-3.7887887887887888	0.016728922423249817	0.021262406191197993
-3.7787787787787788	0.016887350821463715	0.021447247161247192
-3.7687687687687688	0.01704892552103239	0.021635549237210276
-3.7587587587587588	0.017213733311580083	0.021827402412051996
-3.7487487487487487	0.01738186404070754	0.022022899666352274
-3.7387387387387387	0.017553410745079785	0.02222213708889755
-3.7287287287287287	0.01772846978814183	0.02242521400300348
-3.7187187187187187	0.017907141004842596	0.022632233098903113
-3.7087087087087087	0.0180895278537814	0.022843300572492935
-3.6986986986986987	0.01827573757721924	0.02305852627083369
-3.6886886886886887	0.018465881369414582	0.02327802384475146
-3.6786786786786787	0.018660074553792243	0.023501910908961882
-3.6686686686686687	0.018858436769478966	0.023730309210126532
-3.6586586586586587	0.019061092167759967	0.02396334480331078
-3.6486486486486487	0.01926816961909812	0.02420114823730349
-3.6386386386386387	0.019479802931344607	0.02444385474934257
-3.6286286286286287	0.019696131079829877	0.02469160446977294
-3.6186186186186187	0.019917298450124542	0.024944542637224166
-3.6086086086086087	0.02014345509422753	0.025202819824941824
-3.5985985985985987	0.020374757001060805	0.025466592178925312
-3.5885885885885886	0.02061136638219516	0.025736021668591
-3.5785785785785786	0.02085345197378494	0.026011276350716078
-3.5685685685685686	0.021101189355778215	0.02629253064747315
-3.5585585585585586	0.021354761289546862	0.026579965639428788
-3.5485485485485486	0.021614358075152915	0.02687376937441992
-3.5385385385385386	0.02188017792956919	0.027174137193317457
-3.5285285285285286	0.022152427387293908	0.027481272073729978
-3.5185185185185186	0.022431321724856002	0.02779538499278541
-3.5085085085085086	0.022717085410870922	0.02811669531021946
-3.4984984984984986	0.023009952583437947	0.028445431173074246
-3.4884884884884886	0.023310167556761505	0.02878182994341066
-3.4784784784784786	0.02361798535908302	0.029126138650549718
-3.4684684684684686	0.023933672304157928	0.029478614469454767
-3.4584584584584586	0.02425750659868196	0.029839525227015683
-3.4484484484484486	0.024589778988283847	0.030209149938075275
-3.4384384384384385	0.024930793444900984	0.030587779373261147
-3.4284284284284285	0.025280867898608835	0.030975716660736678
-3.4184184184184185	0.025640335017226675	0.03137327792428481
-3.4084084084084085	0.02600954303727089	0.03178079296016381
-3.3983983983983985	0.02638885665020667	0.03219860595553644
-3.3883883883883885	0.026778657948206316	0.032627076251355316
-3.3783783783783785	0.027179347434038364	0.03306657915289925
-3.3683683683683685	0.02759134510012595	0.033517506791407914
-3.3583583583583585	0.028015091582222273	0.03398026904049006
-3.3483483483483485	0.028451049393672437	0.03445529449135946
-3.3383383383383385	0.028899704246766803	0.03494303149123073
-3.3283283283283285	0.02936156646826149	0.03544394924959416
-3.3183183183183185	0.029837172516853618	0.035958539017497244
-3.3083083083083085	0.030327086611058637	0.036487315345378156
-3.2982982982982985	0.03083190247679074	0.03703081742548947
-3.2882882882882885	0.031352245224796446	0.03758961052547111
-3.2782782782782784	0.03188877336911757	0.0381642875202249
-3.2682682682682684	0.03244218099878625	0.038755470529836133
-3.2582582582582584	0.03301320011622569	0.039363812672045036
-3.2482482482482484	0.033602603157131414	0.03998999993847716
-3.2382382382382384	0.03421120570810844	0.04063475320475488
-3.2282282282282284	0.034839869440006756	0.04129883038545183
-3.2182182182182184	0.0354895052767483	0.04198302874600503
-3.2082082082082084	0.03616107682147847	0.0426881873847137
-3.1981981981981984	0.03685560406424031	0.04341518989928928
-3.1881881881881884	0.03757416739786919	0.04416496725379923
-3.1781781781781784	0.038317911971782526	0.044938500863357426
-3.1681681681681684	0.039088052416497494	0.04573682591568508
-3.1581581581581584	0.03988587797543255	0.046561034950476844
-3.1481481481481484	0.04071275808455882	0.04741228171973709
-3.1381381381381384	0.04157014844514291	0.048291785354482454
-3.1281281281281283	0.04245959763999597	0.04920083486591291
-3.118118118118118	0.04338275434947854	0.050140794012022455
-3.108108108108108	0.0443413752302143	0.051113106563928506
-3.098098098098098	0.045337333526930514	0.05211930200978662
-3.088088088088088	0.04637262849635992	0.053161001738299456
-3.078078078078078	0.04744939573189346	0.054239925748375266
-3.068068068068068	0.048569918488624526	0.055357899936621754
-3.058058058058058	0.049736640121007786	0.05651686402015651
-3.048048048048048	0.05095217775974639	0.05771888015868836
-3.038038038038038	0.05221933737087913	0.05896614234716512
-3.028028028028028	0.0535411303588826	0.06026098665849929
-3.018018018018018	0.054920791897175664	0.06160590242530016
-3.008008008008008	0.0563618011942698	0.06300354445998332
-2.997997997997998	0.057867903932411924	0.06445674642472872
-2.987987987987988	0.059443137148647004	0.06596853547622977
-2.977977977977978	0.06109185686644833	0.06754214832572594
-2.967967967967968	0.06281876883048075	0.06918104887233689
-2.957957957957958	0.0646289627485153	0.07088894758781011
-2.947947947947948	0.06652795050469129	0.07266982285372403
-2.937937937937938	0.06852170887833575	0.07452794447845695
-2.9279279279279278	0.07061672738461461	0.07646789965125833
-2.9179179179179178	0.07282006194959761	0.07849462162541646
-2.9079079079079078	0.0751393952454448	0.08061342146223202
-2.8978978978978978	0.07758310464499457	0.08283002321340523
-2.8878878878878878	0.08016033891280096	0.08515060297246337
-2.8778778778778777	0.08288110493684636	0.08758183228713459
-2.8678678678678677	0.08575636602769168	0.09013092649587533
-2.8578578578578577	0.0887981535771318	0.092805698634349
-2.8478478478478477	0.09201969418591487	0.09561461965418533
-2.8378378378378377	0.09543555475103559	0.09856688580882376
-2.8278278278278277	0.09906180846158483	0.10167249419302087
-2.8178178178178177	0.1029162252063649	0.10494232757717288
-2.8078078078078077	0.10701849056775183	0.10838824985929939
-2.7977977977977977	0.11139045839369081	0.11202321367185966
-2.7877877877877877	0.11605644293706889	0.11586138193381888
-2.7777777777777777	0.12104355777529135	0.11991826543847646
-2.7677677677677677	0.12638211022827017	0.12421087892430535
-2.7577577577577577	0.1321060618541499	0.1287579185009702
-2.7477477477477477	0.13825356791230003	0.13357996381058815
-2.7377377377377377	0.14486761156410072	0.13869970891306832
-2.7277277277277276	0.15199675219117595	0.14414222661610876
-2.7177177177177176	0.15969601175463105	0.1499352718529607
-2.7077077077077076	0.16802792886773393	0.15610963077874923
-2.6976976976976976	0.17706381756687226	0.16269952355195574
-2.6876876876876876	0.18688527711630928	0.16974307034590905
-2.6776776776776776	0.1975860112081001	0.17728283206367737
-2.6676676676676676	0.20927403047466211	0.18536643959517654
-2.6576576576576576	0.22207433247733252	0.1940473283662843
-2.6476476476476476	0.23613217984944332	0.20338559852643237
-2.6376376376376376	0.25161713222523585	0.21344902558073653
-2.6276276276276276	0.2687280339723605	0.2243142518242062
-2.6176176176176176	0.2876992217327073	0.23606819587279673
-2.6076076076076076	0.30880829920232733	0.2488097262888974
-2.5975975975975976	0.33238593967763364	0.26265165625971537
-2.5875875875875876	0.35882833134339315	0.27772313014555144
-2.5775775775775776	0.3886130927554817	0.2941724903049935
-2.5675675675675675	0.4223197804011852	0.3121707350135524
-2.5575575575575575	0.4606565210498337	0.3319157069425555
-2.5475475475475475	0.5044948785009483	0.35363718841500275
-2.5375375375375375	0.5549158787358351	0.377603126925295
-2.5275275275275275	0.6132712712923357	0.4041272753482588
-2.5175175175175175	0.6812657405523854	0.4335786099224366
-2.5075075075075075	0.7610680904954664	0.4663929906271793
-2.4974974974974975	0.8554626475764089	0.5030876593861229
-2.4874874874874875	0.9680564936940376	0.5442793392671618
-2.4774774774774775	1.103563712927132	0.5907069109902272
-2.4674674674674675	1.2681939763716856	0.6432599095740859
-2.4574574574574575	1.4701767653239188	0.703014408019281
-2.4474474474474475	1.7204458754423464	0.7712782295094962
-2.4374374374374375	2.0334683007539507	0.8496478208860018
-2.4274274274274275	2.42806779252636	0.9400794354914089
-2.4174174174174174	2.927725481412853	1.0449772974321676
-2.4074074074074074	3.5589422451657353	1.167300687690413
-2.3973973973973974	4.344360530986918	1.3106894501360415
-2.3873873873873874	5.284451942504703	1.4796013634073781
-2.3773773773773774	6.321100298467743	1.6794415141397052
-2.3673673673673674	7.291686173710877	1.9166365304412687
-2.3573573573573574	7.9290834863005575	2.1985538053631366
-2.3473473473473474	7.988535823403033	2.53307051949407
-2.3373373373373374	7.441881177932403	2.927441664423009
-2.3273273273273274	6.504204952765919	3.3859083376469576
-2.3173173173173174	5.454544187358658	3.90534120242129
-2.3073073073073074	4.48094924507276	4.4685174101952
-2.2972972972972974	3.6593289995450657	5.036197261006365
-2.2872872872872874	2.9969249558243023	5.542745632365043
-2.2772772772772774	2.4728918229702552	5.903981129498604
-2.2672672672672673	2.060113156306378	6.043341898470394
-2.2572572572572573	1.7338471034490222	5.926995325630769
-2.2472472472472473	1.474048095955163	5.5822625044101635
-2.2372372372372373	1.2652600123483164	5.082802307697728
-2.2272272272272273	1.095803507504792	4.513924213128822
-2.2172172172172173	0.956904447444652	3.944357295222286
-2.2072072072072073	0.841960297285745	3.4163487856395895
-2.1971971971971973	0.7459745094951664	2.9491558006499226
-2.1871871871871873	0.6651365451713257	2.5469654127332664
-2.1771771771771773	0.5965148692104265	2.2059273217910906
-2.1671671671671673	0.5378335461386223	1.9188112369116594
-2.1571571571571573	0.48730943170630103	1.6776001963096538
-2.1471471471471473	0.4435329491892857	1.474734609268487
-2.1371371371371373	0.4053801941570225	1.3035971519198566
-2.1271271271271273	0.37194763285204197	1.1586152424390568
-2.1171171171171173	0.3425031864089778	1.035192537903552
-2.1071071071071072	0.31644928121721266	0.929578245123655
-2.0970970970970972	0.29329470464328333	0.8387258689873615
-2.0870870870870872	0.2726329919027647	0.7601633351736234
-2.0770770770770772	0.25412569631760745	0.6918818954351308
-2.067067067067067	0.23748934014386103	0.6322445931744309
-2.057057057057057	0.22248516118901607	0.5799123703466561
-2.047047047047047	0.20891099934261717	0.5337850672090634
-2.037037037037037	0.19659483310011017	0.49295456396627774
-2.027027027027027	0.18538959737355468	0.4566676323064359
-2.017017017017017	0.17516900307575842	0.4242964703228573
-2.007007007007007	0.16582414507751206	0.39531528516380626
-1.996996996996997	0.1572607344969446	0.36928162668670056
-1.986986986986987	0.14939682838962878	0.3458214543126594
-1.976976976976977	0.14216095799885523	0.32461714228555466
-1.966966966966967	0.1354905781294117	0.30539780392621846
-1.956956956956957	0.1293307766213264	0.2879314521251129
-1.946946946946947	0.12363319556365557	0.2720186192721092
-1.936936936936937	0.11835512571678568	0.2574871418133156
-1.926926926926927	0.11345874328365489	0.24418787806940215
-1.916916916916917	0.10891046419168093	0.23199117710628775
-1.906906906906907	0.1046803957982271	0.22078395461915828
-1.896896896896897	0.10074186970046314	0.21046726151399606
-1.8868868868868869	0.09707104233343118	0.20095425409262785
-1.8768768768768769	0.09364655244480441	0.19216849295420993
-1.8668668668668669	0.0904492264693164	0.18404251205537023
-1.8568568568568569	0.08746182438887232	0.17651661069217284
-1.8468468468468469	0.08466881993276958	0.16953783014702553
-1.8368368368368369	0.08205621000611463	0.1630590838945817
-1.8268268268268268	0.07961134908012285	0.15703841597824167
-1.8168168168168168	0.0773228049727782	0.15143836675806063
-1.8068068068068068	0.07518023302118519	0.1462254289289708
-1.7967967967967968	0.0731742661212957	0.14136957969991923
-1.7867867867867868	0.0712964185048529	0.13684387745378224
-1.7767767767767768	0.06953900145241183	0.13262411318825468
-1.7667667667667668	0.06789504941686476	0.12868850865824227
-1.7567567567567568	0.06635825526385729	0.12501745447108745
-1.7467467467467468	0.06492291353160373	0.12159328248327111
-1.7367367367367368	0.0635838707792767	0.11840006775535372
-1.7267267267267268	0.062336482235601474	0.11542345607676655
-1.7167167167167168	0.06117657408200847	0.1126505137019003
-1.7067067067067068	0.06010041081114507	0.11006959646724751
-1.6966966966966968	0.05910466719484783	0.10767023590443525
-1.6866866866866868	0.05818640447850553	0.10544304034151362
-1.6766766766766767	0.05734305049325493	0.10337960930694358
-1.6666666666666667	0.05657238344562925	0.1014724598281296
-1.6566566566566567	0.05587251920818168	0.09971496345739381
-1.6466466466466467	0.05524190199555548	0.09810129307055487
-1.6366366366366367	0.0546792983705031	0.09662637867283344
-1.6266266266266267	0.054183794584914756	0.09528587161959187
-1.6166166166166167	0.053754797323857045	0.09407611681989206
-1.6066066066066067	0.05339203798790221	0.09299413264439807
-1.5965965965965967	0.05309558072272017	0.09203759840970115
-1.5865865865865867	0.052865834487766036	0.09120484946381806
-1.5765765765765767	0.05270356955077114	0.09049488005717987
-1.5665665665665667	0.05260993890541066	0.08990735435521958
-1.5565565565565564	0.05258650524071365	0.08944262613926275
-1.5465465465465464	0.052635274247997584	0.08910176795893285
-1.5365365365365364	0.05275873524190613	0.08888661075097261
-1.5265265265265264	0.0529599103057356	0.08879979523718749
-1.5165165165165164	0.05324241345961253	0.08884483677250449
-1.5065065065065064	0.05361052170918096	0.08902620575053861
-1.4964964964964964	0.05406926028242976	0.08934942621200903
-1.4864864864864864	0.05462450493053693	0.08982119597095792
-1.4764764764764764	0.05528310489084365	0.09044953241461436
-1.4664664664664664	0.0560530310346408	0.0912439491977013
-1.4564564564564564	0.05694355491423799	0.09221567041124902
-1.4464464464464464	0.05796546597116787	0.09337789055434174
-1.4364364364364364	0.05913133619162597	0.0947460909034441
-1.4264264264264264	0.06045584416409979	0.0963384258345039
-1.4164164164164164	0.06195617404183718	0.09817619655193485
-1.4064064064064064	0.0636525096697224	0.10028443485593001
-1.3963963963963963	0.065568650572418	0.10269262651582553
-1.3863863863863863	0.06773278529652858	0.10543561319485968
-1.3763763763763763	0.07017846974377392	0.10855472467520957
-1.3663663663663663	0.07294587508533468	0.11209921079451005
-1.3563563563563563	0.07608339379530481	0.11612806714049122
-1.3463463463463463	0.07964972660161723	0.12071238332012794
-1.3363363363363363	0.08371662284010518	0.12593839231671386
-1.3263263263263263	0.08837251982783888	0.13191147145512963
-1.3163163163163163	0.09372743623689486	0.13876145136959175
-1.3063063063063063	0.09991964086252124	0.1466497475314292
-1.2962962962962963	0.10712487622917614	0.1557790692843435
-1.2862862862862863	0.11556932499445177	0.16640683363733283
-1.2762762762762763	0.1255481687239591	0.17886399966385688
-1.2662662662662663	0.13745268744109598	0.19358199121955086
-1.2562562562562563	0.15181072512344787	0.21113195401062554
-1.2462462462462462	0.16934865371466698	0.23228328387825203
-1.2362362362362362	0.19108900603882004	0.25809309547253423
-1.2262262262262262	0.2185094208962503	0.2900469193669126
-1.2162162162162162	0.2538113688316574	0.3302872486569486
-1.2062062062062062	0.30039502117493794	0.3819989467474164
-1.1961961961961962	0.36374360659188215	0.45008823283099675
-1.1861861861861862	0.4531780793579263	0.5424424821782268
-1.1761761761761762	0.585621522162395	0.6724181898884712
-1.1661661661661662	0.7945157553783648	0.8641461425936898
-1.1561561561561562	1.1538759424169451	1.1649928723967191
-1.1461461461461462	1.8559614386216725	1.6787674095704763
-1.1361361361361362	3.5391774194931567	2.670830929314903
-1.1261261261261262	9.470470389420726	4.995485363674061
-1.1161161161161162	62.984247692777856	12.683743291941303
-1.1061061061061062	46.31165165640804	60.43217181825046
-1.0960960960960962	7.625659096087784	50.687251615611665
-1.0860860860860861	2.8320865715665153	10.516772320331745
-1.0760760760760761	1.4363010444795201	4.006640994479882
-1.0660660660660661	0.8551035292380361	2.038948530918301
-1.0560560560560561	0.5612405495953423	1.2119119823662412
-1.0460460460460461	0.39334471805212806	0.7927922913665639
-1.0360360360360361	0.28899922447894644	0.5533944047012195
-1.026026026026026	0.22003559052054503	0.4048171003551392
-1.016016016016016	0.17226527807337008	0.3068121039934878
-1.006006006006006	0.1379269708158151	0.2390800874859545
-0.995995995995996	0.11249306624023912	0.19051381926437697
-0.985985985985986	0.09318244622231159	0.15463569582781198
-0.975975975975976	0.07821284656494458	0.1274693536617736
-0.965965965965966	0.06640093327938543	0.10646879493778925
-0.955955955955956	0.05693705703572616	0.08994535580170919
-0.9459459459459459	0.049252749179815515	0.0767449636420686
-0.9359359359359359	0.04293981784038475	0.06605832492327376
-0.9259259259259259	0.037699331694086236	0.05730507795243874
-0.9159159159159159	0.033308530488424075	0.05006078126451324
-0.9059059059059059	0.029598822563306582	0.04400958755279943
-0.8958958958958959	0.0264408275316672	0.03891279674357706
-0.8858858858858859	0.023734005119468174	0.03458749447655282
-0.8758758758758759	0.02139933475771545	0.030891752229843476
-0.8658658658658659	0.019374064565925768	0.027714189677474698
-0.8558558558558559	0.017607889114802336	0.024966494137577212
-0.8458458458458459	0.01606012970079195	0.02257798031194537
-0.8358358358358359	0.014697628490981359	0.02049158059589061
-0.8258258258258259	0.013493157933825812	0.018660853325141606
-0.8158158158158159	0.012424206756118722	0.01704772520827648
-0.8058058058058059	0.011472044385882358	0.015620769930592781
-0.7957957957957958	0.010620993442215943	0.014353882859692928
-0.7857857857857858	0.00985785926823071	0.013225251519246393
-0.7757757757757757	0.009171479100742284	0.012216549118187307
-0.7657657657657657	0.008552363174006188	0.011312297864666658
-0.7557557557557557	0.007992407045742477	0.010499362640419223
-0.7457457457457457	0.0074846595220358966	0.009766545580803943
-0.7357357357357357	0.007023134297221213	0.009104259357951788
-0.7257257257257257	0.00660265619788524	0.008504262290832055
-0.7157157157157157	0.006218734994177148	0.007959442353516356
-0.7057057057057057	0.0058674613052939265	0.00746364010341413
-0.6956956956956957	0.005545420313987857	0.00701150277443481
-0.6856856856856857	0.005249619913892977	0.006598363467810608
-0.6756756756756757	0.004977430613774408	0.006220140664010721
-0.6656656656656657	0.004726535065809526	0.005873254272799627
-0.6556556556556556	0.004494885508657229	0.005554555208553943
-0.6456456456456456	0.0042806677485444705	0.0052612660782234725
-0.6356356356356356	0.004082270563959423	0.004990931040190252
-0.6256256256256256	0.00389825962769823	0.004741373263537439
-0.6156156156156156	0.003727355205995673	0.004510658711627942
-0.6056056056056056	0.0035684130274753856	0.004297065208443828
-0.5955955955955956	0.003420407821710605	0.004099055933986778
-0.5855855855855856	0.0032824191137707684	0.003915256646115932
-0.5755755755755756	0.0031536189314449715	0.003744436048310512
-0.5655655655655656	0.003033261139138282	0.003585488821910442
-0.5555555555555556	0.002920672159392263	0.0034374209221325687
-0.5455455455455456	0.0028152428815206355	0.0032993368031832035
-0.5355355355355356	0.002716421588679309	0.003170428292031009
-0.5255255255255256	0.0026237077609816317	0.003049964875079615
-0.5155155155155156	0.0025366466341560506	0.002937285198949286
-0.5055055055055055	0.0024548244114293563	0.0028317896172280347
-0.4954954954954955	0.0023778640415482197	0.0027329336405989947
-0.4854854854854855	0.0023054214886023727	0.00264022216905204
-0.4754754754754755	0.00223718243004338	0.0025532044027629366
-0.46546546546546547	0.002172859328322393	0.0024714693432050243
-0.45545545545545546	0.002112188829231731	0.002394641808718884
-0.44544544544544545	0.0020549294464919355	0.0023223788994181046
-0.43543543543543545	0.0020008594976516944	0.0022543668553609156
-0.42542542542542544	0.0019497752610477387	0.002190318259604631
-0.41541541541541543	0.001901489327577262	0.0021299695442738137
-0.40540540540540543	0.0018558291244697312	0.0020730787633731766
-0.3953953953953954	0.0018126355911781016	0.0020194236008246216
-0.38538538538538536	0.001771761990049607	0.001968799586310139
-0.37537537537537535	0.0017330728365995193	0.001921018495011799
-0.36536536536536535	0.001696442936109901	0.0018759069103570754
-0.35535535535535534	0.001661756514888308	0.0018333049314995956
-0.34534534534534533	0.0016289064359400899	0.0017930650095019868
-0.3353353353353353	0.001597793490036183	0.001755050898160076
-0.3253253253253253	0.0015683257542123403	0.0017191367070908496
-0.3153153153153153	0.0015404180106777265	0.001685206046177992
-0.3053053053053053	0.001513991219918708	0.0016531512517672302
-0.2952952952952953	0.0014889720424885945	0.0016228726861021964
-0.2852852852852853	0.0014652924046063382	0.0015942781024901598
-0.2752752752752753	0.001442889103220214	0.0015672820695375558
-0.2652652652652653	0.001421703446690082	0.001541805448533953
-0.2552552552552553	0.001401680927647484	0.00151777491874869
-0.24524524524524524	0.00138277092497536	0.001495122545964199
-0.23523523523523523	0.0013649264321831027	0.0014737853900949373
-0.22522522522522523	0.0013481038097291026	0.001453705148181405
-0.21521521521521522	0.0013322625591192508	0.001434827829465248
-0.20520520520520522	0.0013173651168273588	0.0014171034595910077
-0.19519519519519518	0.0013033766662964104	0.0014004858112997187
-0.18518518518518517	0.0012902649664498216	0.0013849321592610683
-0.17517517517517517	0.001278000195319001	0.0013704030569405674
-0.16516516516516516	0.0012665548075284042	0.0013568621336083463
-0.15515515515515516	0.001255903404510995	0.0013442759098151937
-0.14514514514514515	0.0012460226164489306	0.0013326136298204903
-0.13513513513513514	0.0012368909950331848	0.0013218471096232633
-0.12512512512512514	0.0012284889162322283	0.0013119505993940328
-0.11511511511511512	0.0012207984923507898	0.0013029006592315498
-0.10510510510510511	0.0012138034927287314	0.0012946760472816786
-0.09509509509509509	0.0012074892725062508	0.0012872576193702283
-0.08508508508508508	0.0012018427089512814	0.00128062823939268
-0.07507507507507508	0.0011968521448836975	0.0012747726997893517
-0.06506506506506507	0.001192507338815555	0.0012696776515255287
-0.055055055055055056	0.0011887994214488584	0.0012653315430612416
-0.04504504504504504	0.0011857208582399656	0.0012617245678698576
-0.035035035035035036	0.0011832654177661316	0.0012588486201271102
-0.025025025025025027	0.0011814281456831684	0.001256697258254209
-0.015015015015015015	0.0011802053441035045	0.0012552656760560364
-0.005005005005005005	0.0011795945562418128	0.0012545506812547428
0.005005005005005005	0.0011795945562418097	0.001254550681254867
0.015015015015015015	0.0011802053441036064	0.0012552656760565198
0.025025025025025027	0.0011814281456834854	0.0012566972582537187
0.035035035035035036	0.0011832654177656673	0.0012588486201270898
0.04504504504504504	0.001185720858239824	0.0012617245678700876
0.055055055055055056	0.0011887994214488215	0.0012653315430610512
0.06506506506506507	0.0011925073388156235	0.0012696776515255933
0.07507507507507508	0.0011968521448838696	0.001274772699789439
0.08508508508508508	0.00120184270895168	0.0012806282393930278
0.09509509509509509	0.0012074892725064156	0.0012872576193701454
0.10510510510510511	0.0012138034927282157	0.0012946760472814102
0.11511511511511512	0.0012207984923509308	0.001302900659231205
0.12512512512512514	0.0012284889162322544	0.0013119505993940675
0.13513513513513514	0.0012368909950332125	0.0013218471096233153
0.14514514514514515	0.0012460226164488213	0.0013326136298205946
0.15515515515515516	0.0012559034045107294	0.0013442759098151278
0.16516516516516516	0.0012665548075281887	0.0013568621336079575
0.17517517517517517	0.001278000195319331	0.0013704030569406333
0.18518518518518517	0.0012902649664498043	0.0013849321592611307
0.19519519519519518	0.0013033766662964104	0.0014004858112996845
0.20520520520520522	0.0013173651168274317	0.0014171034595912438
0.21521521521521522	0.0013322625591189032	0.0014348278294654218
0.22522522522522523	0.0013481038097289638	0.0014537051481813253
0.23523523523523523	0.0013649264321833113	0.0014737853900948956
0.24524524524524524	0.0013827709249754085	0.001495122545964192
0.2552552552552553	0.001401680927647067	0.0015177749187483983
0.2652652652652653	0.0014217034466900958	0.0015418054485336194
0.2752752752752753	0.0014428891032203179	0.0015672820695377153
0.2852852852852853	0.0014652924046064562	0.0015942781024901528
0.2952952952952953	0.0014889720424888168	0.0016228726861020502
0.3053053053053053	0.001513991219918472	0.001653151251767008
0.3153153153153153	0.0015404180106773928	0.001685206046178145
0.3253253253253253	0.0015683257542122013	0.0017191367070905996
0.3353353353353353	0.0015977934900362385	0.0017550508981600064
0.34534534534534533	0.001628906435940076	0.0017930650095017502
0.35535535535535534	0.0016617565148880574	0.0018333049314996233
0.36536536536536535	0.00169644293611004	0.0018759069103569637
0.37537537537537535	0.001733072836599881	0.0019210184950116734
0.38538538538538536	0.0017717619900496906	0.001968799586310348
0.3953953953953954	0.0018126355911785186	0.002019423600824524
0.40540540540540543	0.0018558291244697312	0.002073078763373176
0.41541541541541543	0.0019014893275774293	0.0021299695442734525
0.42542542542542544	0.001949775261047878	0.0021903182596039075
0.43543543543543545	0.002000859497651806	0.002254366855360999
0.44544544544544545	0.002054929446491796	0.002322378899418216
0.45545545545545546	0.002112188829232093	0.002394641808718856
0.46546546546546547	0.0021728593283229488	0.0024714693432043005
0.4754754754754755	0.002237182430043241	0.002553204402762603
0.4854854854854855	0.0023054214886024005	0.0026402221690519844
0.4954954954954955	0.002377864041548526	0.0027329336405988273
0.5055055055055055	0.002454824411429523	0.002831789617227756
0.5155155155155156	0.002536646634156245	0.0029372851989488964
0.5255255255255256	0.0026237077609818265	0.003049964875079392
0.5355355355355356	0.002716421588679504	0.003170428292030759
0.5455455455455456	0.0028152428815207743	0.0032993368031828136
0.5555555555555556	0.0029206721593920963	0.003437420922132402
0.5655655655655656	0.003033261139138895	0.003585488821910442
0.5755755755755756	0.003153618931445027	0.0037444360483098993
0.5855855855855856	0.0032824191137705455	0.003915256646115933
0.5955955955955956	0.0034204078217108277	0.004099055933986333
0.6056056056056056	0.003568413027475999	0.004297065208443717
0.6156156156156156	0.003727355205995951	0.004510658711627942
0.6256256256256256	0.003898259627698397	0.004741373263536937
0.6356356356356356	0.004082270563960426	0.004990931040189918
0.6456456456456456	0.004280667748545418	0.0052612660782226355
0.6556556556556556	0.004494885508657954	0.005554555208552994
0.6656656656656657	0.004726535065810196	0.005873254272798902
0.6756756756756757	0.004977430613775635	0.0062201406640097715
0.6856856856856857	0.005249619913893646	0.006598363467810273
0.6956956956956957	0.005545420313988863	0.007011502774433357
0.7057057057057057	0.005867461305294484	0.0074636401034128995
0.7157157157157157	0.006218734994178378	0.00795944235351479
0.7257257257257257	0.0066026561978868034	0.008504262290829928
0.7357357357357357	0.007023134297222219	0.009104259357949547
0.7457457457457457	0.007484659522037687	0.009766545580802262
0.7557557557557557	0.007992407045744717	0.010499362640416642
0.7657657657657657	0.008552363174008766	0.011312297864663291
0.7757757757757757	0.00917147910074385	0.012216549118183826
0.7857857857857858	0.00985785926823273	0.013225251519242679
0.7957957957957958	0.010620993442218188	0.014353882859688985
0.8058058058058059	0.011472044385885276	0.015620769930588044
0.8158158158158159	0.012424206756121532	0.01704772520827106
0.8258258258258259	0.013493157933829863	0.01866085332513527
0.8358358358358359	0.01469762849098598	0.020491580595884153
0.8458458458458459	0.016060129700797367	0.022577980311938004
0.8558558558558559	0.01760788911480786	0.024966494137567054
0.8658658658658659	0.01937406456593282	0.027714189677464206
0.8758758758758759	0.02139933475772312	0.03089175222983007
0.8858858858858859	0.023734005119478305	0.03458749447653713
0.8958958958958959	0.02644082753167808	0.03891279674355948
0.9059059059059059	0.02959882256331758	0.04400958755277694
0.9159159159159159	0.03330853048843724	0.050060781264488305
0.9259259259259259	0.03769933169410135	0.05730507795241179
0.9359359359359359	0.04293981784040464	0.06605832492323507
0.9459459459459459	0.04925274917983835	0.07674496364202316
0.955955955955956	0.05693705703575356	0.08994535580165125
0.965965965965966	0.06640093327942144	0.10646879493771663
0.975975975975976	0.07821284656499014	0.12746935366168116
0.985985985985986	0.0931824462223658	0.15463569582768782
0.995995995995996	0.11249306624031163	0.1905138192642123
1.006006006006006	0.13792697081591213	0.23908008748573045
1.016016016016016	0.172265278073495	0.3068121039931723
1.026026026026026	0.22003559052071214	0.4048171003546841
1.0360360360360361	0.2889992244791786	0.5533944047005026
1.0460460460460461	0.39334471805249244	0.7927922913653719
1.0560560560560561	0.5612405495959042	1.21191198236405
1.0660660660660661	0.8551035292390371	2.0389485309136535
1.0760760760760761	1.4363010444815	4.006640994467813
1.0860860860860861	2.8320865715713297	10.516772320284131
1.0960960960960962	7.625659096106396	50.68725161525091
1.1061061061061062	46.31165165661155	60.43217181868104
1.1161161161161162	62.98424769250121	12.683743291996906
1.1261261261261262	9.470470389404936	4.995485363687634
1.1361361361361362	3.539177419490404	2.670830929320014
1.1461461461461462	1.85596143862101	1.678767409572836
1.1561561561561562	1.1538759424167828	1.1649928723979839
1.1661661661661662	0.7945157553783486	0.8641461425944538
1.1761761761761762	0.5856215221624468	0.6724181898889554
1.1861861861861862	0.4531780793580101	0.5424424821785664
1.1961961961961962	0.3637436065919752	0.450088232831219
1.2062062062062062	0.3003950211750329	0.38199894674758234
1.2162162162162162	0.25381136883175115	0.33028724865706094
1.2262262262262262	0.2185094208963383	0.29004691936700283
1.2362362362362362	0.19108900603890286	0.2580930954726007
1.2462462462462462	0.1693486537147482	0.23228328387829442
1.2562562562562563	0.1518107251235271	0.21113195401065366
1.2662662662662663	0.13745268744117328	0.19358199121957018
1.2762762762762763	0.12554816872403332	0.17886399966387448
1.2862862862862863	0.11556932499452077	0.16640683363734368
1.2962962962962963	0.10712487622924238	0.15577906928434862
1.3063063063063063	0.0999196408625863	0.14664974753142862
1.3163163163163163	0.09372743623695702	0.13876145136958765
1.3263263263263263	0.08837251982790126	0.1319114714551236
1.3363363363363363	0.08371662284016747	0.12593839231670323
1.3463463463463463	0.07964972660167735	0.12071238332011558
1.3563563563563563	0.07608339379536506	0.11612806714047767
1.3663663663663663	0.07294587508539545	0.11209921079449493
1.3763763763763763	0.07017846974383395	0.10855472467519466
1.3863863863863863	0.06773278529658637	0.10543561319484174
1.3963963963963963	0.06556865057247756	0.10269262651580564
1.4064064064064064	0.06365250966978116	0.10028443485590911
1.4164164164164164	0.06195617404189596	0.09817619655191212
1.4264264264264264	0.06045584416415846	0.0963384258344811
1.4364364364364364	0.05913133619168587	0.09474609090341889
1.4464464464464464	0.057965465971229	0.09337789055431596
1.4564564564564564	0.0569435549142967	0.0922156704112212
1.4664664664664664	0.05605303103469947	0.09124394919767267
1.4764764764764764	0.05528310489090285	0.09044953241458463
1.4864864864864864	0.05462450493059808	0.08982119597092714
1.4964964964964964	0.05406926028249288	0.08934942621197636
1.5065065065065064	0.053610521709243346	0.08902620575050522
1.5165165165165164	0.05324241345967666	0.08884483677247033
1.5265265265265264	0.05295991030580088	0.08879979523715134
1.5365365365365364	0.052758735241972325	0.08888661075093456
1.5465465465465464	0.05263527424806424	0.0891017679588956
1.5565565565565564	0.052586505240782816	0.08944262613922198
1.5665665665665667	0.052609938905480776	0.08990735435517655
1.5765765765765767	0.052703569550842364	0.09049488005713618
1.5865865865865867	0.052865834487839214	0.09120484946377128
1.5965965965965967	0.05309558072279582	0.09203759840965231
1.6066066066066067	0.05339203798797932	0.09299413264434832
1.6166166166166167	0.0537547973239362	0.09407611681983946
1.6266266266266267	0.054183794584995684	0.09528587161953854
1.6366366366366367	0.05467929837058777	0.09662637867277823
1.6466466466466467	0.0552419019956437	0.09810129307049512
1.6566566566566567	0.0558725192082714	0.09971496345733251
1.6666666666666667	0.05657238344572229	0.10147245982806304
1.6766766766766767	0.057343050493352136	0.10337960930687602
1.6866866866866868	0.058186404478605354	0.10544304034143995
1.6966966966966968	0.05910466719495067	0.10767023590435779
1.7067067067067068	0.06010041081125381	0.11006959646716653
1.7167167167167168	0.06117657408212123	0.11265051370181711
1.7267267267267268	0.06233648223571746	0.1154234560766782
1.7367367367367368	0.06358387077939759	0.11840006775525896
1.7467467467467468	0.06492291353173091	0.12159328248317126
1.7567567567567568	0.06635825526398943	0.12501745447098225
1.7667667667667668	0.06789504941700546	0.12868850865812953
1.7767767767767768	0.06953900145255926	0.13262411318813633
1.7867867867867868	0.07129641850500534	0.13684387745365642
1.7967967967967968	0.07317426612145508	0.14136957969978556
1.8068068068068068	0.075180233021355	0.1462254289288287
1.8168168168168168	0.07732280497295611	0.1514383667579086
1.8268268268268268	0.07961134908031084	0.15703841597808108
1.8368368368368369	0.08205621000631291	0.16305908389440688
1.8468468468468469	0.0846688199329781	0.16953783014684023
1.8568568568568569	0.08746182438909403	0.17651661069197278
1.8668668668668669	0.09044922646955353	0.18404251205515362
1.8768768768768769	0.0936465524450524	0.19216849295397787
1.8868868868868869	0.09707104233369444	0.20095425409237663
1.896896896896897	0.10074186970074447	0.2104672615137232
1.906906906906907	0.10468039579852713	0.2207839546188652
1.916916916916917	0.1089104641920037	0.23199117710596967
1.926926926926927	0.11345874328399924	0.24418787806905262
1.936936936936937	0.11835512571715393	0.25748714181293636
1.946946946946947	0.12363319556404966	0.2720186192716941
1.956956956956957	0.1293307766217501	0.28793145212465837
1.966966966966967	0.1354905781298685	0.3053978039257179
1.976976976976977	0.14216095799935058	0.3246171422850003
1.986986986986987	0.1493968283901611	0.3458214543120479
1.996996996996997	0.1572607344975241	0.36928162668602427
2.007007007007007	0.16582414507814508	0.39531528516304765
2.017017017017017	0.17516900307644837	0.42429647032201534
2.027027027027027	0.18538959737431243	0.4566676323054931
2.037037037037037	0.1965948331009346	0.49295456396521165
2.047047047047047	0.20891099934352883	0.5337850672078622
2.057057057057057	0.22248516119001924	0.5799123703452894
2.067067067067067	0.23748934014497253	0.6322445931728643
2.0770770770770772	0.25412569631883847	0.6918818954333408
2.0870870870870872	0.2726329919041321	0.760163335171569
2.0970970970970972	0.2932947046448167	0.8387258689849784
2.1071071071071072	0.3164492812189375	0.9295782451208865
2.1171171171171173	0.3425031864109256	1.035192537900304
2.1271271271271273	0.3719476328542416	1.1586152424352443
2.1371371371371373	0.4053801941595275	1.3035971519153242
2.1471471471471473	0.4435329491921583	1.4747346092630922
2.1571571571571573	0.48730943170961555	1.6776001963032179
2.1671671671671673	0.5378335461424605	1.9188112369039487
2.1771771771771773	0.5965148692149008	2.2059273217818425
2.1871871871871873	0.6651365451765834	2.5469654127221952
2.1971971971971973	0.7459745095014029	2.9491558006367855
2.2072072072072073	0.8419602972931877	3.4163487856243138
2.2172172172172173	0.9569044474536228	3.9443572952050405
2.2272272272272273	1.0958035075157053	4.513924213110343
2.2372372372372373	1.2652600123617042	5.082802307679586
2.2472472472472473	1.4740480959717905	5.582262504394691
2.2572572572572573	1.7338471034698346	5.926995325620608
2.2672672672672673	2.0601131563326787	6.043341898467459
2.2772772772772774	2.4728918230036796	5.903981129503013
2.2872872872872874	2.9969249558668314	5.542745632375447
2.2972972972972974	3.6593289995986025	5.036197261020288
2.3073073073073074	4.480949245138192	4.468517410210409
2.3173173173173174	5.454544187433538	3.9053412024361407
2.3273273273273274	6.5042049528408965	3.3859083376605823
2.3373373373373374	7.441881177989297	2.9274416644350394
2.3473473473473474	7.988535823421008	2.5330705195044443
2.3573573573573574	7.929083486271205	2.1985538053719824
2.3673673673673674	7.291686173646093	1.9166365304488058
2.3773773773773774	6.321100298389103	1.679441514146096
2.3873873873873874	5.2844519424287855	1.4796013634128105
2.3973973973973974	4.344360530921424	1.310689450140687
2.4074074074074074	3.5589422451122457	1.1673006876943828
2.4174174174174174	2.9277254813702367	1.0449772974355924
2.4274274274274275	2.4280677924926337	0.9400794354943622
2.4374374374374375	2.033468300727173	0.849647820888577
2.4474474474474475	1.7204458754209722	0.7712782295117557
2.4574574574574575	1.4701767653067064	0.7030144080212661
2.4674674674674675	1.2681939763576398	0.6432599095758329
2.4774774774774775	1.1035637129155875	0.5907069109917711
2.4874874874874875	0.9680564936844483	0.5442793392685356
2.4974974974974975	0.8554626475683955	0.503087659387353
2.5075075075075075	0.7610680904886911	0.4663929906282897
2.5175175175175175	0.681265740546612	0.43357860992342956
2.5275275275275275	0.6132712712873865	0.4041272753491606
2.5375375375375375	0.5549158787315569	0.377603126926107
2.5475475475475475	0.5044948784972194	0.3536371884157427
2.5575575575575575	0.46065652104656246	0.3319157069432329
2.5675675675675675	0.42231978039831225	0.3121707350141709
2.5775775775775776	0.3886130927529403	0.29417249030556564
2.5875875875875876	0.35882833134113207	0.2777231301460744
2.5975975975975976	0.33238593967561086	0.26265165626020065
2.6076076076076076	0.3088082992005149	0.24880972628934853
2.6176176176176176	0.28769922173107415	0.23606819587321115
2.6276276276276276	0.2687280339708851	0.22431425182458875
2.6376376376376376	0.25161713222389315	0.2134490255810927
2.6476476476476476	0.23613217984822188	0.20338559852676763
2.6576576576576576	0.22207433247621808	0.19404732836659438
2.6676676676676676	0.20927403047363996	0.18536643959546842
2.6776776776776776	0.19758601120716138	0.17728283206395157
2.6876876876876876	0.18688527711544797	0.16974307034616476
2.6976976976976976	0.17706381756608047	0.1626995235521992
2.7077077077077076	0.16802792886699983	0.15610963077897566
2.7177177177177176	0.1596960117539483	0.14993527185317235
2.7277277277277276	0.15199675219054434	0.14414222661630705
2.7377377377377377	0.14486761156351066	0.13869970891326064
2.7477477477477477	0.13825356791174878	0.13357996381076756
2.7577577577577577	0.13210606185363274	0.12875791850114127
2.7677677677677677	0.1263821102277904	0.12421087892446764
2.7777777777777777	0.12104355777484045	0.11991826543863103
2.7877877877877877	0.11605644293664412	0.11586138193396492
2.7977977977977977	0.1113904583932941	0.11202321367199847
2.8078078078078077	0.10701849056737894	0.10838824985943006
2.8178178178178177	0.10291622520600859	0.10494232757729821
2.8278278278278277	0.09906180846125197	0.10167249419314077
2.8378378378378377	0.095435554750718	0.09856688580893942
2.8478478478478477	0.09201969418561473	0.09561461965429618
2.8578578578578577	0.08879815357684516	0.09280569863445357
2.8678678678678677	0.08575636602742254	0.09013092649597487
2.8778778778778777	0.08288110493658904	0.08758183228722931
2.8878878878878878	0.08016033891255715	0.08515060297255449
2.8978978978978978	0.07758310464476408	0.08283002321349506
2.9079079079079078	0.07513939524522369	0.08061342146231534
2.9179179179179178	0.07282006194938595	0.07849462162549822
2.9279279279279278	0.07061672738441421	0.07646789965133612
2.937937937937938	0.06852170887814568	0.07452794447853173
2.947947947947948	0.0665279505045078	0.07266982285379593
2.957957957957958	0.06462896274833813	0.07088894758787945
2.967967967967968	0.06281876883031251	0.06918104887240457
2.977977977977978	0.06109185686628833	0.0675421483257912
2.987987987987988	0.059443137148492496	0.06596853547629325
2.997997997997998	0.05786790393226547	0.0644567464247895
3.008008008008008	0.05636180119412819	0.06300354446004297
3.018018018018018	0.05492079189703866	0.061605902425356324
3.028028028028028	0.05354113035874887	0.06026098665855424
3.038038038038038	0.05221933737075171	0.05896614234721813
3.048048048048048	0.05095217775962212	0.05771888015874112
3.058058058058058	0.04973664012089011	0.05651686402020593
3.068068068068068	0.048569918488511485	0.055357899936671055
3.078078078078078	0.0474493957317845	0.0542399257484223
3.088088088088088	0.046372628496252864	0.05316100173834509
3.098098098098098	0.045337333526827	0.05211930200983004
3.108108108108108	0.04434137523011593	0.05111310656397078
3.118118118118118	0.043382754349382005	0.05014079401206312
3.1281281281281283	0.04245959763990258	0.04920083486595156
3.1381381381381384	0.0415701484450551	0.048291785354523394
3.1481481481481484	0.04071275808447254	0.047412281719776184
3.1581581581581584	0.03988587797534952	0.04656103495051446
3.1681681681681684	0.03908805241641729	0.045736825915722465
3.1781781781781784	0.03831791197170146	0.044938500863393877
3.1881881881881884	0.037574167397793304	0.04416496725383327
3.1981981981981984	0.03685560406416493	0.043415189899323414
3.2082082082082084	0.03616107682140575	0.04268818738474555
3.2182182182182184	0.03548950527667758	0.04198302874603714
3.2282282282282284	0.03483986943993861	0.041298830385482016
3.2382382382382384	0.03421120570804148	0.0406347532047839
3.2482482482482484	0.03360260315706669	0.039989999938506555
3.2582582582582584	0.03301320011616249	0.03936381267207402
3.2682682682682684	0.03244218099872565	0.038755470529864805
3.2782782782782784	0.03188877336905855	0.03816428752025322
3.2882882882882885	0.031352245224738895	0.03758961052549894
3.2982982982982985	0.03083190247673356	0.03703081742551469
3.3083083083083085	0.03032708661100389	0.03648731534540486
3.3183183183183185	0.0298371725168009	0.03595853901752209
3.3283283283283285	0.029361566468208856	0.035443949249618766
3.3383383383383385	0.02889970424671545	0.034943031491253315
3.3483483483483485	0.028451049393623848	0.03445529449138352
3.3583583583583585	0.028015091582172903	0.03398026904051327
3.3683683683683685	0.027591345100077398	0.033517506791430875
3.3783783783783785	0.027179347433991034	0.033066579152921556
3.3883883883883885	0.026778657948161564	0.03262707625137728
3.3983983983983985	0.026388856650162214	0.032198605955559075
3.4084084084084085	0.026009543037227315	0.03178079296018455
3.4184184184184185	0.02564033501718306	0.03137327792430423
3.4284284284284285	0.025280867898567504	0.030975716660757803
3.4384384384384385	0.024930793444860582	0.03058777937327894
3.4484484484484486	0.024589778988244482	0.030209149938095287
3.4584584584584586	0.024257506598643806	0.029839525227033693
3.4684684684684686	0.023933672304119274	0.029478614469474092
3.4784784784784786	0.023617985359044035	0.02912613865056706
3.4884884884884886	0.02331016755672526	0.028781829943428143
3.4984984984984986	0.0230099525834037	0.0284454311730926
3.5085085085085086	0.022717085410835718	0.0281166953102363
3.5185185185185186	0.022431321724820864	0.027795384992801386
3.5285285285285286	0.02215242738725994	0.02748127207374575
3.5385385385385386	0.0218801779295362	0.02717413719333371
3.5485485485485486	0.02161435807511999	0.026873769374436658
3.5585585585585586	0.021354761289515363	0.02657996563944503
3.5685685685685686	0.021101189355746838	0.02629253064748907
3.5785785785785786	0.020853451973753427	0.02601127635073146
3.5885885885885886	0.020611366382163633	0.02573602166860572
3.5985985985985987	0.020374757001030665	0.025466592178939405
3.6086086086086087	0.020143455094197852	0.025202819824956795
3.6186186186186187	0.01991729845009677	0.02494454263723936
3.6286286286286287	0.019696131079800526	0.024691604469786514
3.6386386386386387	0.019479802931316535	0.024443854749356363
3.6486486486486487	0.01926816961907116	0.02420114823731654
3.6586586586586587	0.019061092167732475	0.02396334480332366
3.6686686686686687	0.01885843676945176	0.0237303092101406
3.6786786786786787	0.018660074553767787	0.023501910908973536
3.6886886886886887	0.01846588136938829	0.02327802384476345
3.6986986986986987	0.018275737577194057	0.0230585262708459
3.7087087087087087	0.018089527853756615	0.02284330057250625
3.7187187187187187	0.017907141004818015	0.022632233098915943
3.7287287287287287	0.017728469788118553	0.02242521400301614
3.7387387387387387	0.01755341074505654	0.022222137088908786
3.7487487487487487	0.017381864040684435	0.02202289966636467
3.7587587587587588	0.017213733311557435	0.02182740241206343
3.7687687687687688	0.017048925521010373	0.021635549237220487
3.7787787787787788	0.016887350821441983	0.021447247161257454
3.7887887887887888	0.01672892242322868	0.021262406191208533
3.798798798798799	0.016573556469891913	0.021080939206562448
3.808808808808809	0.016421171919198292	0.020902761849268828
3.818818818818819	0.016271690429856954	0.020727792418639174
3.828828828828829	0.016125036253520388	0.020555951770887426
3.838838838838839	0.015981136131804585	0.020387163223106245
3.848848848848849	0.015839919198068816	0.020221352461413444
3.858858858858859	0.015701316883696095	0.02005844745309963
3.868868868868869	0.015565262828646847	0.019898378362561954
3.878878878878879	0.01543169279605922	0.01974107747084156
3.888888888888889	0.01530054459069406	0.019586479098582094
3.898898898898899	0.015171757981018186	0.019434519532259498
3.908908908908909	0.01504527462475802	0.01928513695350992
3.918918918918919	0.014921037997715174	0.019138271371417263
3.928928928928929	0.014798993325730059	0.018993864557611
3.938938938938939	0.014679087519585934	0.018851859984049354
3.948948948948949	0.014561269112743332	0.018712202763362044
3.958958958958959	0.014445488201743652	0.01857483959161864
3.968968968968969	0.014331696389169925	0.018439718693434193
3.978978978978979	0.014219846729020571	0.018306789769274107
3.988988988988989	0.01410989367439623	0.018176003944891092
3.998998998998999	0.014001793027376634	0.018047313722765072
4.009009009009009	0.013895501890998382	0.017920672935476802
4.019019019019019	0.013790978623202445	0.017796036700916007
4.029029029029029	0.013688182792707126	0.017673361379252926
4.039039039039039	0.013587075136663875	0.01755260453157529
4.049049049049049	0.013487617520049846	0.017433724880140482
4.059059059059059	0.01338977289670657	0.017316682270157903
4.069069069069069	0.013293505271936326	0.017201437633033483
4.079079079079079	0.013198779666603317	0.01708795295101162
4.089089089089089	0.013105562082659117	0.016976191223170307
4.099099099099099	0.013013819470033262	0.016866116432687525
4.109109109109109	0.01292351969482151	0.016757693515342086
4.119119119119119	0.012834631508727231	0.016650888329182045
4.129129129129129	0.012747124519680755	0.016545667625326325
4.1391391391391394	0.012660969163597253	0.016441999019837894
4.1491491491491495	0.012576136677223574	0.016339850966636656
4.1591591591591595	0.012492599072021826	0.016239192731388217
4.1691691691691695	0.012410329109043996	0.016139994366357928
4.1791791791791795	0.012329300274754434	0.016042226686159518
4.1891891891891895	0.012249486757770926	0.01594586124437887
4.1991991991991995	0.012170863426460423	0.015850870311039142
4.2092092092092095	0.012093405807382591	0.015757226850861485
4.2192192192192195	0.012017090064521898	0.015664904502294835
4.2292292292292295	0.011941892979288958	0.015573877557286698
4.2392392392392395	0.01186779193124416	0.015484120941760849
4.2492492492492495	0.011794764879536518	0.015395610196777895
4.2592592592592595	0.011722790345008238	0.015308321460342035
4.2692692692692695	0.01165184739293672	0.015222231449844704
4.2792792792792795	0.011581915616409142	0.015137317445100884
4.2892892892892895	0.011512975120274865	0.015053557271974567
4.2992992992992995	0.01144500650568174	0.014970929286552923
4.3093093093093096	0.011377990855143301	0.01488941235985932
4.31931931931932	0.011311909718139761	0.014808985863078838
4.32932932932933	0.011246745097216753	0.014729629653281137
4.33933933933934	0.011182479434573128	0.014651324059614532
4.34934934934935	0.011119095599103145	0.014574049869964396
4.35935935935936	0.011056576873893689	0.014497788318042194
4.36936936936937	0.010994906944139333	0.014422521070910794
4.37937937937938	0.010934069885479323	0.014348230216907749
4.38938938938939	0.010874050152720926	0.014274898253961051
4.3993993993994	0.010814832568946534	0.014202508078293515
4.40940940940941	0.010756402314991233	0.014131042973478036
4.41941941941942	0.010698744919257484	0.014060486599852571
4.42942942942943	0.010641846247884234	0.013990822984274329
4.43943943943944	0.010585692495230834	0.013922036510184376
4.44944944944945	0.010530270174676464	0.013854111908010896
4.45945945945946	0.010475566109724391	0.013787034245850968
4.46946946946947	0.010421567425386271	0.013720788920460192
4.47947947947948	0.010368261539858625	0.013655361648514032
4.48948948948949	0.010315636156461397	0.013590738458147372
4.4994994994995	0.010263679255829149	0.01352690568074977
4.50950950950951	0.010212379088366468	0.013463849943016283
4.51951951951952	0.01016172416692958	0.01340155815924241
4.52952952952953	0.010111703259750885	0.013340017523850561
4.53953953953954	0.010062305383573684	0.013279215504147743
4.54954954954955	0.010013519797017043	0.01321913983329572
4.55955955955956	0.009965335994138904	0.013159778503504556
4.56956956956957	0.009917743698198169	0.01310111975941317
4.57957957957958	0.009870732855613237	0.013043152091684778
4.58958958958959	0.009824293630112111	0.012985864230776085
4.5995995995996	0.009778416397048914	0.012929245140907363
4.60960960960961	0.009733091737903344	0.012873284014195584
4.61961961961962	0.009688310434948702	0.012817970264966064
4.62962962962963	0.009644063466070175	0.012763293524231464
4.63963963963964	0.009600341999755093	0.01270924363432998
4.64964964964965	0.009557137390219876	0.01265581064371347
4.65965965965966	0.009514441172687868	0.012602984801895643
4.66966966966967	0.009472245058809716	0.012550756554535558
4.67967967967968	0.009430540932215124	0.012499116538668177
4.68968968968969	0.009389320844197186	0.01244805557806874
4.6996996996997	0.009348577009525245	0.012397564678745211
4.70970970970971	0.009308301802380991	0.012347635024565207
4.71971971971972	0.009268487752401144	0.012298257972994723
4.72972972972973	0.00922912754085564	0.01224942505096919
4.73973973973974	0.00919021399691776	0.012201127950871108
4.74974974974975	0.009151740094047508	0.012153358526619546
4.75975975975976	0.009113698946483893	0.012106108789870144
4.76976976976977	0.009076083805827678	0.012059370906321878
4.77977977977978	0.009038888057726235	0.012013137192115358
4.78978978978979	0.009002105218654743	0.011967400110347031
4.7997997997998	0.008965728932780977	0.011922152267658465
4.80980980980981	0.008929752968923434	0.011877386410929834
4.81981981981982	0.008894171217589725	0.011833095424062327
4.82982982982983	0.008858977688104409	0.011789272324840032
4.83983983983984	0.008824166505809626	0.011745910261885182
4.84984984984985	0.008789731909342886	0.01170300251168621
4.85985985985986	0.008755668247995145	0.01166054247571141
4.86986986986987	0.008721969979135534	0.011618523677591305
4.87987987987988	0.008688631665709896	0.011576939760385988
4.88988988988989	0.008655647973804007	0.011535784483911146
4.8998998998999	0.008623013670274803	0.011495051722148304
4.90990990990991	0.008590723620446735	0.01145473546070715
4.91991991991992	0.008558772785861752	0.01141482979436854
4.92992992992993	0.008527156222104966	0.011375328924680564
4.93993993993994	0.008495869076669662	0.011336227157618905
4.94994994994995	0.008464906586890511	0.011297518901314182
4.95995995995996	0.00843426407793082	0.011259198663821903
4.96996996996997	0.008403936960818608	0.011221261050970904
4.97997997997998	0.008373920730534955	0.01118370076424104
4.98998998998999	0.008344210964154686	0.011146512598720872
5.0	0.008314803319030924	0.011109691441093349
