-5.0	0.010141157156824857	0.014374524830411295
-4.98998998998999	0.010148986209145288	0.014384608324685879
-4.97997997997998	0.010156868914084197	0.014394760213451268
-4.96996996996997	0.010164805775366584	0.014404981131136035
-4.95995995995996	0.010172797302767368	0.0144152717196912
-4.94994994994995	0.010180844012204258	0.014425632628692462
-4.93993993993994	0.010188946425820102	0.01443606451545581
-4.92992992992993	0.010197105072083571	0.014446568045148064
-4.91991991991992	0.010205320485877422	0.014457143890902602
-4.90990990990991	0.01021359320859445	0.014467792733934294
-4.8998998998999	0.010221923788235186	0.014478515263660202
-4.88988988988989	0.010230312779507915	0.014489312177820483
-4.87987987987988	0.010238760743928479	0.014500184182597428
-4.86986986986987	0.01024726824991864	0.014511131992745646
-4.85985985985986	0.010255835872917412	0.014522156331715268
-4.84984984984985	0.010264464195478712	0.014533257931783634
-4.83983983983984	0.010273153807388174	0.014544437534187037
-4.82982982982983	0.010281905305764083	0.014555695889250733
-4.81981981981982	0.010290719295175216	0.014567033756531487
-4.80980980980981	0.01029959638775186	0.014578451904953422
-4.7997997997998	0.010308537203303573	0.014589951112947027
-4.78978978978979	0.010317542369433547	0.014601532168597437
-4.77977977977978	0.010326612521662445	0.014613195869786544
-4.76976976976977	0.010335748303548256	0.014624943024346634
-4.75975975975976	0.010344950366812298	0.014636774450207666
-4.74974974974975	0.010354219371465157	0.014648690975553233
-4.73973973973974	0.010363555985935883	0.01466069343898017
-4.72972972972973	0.010372960887201771	0.01467278268965469
-4.71971971971972	0.010382434760928375	0.014684959587480187
-4.70970970970971	0.01039197830159876	0.014697225003257177
-4.6996996996997	0.010401592212652222	0.014709579818856606
-4.68968968968969	0.01041127720663405	0.014722024927393123
-4.67967967967968	0.010421034005334685	0.014734561233396963
-4.66966966966967	0.010430863339932405	0.014747189652992699
-4.65965965965966	0.010440765951148626	0.01475991111408418
-4.64964964964965	0.010450742589399672	0.014772726556536938
-4.63963963963964	0.010460794014952509	0.014785636932369626
-4.62962962962963	0.010470920998080616	0.014798643205942453
-4.61961961961962	0.010481124319225429	0.014811746354156037
-4.60960960960961	0.010491404769163992	0.01482494736665121
-4.5995995995996	0.01050176314917533	0.014838247246010232
-4.58958958958959	0.01051220027120929	0.014851647007964543
-4.57957957957958	0.010522716958061878	0.014865147681607776
-4.56956956956957	0.010533314043555614	0.014878750309608602
-4.55955955955956	0.01054399237271302	0.014892455948430397
-4.54954954954955	0.010554752801951277	0.014906265668556507
-4.53953953953954	0.010565596199261802	0.014920180554714479
-4.52952952952953	0.010576523444406799	0.014934201706111509
-4.51951951951952	0.010587535429112149	0.014948330236669572
-4.50950950950951	0.010598633057268197	0.014962567275266484
-4.4994994994995	0.010609817245133634	0.014976913965981775
-4.48948948948949	0.01062108892154249	0.014991371468348683
-4.47947947947948	0.010632449028112959	0.015005940957607402
-4.46946946946947	0.010643898519466642	0.015020623624966508
-4.45945945945946	0.010655438363449484	0.015035420677869693
-4.44944944944945	0.010667069541350051	0.015050333340265756
-4.43943943943944	0.010678793048137198	0.015065362852886508
-4.42942942942943	0.010690609892684857	0.015080510473524348
-4.41941941941942	0.010702521098017023	0.015095777477323722
-4.40940940940941	0.010714527701550021	0.01511116515707354
-4.3993993993994	0.010726630755336133	0.015126674823505255
-4.38938938938939	0.010738831326321746	0.015142307805598169
-4.37937937937938	0.010751130496603598	0.015158065450890648
-4.36936936936937	0.010763529363693304	0.015173949125796442
-4.35935935935936	0.010776029040786173	0.015189960215932297
-4.34934934934935	0.010788630657036264	0.015206100126442332
-4.33933933933934	0.01080133535783712	0.015222370282343646
-4.32932932932933	0.010814144305105614	0.015238772128860436
-4.31931931931932	0.010827058677580326	0.015255307131782763
-4.3093093093093096	0.010840079671114318	0.015271976777825807
-4.2992992992992995	0.010853208498980357	0.015288782574986145
-4.2892892892892895	0.010866446392185444	0.01530572605292605
-4.2792792792792795	0.010879794599787315	0.015322808763349965
-4.2692692692692695	0.010893254389217715	0.015340032280392768
-4.2592592592592595	0.010906827046614966	0.015357398201019877
-4.2492492492492495	0.010920513877161796	0.015374908145429123
-4.2392392392392395	0.01093431620543335	0.015392563757469998
-4.2292292292292295	0.010948235375749746	0.015410366705063764
-4.2192192192192195	0.010962272752533997	0.015428318680634278
-4.2092092092092095	0.010976429720683958	0.015446421401550198
-4.1991991991991995	0.010990707685951154	0.01546467661058016
-4.1891891891891895	0.011005108075321662	0.01548308607634269
-4.1791791791791795	0.011019632337411342	0.01550165159378881
-4.1691691691691695	0.011034281942867886	0.015520374984670337
-4.1591591591591595	0.01104905838478247	0.015539258098041495
-4.1491491491491495	0.011063963179112202	0.015558302810753785
-4.1391391391391394	0.011078997865102238	0.015577511027966028
-4.129129129129129	0.011094164005735202	0.015596884683677528
-4.119119119119119	0.01110946318817106	0.015616425741251952
-4.109109109109109	0.01112489702421336	0.015636136193972788
-4.099099099099099	0.01114046715077194	0.01565601806559764
-4.089089089089089	0.01115617523034861	0.015676073410930053
-4.079079079079079	0.01117202295152448	0.015696304316403988
-4.069069069069069	0.011188012029466302	0.015716712900679688
-4.059059059059059	0.01120414420643376	0.015737301315258783
-4.049049049049049	0.011220421252309395	0.015758071745100553
-4.039039039039039	0.011236844965136184	0.015779026409265803
-4.029029029029029	0.011253417171665713	0.01580016756156918
-4.019019019019019	0.011270139727918899	0.015821497491241388
-4.009009009009009	0.01128701451976973	0.01584301852362024
-3.998998998998999	0.011304043463524255	0.015864733020842455
-3.988988988988989	0.01132122850652984	0.015886643382558196
-3.978978978978979	0.011338571627790669	0.015908752046666502
-3.968968968968969	0.011356074838599399	0.01593106149005694
-3.958958958958959	0.011373740183185066	0.01595357422937917
-3.948948948948949	0.011391569739374191	0.015976292821825666
-3.938938938938939	0.011409565619268106	0.015999219865925656
-3.928928928928929	0.011427729969938343	0.01602235800237651
-3.918918918918919	0.011446064974138559	0.016045709914873075
-3.908908908908909	0.01146457285102772	0.016069278330973238
-3.898898898898899	0.011483255856921436	0.01609306602297125
-3.888888888888889	0.011502116286054914	0.016117075808803224
-3.878878878878879	0.011521156471359982	0.016141310552966245
-3.868868868868869	0.011540378785275212	0.016165773167464877
-3.858858858858859	0.011559785640561298	0.016190466612773482
-3.848848848848849	0.011579379491143089	0.01621539389882819
-3.838838838838839	0.011599162832975225	0.016240558086044955
-3.828828828828829	0.011619138204923593	0.016265962286349092
-3.818818818818819	0.011639308189672017	0.01629160966424888
-3.808808808808809	0.011659675414650331	0.016317503437919257
-3.798798798798799	0.011680242552991793	0.016343646880321017
-3.7887887887887888	0.011701012324498227	0.016370043320345355
-3.7787787787787788	0.011721987496654674	0.016396696143986596
-3.7687687687687688	0.011743170885643023	0.016423608795544026
-3.7587587587587588	0.011764565357406219	0.016450784778853412
-3.7487487487487487	0.011786173828719944	0.016478227658553595
-3.7387387387387387	0.011807999268304312	0.016505941061374763
-3.7287287287287287	0.011830044697958323	0.016533928677471908
-3.7187187187187187	0.01185231319372697	0.016562194261784905
-3.7087087087087087	0.011874807887098065	0.016590741635432157
-3.6986986986986987	0.011897531966225262	0.016619574687143004
-3.6886886886886887	0.01192048867719689	0.01664869737472915
-3.6786786786786787	0.011943681325320046	0.01667811372658848
-3.6686686686686687	0.011967113276454165	0.01670782784324845
-3.6586586586586587	0.01199078795836935	0.01673784389895568
-3.6486486486486487	0.01201470886215152	0.016768166143302086
-3.6386386386386387	0.012038879543631077	0.016798798902890728
-3.6286286286286287	0.012063303624867381	0.01682974658305356
-3.6186186186186187	0.012087984795657272	0.01686101366960783
-3.6086086086086087	0.012112926815097746	0.016892604730662026
-3.5985985985985987	0.012138133513177904	0.016924524418470258
-3.5885885885885886	0.012163608792428919	0.016956777471332177
-3.5785785785785786	0.012189356629610945	0.01698936871555093
-3.5685685685685686	0.012215381077443863	0.017022303067437707
-3.5585585585585586	0.012241686266395383	0.017055585535371447
-3.5485485485485486	0.01226827640651193	0.01708922122192249
-3.5385385385385386	0.012295155789301272	0.01712321532601621
-3.5285285285285286	0.012322328789674666	0.01715757314518237
-3.5185185185185186	0.012349799867935315	0.01719230007783456
-3.5085085085085086	0.01237757357182454	0.017227401625646822
-3.4984984984984986	0.012405654538635374	0.017262883395963526
-3.4884884884884886	0.012434047497372643	0.017298751104303605
-3.4784784784784786	0.01246275727098878	0.01733501057691652
-3.4684684684684686	0.012491788778674297	0.017371667753420684
-3.4584584584584586	0.01252114703821663	0.017408728689508813
-3.4484484484484486	0.01255083716843426	0.017446199559738206
-3.4384384384384385	0.012580864391670511	0.017484086660393236
-3.4284284284284285	0.012611234036379064	0.017522396412434776
-3.4184184184184185	0.01264195153975834	0.017561135364529773
-3.4084084084084085	0.012673022450492	0.01760031019617351
-3.3983983983983985	0.012704452431553744	0.017639927720899833
-3.3883883883883885	0.012736247263102345	0.017679994889581663
-3.3783783783783785	0.012768412845462694	0.017720518793836397
-3.3683683683683685	0.012800955202197812	0.01776150666952293
-3.3583583583583585	0.012833880483269975	0.017802965900345705
-3.3483483483483485	0.01286719496830911	0.017844904021568138
-3.3383383383383385	0.012900905069962625	0.017887328723831503
-3.3283283283283285	0.012935017337372222	0.01793024785709128
-3.3183183183183185	0.012969538459733986	0.017973669434670256
-3.3083083083083085	0.013004475269990323	0.018017601637437246
-3.2982982982982985	0.01303983474862155	0.018062052818113634
-3.2882882882882885	0.013075624027567605	0.018107031505698194
-3.2782782782782784	0.013111850394260376	0.01815254641004731
-3.2682682682682684	0.013148521295804206	0.018198606426581193
-3.2582582582582584	0.01318564434326808	0.01824522064114734
-3.2482482482482484	0.01322322731612605	0.01829239833502017
-3.2382382382382384	0.013261278166839844	0.018340148990067494
-3.2282282282282284	0.013299805025593133	0.01838848229408523
-3.2182182182182184	0.013338816205163037	0.018437408146279526
-3.2082082082082084	0.013378320205979797	0.018486936662946235
-3.1981981981981984	0.013418325721317676	0.018537078183314095
-3.1881881881881884	0.013458841642689501	0.018587843275581325
-3.1781781781781784	0.013499877065394262	0.018639242743147374
-3.1681681681681684	0.013541441294268071	0.01869128763104685
-3.1581581581581584	0.013583543849615033	0.018743989232580655
-3.1481481481481484	0.01362619447334598	0.01879735909618978
-3.1381381381381384	0.013669403135321664	0.018851409032515167
-3.1281281281281283	0.013713180039906736	0.01890615112173687
-3.118118118118118	0.013757535632761341	0.018961597721116753
-3.108108108108108	0.013802480607849252	0.01901776147280768
-3.098098098098098	0.013848025914698251	0.019074655311931282
-3.088088088088088	0.013894182765916958	0.019132292474921025
-3.078078078078078	0.01394096264495812	0.01919068650813726
-3.068068068068068	0.013988377314170774	0.019249851276795904
-3.058058058058058	0.014036438823127797	0.01930980097418006
-3.048048048048048	0.014085159517250374	0.019370550131189188
-3.038038038038038	0.014134552046739612	0.0194321136262005
-3.028028028028028	0.014184629375832846	0.019494506695282594
-3.018018018018018	0.014235404792390573	0.01955774494276022
-3.008008008008008	0.014286891917825739	0.0196218443521546
-2.997997997997998	0.01433910471740632	0.019686821297506
-2.987987987987988	0.014392057510926039	0.019752692555096586
-2.977977977977978	0.014445764983773226	0.01981947531559763
-2.967967967967968	0.014500242198410982	0.019887187196643816
-2.957957957957958	0.014555504606280767	0.01995584625586729
-2.947947947947948	0.014611568060159305	0.020025471004396816
-2.937937937937938	0.0146684488269746	0.02009608042086059
-2.9279279279279278	0.014726163601108956	0.02016769396588938
-2.9179179179179178	0.014784729518218206	0.020240331597161036
-2.9079079079079078	0.014844164169574103	0.02031401378500286
-2.8978978978978978	0.014904485616956646	0.020388761528571057
-2.8878878878878878	0.014965712408133621	0.02046459637264134
-2.8778778778778777	0.015027863592942938	0.02054154042502574
-2.8678678678678677	0.015090958739998982	0.02061961637466128
-2.8578578578578577	0.01515501795406907	0.020698847510374527
-2.8478478478478477	0.015220061894144755	0.020779257740377314
-2.8378378378378377	0.015286111792211173	0.02086087161250305
-2.8278278278278277	0.015353189472811222	0.020943714335244206
-2.8178178178178177	0.015421317373362787	0.02102781179958894
-2.8078078078078077	0.015490518565337482	0.02111319060173728
-2.7977977977977977	0.015560816776282559	0.021199878066701185
-2.7877877877877877	0.015632236412766978	0.021287902272844373
-2.7777777777777777	0.015704802584271482	0.02137729207740727
-2.7677677677677677	0.015778541128089137	0.021468077143053845
-2.7577577577577577	0.0158534786352545	0.021560287965493585
-2.7477477477477477	0.015929642477589333	0.021653955902229072
-2.7377377377377377	0.016007060835890555	0.0217491132024864
-2.7277277277277276	0.016085762729320913	0.021845793038364224
-2.7177177177177176	0.016165778046089065	0.021944029537293304
-2.7077077077077076	0.016247137575437647	0.022043857815836666
-2.6976976976976976	0.0163298730410448	0.02214531401491694
-2.6876876876876876	0.01641401713589376	0.02224843533653114
-2.6776776776776776	0.016499603558684954	0.022353260082026656
-2.6676676676676676	0.01658666705187924	0.022459827692018867
-2.6576576576576576	0.016675243441430912	0.02256817878801717
-2.6476476476476476	0.016765369678347256	0.022678355215882615
-2.6376376376376376	0.016857083882115376	0.0227904000911541
-2.6276276276276276	0.01695042538612915	0.022904357846380695
-2.6176176176176176	0.017045434785213844	0.02302027428055438
-2.6076076076076076	0.01714215398536192	0.023138196610727215
-2.5975975975975976	0.01724062625578554	0.023258173525960973
-2.5875875875875876	0.017340896283447312	0.02338025524370298
-2.5775775775775776	0.017443010230149332	0.02350449356872322
-2.5675675675675675	0.01754701579237852	0.023630941954752047
-2.5575575575575575	0.017652962264018256	0.023759655568963603
-2.5475475475475475	0.017760900602122588	0.023890691359442672
-2.5375375375375375	0.017870883495869547	0.024024108125804446
-2.5275275275275275	0.017982965438959407	0.02415996659314777
-2.5175175175175175	0.018097202805559886	0.024298329489510384
-2.5075075075075075	0.018213653930073636	0.024439261627004442
-2.4974974974974975	0.018332379190912747	0.024582829986884713
-2.4874874874874875	0.018453441098523943	0.024729103808704675
-2.4774774774774775	0.018576904387922807	0.024878154683847523
-2.4674674674674675	0.0187028361159895	0.025030056653631345
-2.4574574574574575	0.018831305763807447	0.025184886312300193
-2.4474474474474475	0.018962385344382486	0.025342722915110413
-2.4374374374374375	0.019096149516022752	0.025503648491893103
-2.4274274274274275	0.019232675701751092	0.02566774796633399
-2.4174174174174174	0.01937204421512826	0.025835109281354338
-2.4074074074074074	0.019514338392854946	0.026005823530933968
-2.3973973973973974	0.0196596447346232	0.026179985098764194
-2.3873873873873874	0.019808053050612465	0.02635769180413502
-2.3773773773773774	0.01995965661718621	0.026539045055510888
-2.3673673673673674	0.020114552341263685	0.026724150012241366
-2.3573573573573574	0.02027284093394471	0.026913115754914778
-2.3473473473473474	0.02043462709399821	0.02710605546490932
-2.3373373373373374	0.02060001970186451	0.027303086613680708
-2.3273273273273274	0.02076913202483931	0.027504331162424372
-2.3173173173173174	0.020942081934237973	0.02770991577276031
-2.3073073073073074	0.02111899213529774	0.027919972029153778
-2.2972972972972974	0.02129999041073712	0.028134636673827693
-2.2872872872872874	0.021485209878849706	0.02835405185495112
-2.2772772772772774	0.021674789267201018	0.028578365389033918
-2.2672672672672673	0.02186887320298782	0.028807731038393354
-2.2572572572572573	0.022067612521227718	0.029042308804773594
-2.2472472472472473	0.02227116459207354	0.029282265240138976
-2.2372372372372373	0.02247969366861467	0.02952777377584904
-2.2272272272272273	0.022693371256660287	0.02977901507146115
-2.2172172172172173	0.022912376508086155	0.030036177384504946
-2.2072072072072073	0.02313689663953392	0.030299456962717363
-2.1971971971971973	0.023367127378325112	0.030569058460279772
-2.1871871871871873	0.023603273437629094	0.03084519537980922
-2.1771771771771773	0.023845549023153795	0.031128090541890058
-2.1671671671671673	0.024094178373741653	0.0314179765841946
-2.1571571571571573	0.024349396338525967	0.031715096492310794
-2.1471471471471473	0.02461144899350476	0.03201970416461739
-2.1371371371371373	0.024880594300652804	0.03233206501376299
-2.1271271271271273	0.025157102812986692	0.03265245660747091
-2.1171171171171173	0.025441258429280453	0.03298116935164942
-2.1071071071071072	0.02573335920251082	0.033318507219060316
-2.0970970970970972	0.0260337182064347	0.033664788527071485
-2.0870870870870872	0.02634266446519012	0.03402034676827878
-2.0770770770770772	0.026660543951194653	0.03438553149823698
-2.067067067067067	0.02698772065719708	0.03476070928477225
-2.057057057057057	0.027324577748852833	0.035146264723908936
-2.047047047047047	0.027671518804834646	0.035542601527735196
-2.037037037037037	0.028028969152243302	0.03595014369020764
-2.027027027027027	0.028397377305728583	0.03636933673729884
-2.017017017017017	0.028777216519750865	0.03680064906859475
-2.007007007007007	0.02916898646424803	0.03724457339808788
-1.996996996996997	0.029573215035137865	0.03770162830266776
-1.986986986986987	0.02999046031221038	0.03817235988766196
-1.976976976976977	0.030421312678352682	0.038657343579649305
-1.966966966966967	0.030866397115558126	0.03915718605786617
-1.956956956956957	0.03132637569480199	0.039672527336599
-1.946946946946947	0.03180195027882811	0.04020404301227183
-1.936936936936937	0.03229386545895962	0.0407524466903248
-1.926926926926927	0.03280291174947376	0.04131849260857171
-1.916916916916917	0.033329929065779994	0.041902978475508744
-1.906906906906907	0.03387581051569699	0.042506748543960776
-1.896896896896897	0.034441506536521255	0.043130696942757604
-1.8868868868868869	0.03502802941462035	0.04377577129155953
-1.8768768768768769	0.035636458228533285	0.04444297662670576
-1.8668668668668669	0.03626794426179873	0.04513337966924081
-1.8568568568568569	0.03692371693731577	0.045848113469630344
-1.8468468468468469	0.03760509033168532	0.04658838246784117
-1.8368368368368369	0.03831347033542252	0.047355468011840346
-1.8268268268268268	0.03905036253346747	0.04815073438279917
-1.8168168168168168	0.0398173808903116	0.048975635380935134
-1.8068068068068068	0.04061625733522514	0.04983172153267412
-1.7967967967967968	0.04144885235616117	0.05072064798713034
-1.7867867867867868	0.04231716672577412	0.05164418317851447
-1.7767767767767768	0.04322335450037407	0.05260421834077887
-1.7667667667667668	0.04416973745265665	0.05360277797192825
-1.7567567567567568	0.04515882112225361	0.05464203135810357
-1.7467467467467468	0.046193312695311024	0.055724305282215954
-1.7367367367367368	0.04727614095580179	0.05685209805866475
-1.7267267267267268	0.04841047858818283	0.05802809505493924
-1.7167167167167168	0.04959976715427458	0.05925518588338408
-1.7067067067067068	0.05084774511810208	0.06053648347201849
-1.6966966966966968	0.05215847935213897	0.061875345253374715
-1.6866866866866868	0.05353640062935368	0.06327539674500117
-1.6766766766766767	0.05498634368905083	0.06474055783574452
-1.6666666666666667	0.056513592564169324	0.06627507213920433
-1.6566566566566567	0.058123931976301994	0.06788353983093388
-1.6466466466466467	0.05982370574665652	0.06957095445088013
-1.6366366366366367	0.06161988334123456	0.07134274422865443
-1.6266266266266267	0.0635201358734599	0.07320481857918258
-1.6166166166166167	0.06553292313481053	0.07516362052249098
-1.6066066066066067	0.06766759352395894	0.07722618590740545
-1.5965965965965967	0.0699344991098933	0.07940021046871801
-1.5865865865865867	0.07234512851029799	0.08169412592619364
-1.5765765765765767	0.07491226081355633	0.0841171865476228
-1.5665665665665667	0.0776501444464347	0.08667956785493605
-1.5565565565565564	0.08057470572353663	0.08939247946178923
-1.5465465465465464	0.08370379285123089	0.0922682944050819
-1.5365365365365364	0.08705746245413616	0.09532069778664896
-1.5265265265265264	0.09065831731866031	0.09856485809436166
-1.5165165165165164	0.0945319061013936	0.10201762524773307
-1.5065065065065064	0.09870719835683799	0.1056977602435505
-1.4964964964964964	0.10321715156742137	0.10962620230073095
-1.4864864864864864	0.10809939113522006	0.11382638067198496
-1.4764764764764764	0.11339702982486345	0.11832457986859618
-1.4664664664664664	0.11915966034695108	0.12315036901863731
-1.4564564564564564	0.1254445642124742	0.12833710856124075
-1.4464464464464464	0.13231819246331983	0.13392255061600294
-1.4364364364364364	0.13985799049840647	0.13994955335302647
-1.4264264264264264	0.14815466153180426	0.14646693478551814
-1.4164164164164164	0.15731499346553554	0.1535304979617377
-1.4064064064064064	0.1674654153464929	0.1612042680194079
-1.3963963963963963	0.17875650678463095	0.16956199262702187
-1.3863863863863863	0.1913687636477861	0.17868897185787358
-1.3763763763763763	0.20552003634876576	0.18868430275112483
-1.3663663663663663	0.22147521876860377	0.19966364942588208
-1.3563563563563563	0.2395590004314179	0.21176268405391024
-1.3463463463463463	0.2601728396766556	0.22514139072148706
-1.3363363363363363	0.28381783128571547	0.23998948820975832
-1.3263263263263263	0.31112592562661834	0.2565333162681159
-1.3163163163163163	0.34290316887580347	0.2750446537853195
-1.3063063063063063	0.38019054751571135	0.29585211243200404
-1.2962962962962963	0.4243511066122198	0.31935600019353283
-1.2862862862862863	0.4771971085967668	0.3460479131635064
-1.2762762762762763	0.5411796408993927	0.37653684950625954
-1.2662662662662663	0.6196781620156463	0.4115844395215984
-1.2562562562562563	0.7174546564292791	0.4521531005186681
-1.2462462462462462	0.8413878501659527	0.4994728025011164
-1.2362362362362362	1.001701716170023	0.5551350876248685
-1.2262262262262262	1.2141035557943582	0.621227741218884
-1.2162162162162162	1.503677663470722	0.7005313316545527
-1.2062062062062062	1.9123578943425694	0.7968120139222474
-1.1961961961961962	2.514165683013975	0.9152677974596457
-1.1861861861861862	3.4485114173902467	1.0632261049942473
-1.1761761761761762	4.998628689184751	1.2512651210358001
-1.1661661661661662	7.788456157881459	1.4950733540841676
-1.1561561561561562	13.260944059577973	1.8186412182711478
-1.1461461461461462	24.104337231478237	2.259947902475125
-1.1361361361361362	37.04904417600548	2.8815027758195577
-1.1261261261261262	30.995704305697636	3.7906435709344337
-1.1161161161161162	17.35895094673654	5.1796603026010315
-1.1061061061061062	9.68088969550936	7.403582465962526
-1.0960960960960962	5.897608388067288	11.101892282746665
-1.0860860860860861	3.897369673976701	17.150848681910716
-1.0760760760760761	2.7435005256097424	25.017931890448107
-1.0660660660660661	2.026842485216749	28.365857419133643
-1.0560560560560561	1.554643171117234	22.56858703054276
-1.0460460460460461	1.2284941661696525	14.866742518619276
-1.0360360360360361	0.9944821822838829	9.596032719819279
-1.026026026026026	0.8212619062851025	6.443329367232621
-1.016016016016016	0.6896778955094208	4.540420574583656
-1.006006006006006	0.5875218471807758	3.3410400599462884
-0.995995995995996	0.5067301765952771	2.549041154363131
-0.985985985985986	0.4418111722768686	2.003648566399111
-0.975975975975976	0.3889241856041289	1.614313709889028
-0.965965965965966	0.3453203695548675	1.3277770049632436
-0.955955955955956	0.3089918903800402	1.1113760781224378
-0.9459459459459459	0.27844556158720835	0.9443086023099497
-0.9359359359359359	0.25255303950478974	0.8128744409511278
-0.9259259259259259	0.23044943025370698	0.7077806797952966
-0.9159159159159159	0.21146326459398002	0.6225579375119858
-0.9059059059059059	0.19506724956899554	0.5525979915199296
-0.8958958958958959	0.180843059075218	0.4945509997764544
-0.8858858858858859	0.16845578459829613	0.4459375331798522
-0.8758758758758759	0.15763514486740446	0.40489267287884917
-0.8658658658658659	0.14816149794564587	0.36999344849123367
-0.8558558558558559	0.13985531502184534	0.3401401322702103
-0.8458458458458459	0.132569183627337	0.31447309633172
-0.8358358358358359	0.12618168346041356	0.29231362268201894
-0.8258258258258259	0.12059266669471212	0.27312114257434167
-0.8158158158158159	0.11571960588471224	0.25646193676587803
-0.8058058058058059	0.11149476526909181	0.24198595858726787
-0.7957957957957958	0.10786301782147671	0.22940950201933175
-0.7857857857857858	0.10478017910465187	0.21850213902275872
-0.7757757757757757	0.10221176551164785	0.20907682336698566
-0.7657657657657657	0.10013211280033084	0.2009823825150121
-0.7557557557557557	0.09852381385197666	0.1940978457195174
-0.7457457457457457	0.09737745457000094	0.18832821839289182
-0.7357357357357357	0.09669164571679006	0.18360143194960524
-0.7257257257257257	0.09647336814218743	0.17986628973820706
-0.7157157157157157	0.09673867138020079	0.17709130428327524
-0.7057057057057057	0.09751379362202854	0.1752643874428147
-0.6956956956956957	0.09883680826895118	0.17439342096963598
-0.6856856856856857	0.10075995400863612	0.17450780848353167
-0.6756756756756757	0.10335287990980226	0.1756612010717098
-0.6656656656656657	0.10670714749437489	0.17793571169203307
-0.6556556556556556	0.11094249943965917	0.181448109585168
-0.6456456456456456	0.11621566504332044	0.1863587491523244
-0.6356356356356356	0.12273288666579873	0.19288439503382615
-0.6256256256256256	0.1307680258970725	0.20131675401509908
-0.6156156156156156	0.14068923642292785	0.21204958768683282
-0.6056056056056056	0.15299913342267515	0.2256190732325636
-0.5955955955955956	0.16839684544632103	0.24276520015150904
-0.5855855855855856	0.18787671188722224	0.264527609585165
-0.5755755755755756	0.21289065644775562	0.2923997986076601
-0.5655655655655656	0.24562602174544365	0.3285861763262387
-0.5555555555555556	0.2895034654625898	0.37644876645646386
-0.5455455455455456	0.3501198576359067	0.44132270773599447
-0.5355355355355356	0.4371578233620336	0.5320960146675124
-0.5255255255255256	0.5685894629309028	0.6645007004630262
-0.5155155155155156	0.7809748754444457	0.8686255536050753
-0.5055055055055055	1.1585619858378484	1.2082291332498751
-0.4954954954954955	1.9339228926354353	1.8390998675822363
-0.4854854854854855	3.9647326644139222	3.2323230883165674
-0.4754754754754755	12.814589028868436	7.432598282951805
-0.46546546546546547	291.9595720415161	34.224580065972525
-0.45545545545545546	27.304151646234555	311.5625411105495
-0.44544544544544545	5.402229344130419	15.149778016996663
-0.43543543543543545	2.1952983479006347	4.412124877299756
-0.42542542542542544	1.1715093626991862	2.0260458733170825
-0.41541541541541543	0.7224655398102698	1.1435146090341544
-0.40540540540540543	0.48757170480953804	0.7265868601347878
-0.3953953953953954	0.35003042965469994	0.4987766886276667
-0.38538538538538536	0.26290451097153883	0.3616357769946444
-0.37537537537537535	0.2044146675229131	0.27314896921012094
-0.36536536536536535	0.16335460589773396	0.21299710091846547
-0.35535535535535534	0.1334894640040765	0.17040713898328957
-0.34534534534534533	0.11113104368860856	0.1392492078576369
-0.3353353353353353	0.09398706980747305	0.11583424450991765
-0.3253253253253253	0.08057363104842641	0.0978384568711603
-0.3153153153153153	0.06989672875270371	0.08374153776010373
-0.3053053053053053	0.06127088835047139	0.07251653347906828
-0.2952952952952953	0.05421140503449968	0.06345050897608254
-0.2852852852852853	0.0483679816284164	0.056036671388893726
-0.2752752752752753	0.04348255956014829	0.0499072328603626
-0.2652652652652653	0.03936177837907715	0.04479037078156191
-0.2552552552552553	0.03585854817446086	0.04048190789449653
-0.24524524524524524	0.032859450803802724	0.03682624269832044
-0.23523523523523523	0.03027595823569089	0.03370324132074555
-0.22522522522522523	0.028038204058398148	0.031019058922494555
-0.21521521521521522	0.02609049568108186	0.02869960437290433
-0.20520520520520522	0.024388034072699807	0.026685815928828342
-0.19519519519519518	0.022894484549746262	0.024930198606052237
-0.18518518518518517	0.021580156132749027	0.02339425407701177
-0.17517517517517517	0.020420621930063613	0.022046550861911107
-0.16516516516516516	0.0193956631039256	0.02086125984270482
-0.15515515515515516	0.018488452987998883	0.01981703201971606
-0.14514514514514515	0.017684921355702952	0.018896130810416495
-0.13513513513513514	0.01697325519500868	0.01808375565164832
-0.12512512512512514	0.016343503906964922	0.017367510800905286
-0.11511511511511512	0.01578726511356783	0.016736985380728837
-0.10510510510510511	0.015297433239079634	0.01618341942258097
-0.09509509509509509	0.01486799739703704	0.015699436982295777
-0.08508508508508508	0.014493878338817793	0.015278832025289991
-0.07507507507507508	0.014170796621756998	0.014916396201870921
-0.06506506506506507	0.013895165962262564	0.014607780189951673
-0.055055055055055056	0.01366400711274636	0.014349382211979702
-0.04504504504504504	0.013474878655646765	0.014138258804469754
-0.035035035035035036	0.01332582192707993	0.013972054054128257
-0.025025025025025027	0.01321531792756554	0.013848944402748222
-0.015015015015015015	0.013142254593669621	0.013767596829459041
-0.005005005005005005	0.013105903226393488	0.013727138792661913
0.005005005005005005	0.013105903226393389	0.013727138792662017
0.015015015015015015	0.013142254593669758	0.013767596829458096
0.025025025025025027	0.013215317927565926	0.013848944402748236
0.035035035035035036	0.013325821927080168	0.013972054054129143
0.04504504504504504	0.013474878655646567	0.014138258804470033
0.055055055055055056	0.013664007112746275	0.014349382211980184
0.06506506506506507	0.013895165962262788	0.014607780189952803
0.07507507507507508	0.014170796621756715	0.01491639620187205
0.08508508508508508	0.014493878338818073	0.015278832025291173
0.09509509509509509	0.014867997397037263	0.015699436982296908
0.10510510510510511	0.015297433239079634	0.01618341942258199
0.11511511511511512	0.01578726511356828	0.016736985380731657
0.12512512512512514	0.016343503906965828	0.01736751080090777
0.13513513513513514	0.016973255195008453	0.01808375565165047
0.14514514514514515	0.01768492135570453	0.018896130810419777
0.15515515515515516	0.01848845298800042	0.019817032019719873
0.16516516516516516	0.019395663103926875	0.0208612598427087
0.17517517517517517	0.02042062193006346	0.02204655086191548
0.18518518518518517	0.02158015613275023	0.02339425407701744
0.19519519519519518	0.022894484549749693	0.02493019860605955
0.20520520520520522	0.024388034072700703	0.026685815928838397
0.21521521521521522	0.02609049568108379	0.02869960437291619
0.22522522522522523	0.028038204058399237	0.031019058922504953
0.23523523523523523	0.030275958235694893	0.033703241320762134
0.24524524524524524	0.03285945080380779	0.036826242698337994
0.2552552552552553	0.035858548174466355	0.04048190789451951
0.2652652652652653	0.03936177837908074	0.04479037078158779
0.2752752752752753	0.04348255956015396	0.049907232860398915
0.2852852852852853	0.04836798162842486	0.05603667138893837
0.2952952952952953	0.0542114050345063	0.06345050897614034
0.3053053053053053	0.061270888350479176	0.07251653347913523
0.3153153153153153	0.06989672875271652	0.08374153776018615
0.3253253253253253	0.08057363104844258	0.09783845687126512
0.3353353353353353	0.09398706980749767	0.11583424451006516
0.34534534534534533	0.11113104368864732	0.13924920785782877
0.35535535535535534	0.13348946400413234	0.17040713898355328
0.36536536536536535	0.1633546058977912	0.2129971009188377
0.37537537537537535	0.20441466752298712	0.2731489692106584
0.38538538538538536	0.262904510971655	0.3616357769954645
0.3953953953953954	0.3500304296548867	0.49877668862896696
0.40540540540540543	0.4875717048098113	0.7265868601370042
0.41541541541541543	0.7224655398107681	1.14351460903837
0.42542542542542544	1.171509362700074	2.02604587332635
0.43543543543543545	2.1952983479033223	4.412124877327029
0.44544544544544545	5.402229344140214	15.149778017151686
0.45545545545545546	27.30415164633597	311.562541119257
0.46546546546546547	291.9595720388612	34.22458006559195
0.4754754754754755	12.81458902884282	7.43259828292166
0.4854854854854855	3.964732664410586	3.2323230883109626
0.4954954954954955	1.9339228926347254	1.8390998675809849
0.5055055055055055	1.1585619858376122	1.208229133250066
0.5155155155155156	0.7809748754443749	0.8686255536056723
0.5255255255255256	0.5685894629309332	0.6645007004638763
0.5355355355355356	0.4371578233621283	0.532096014668357
0.5455455455455456	0.35011985763601816	0.4413227077368469
0.5555555555555556	0.2895034654626801	0.3764487664573375
0.5655655655655656	0.24562602174556972	0.3285861763271003
0.5755755755755756	0.21289065644788466	0.2923997986085233
0.5855855855855856	0.18787671188733437	0.26452760958604093
0.5955955955955956	0.1683968454464485	0.2427652001523854
0.6056056056056056	0.15299913342280305	0.22561907323344615
0.6156156156156156	0.1406892364230643	0.21204958768772036
0.6256256256256256	0.13076802589719322	0.20131675401601037
0.6356356356356356	0.1227328866659367	0.19288439503477908
0.6456456456456456	0.11621566504345517	0.18635874915330194
0.6556556556556556	0.1109424994398047	0.18144810958617485
0.6656656656656657	0.1067071474945139	0.17793571169308575
0.6756756756756757	0.10335287990994887	0.1756612010728088
0.6856856856856857	0.10075995400878711	0.17450780848469313
0.6956956956956957	0.09883680826911889	0.17439342097085586
0.7057057057057057	0.09751379362220448	0.17526438744411646
0.7157157157157157	0.09673867138038228	0.1770913042846563
0.7257257257257257	0.09647336814237926	0.17986628973969296
0.7357357357357357	0.0966916457169876	0.1836014319511993
0.7457457457457457	0.0973774545702137	0.1883282183946122
0.7557557557557557	0.09852381385220213	0.19409784572138478
0.7657657657657657	0.10013211280057302	0.20098238251704317
0.7757757757757757	0.10221176551191433	0.20907682336921085
0.7857857857857858	0.10478017910493635	0.21850213902520715
0.7957957957957958	0.10786301782178291	0.22940950202204566
0.8058058058058059	0.11149476526942603	0.24198595859027833
0.8158158158158159	0.11571960588507928	0.25646193676924145
0.8258258258258259	0.1205926666951118	0.27312114257811837
0.8358358358358359	0.1261816834608562	0.29231362268628935
0.8458458458458459	0.13256918362782813	0.31447309633657916
0.8558558558558559	0.1398553150223879	0.34014013227576656
0.8658658658658659	0.1481614979462495	0.3699934484976428
0.8758758758758759	0.15763514486807365	0.40489267288629965
0.8858858858858859	0.16845578459905886	0.44593753318858537
0.8958958958958959	0.18084305907608159	0.4945509997867832
0.9059059059059059	0.19506724956998242	0.5525979915322727
0.9159159159159159	0.21146326459511072	0.6225579375269026
0.9259259259259259	0.23044943025501133	0.7077806798135544
0.9359359359359359	0.2525530395063021	0.8128744409737888
0.9459459459459459	0.27844556158898137	0.9443086023385213
0.955955955955956	0.3089918903821402	1.1113760781591362
0.965965965965966	0.3453203695573778	1.3277770050113757
0.975975975975976	0.38892418560715575	1.6143137099536942
0.985985985985986	0.44181117228055905	2.0036485664885597
0.995995995995996	0.5067301765998478	2.5490411544910017
1.006006006006006	0.5875218471865218	3.3410400601362773
1.016016016016016	0.6896778955167763	4.540420574879133
1.026026026026026	0.8212619062947085	6.443329367714338
1.0360360360360361	0.9944821822967441	9.596032720633904
1.0460460460460461	1.2284941661873507	14.866742519959216
1.0560560560560561	1.554643171142426	22.56858703220266
1.0660660660660661	2.026842485254167	28.36585741949073
1.0760760760760761	2.7435005256682494	25.017931888956078
1.0860860860860861	3.897369674074578	17.15084868037655
1.0960960960960962	5.897608388244761	11.101892281754404
1.1061061061061062	9.680889695860824	7.403582465366073
1.1161161161161162	17.358950947457988	5.179660302233118
1.1261261261261262	30.995704306693977	3.790643570696917
1.1361361361361362	37.0490441755659	2.881502775658932
1.1461461461461462	24.10433723050414	2.259947902362029
1.1561561561561562	13.260944059045233	1.8186412181887508
1.1661661661661662	7.788456157616027	1.4950733540223402
1.1761761761761762	4.998628689042012	1.2512651209881964
1.1861861861861862	3.448511417306391	1.0632261049567862
1.1961961961961962	2.5141656829610843	0.9152677974296505
1.2062062062062062	1.9123578943071375	0.7968120138978119
1.2162162162162162	1.5036776634458535	0.7005313316343673
1.2262262262262262	1.2141035557762596	0.6212277412019995
1.2362362362362362	1.0017017161564377	0.5551350876105877
1.2462462462462462	0.8413878501554576	0.4994728024889214
1.2562562562562563	0.7174546564210046	0.45215310050816715
1.2662662662662663	0.6196781620089833	0.4115844395124828
1.2762762762762763	0.541179640893978	0.37653684949826977
1.2862862862862863	0.47719710859225706	0.3460479131564608
1.2962962962962963	0.4243511066084521	0.3193560001872954
1.3063063063063063	0.38019054751250825	0.2958521124264422
1.3163163163163163	0.3429031688730634	0.2750446537803295
1.3263263263263263	0.3111259256242483	0.2565333162636274
1.3363363363363363	0.2838178312836551	0.2399894882057023
1.3463463463463463	0.26017283967484633	0.22514139071780936
1.3563563563563563	0.2395590004298327	0.21176268405055518
1.3663663663663663	0.22147521876719947	0.19966364942281714
1.3763763763763763	0.20552003634750504	0.18868430274830753
1.3863863863863863	0.19136876364665686	0.17868897185528756
1.3963963963963963	0.17875650678360558	0.1695619926246299
1.4064064064064064	0.16746541534557027	0.16120426801719662
1.4164164164164164	0.15731499346469377	0.1535304979596842
1.4264264264264264	0.14815466153103649	0.14646693478360734
1.4364364364364364	0.1398579904977082	0.13994955335124298
1.4464464464464464	0.1323181924626773	0.13392255061434105
1.4564564564564564	0.12544456421188602	0.12833710855968428
1.4664664664664664	0.1191596603464064	0.12315036901717209
1.4764764764764764	0.11339702982435328	0.11832457986722213
1.4864864864864864	0.10809939113474637	0.11382638067069878
1.4964964964964964	0.10321715156698304	0.10962620229950645
1.5065065065065064	0.098707198356432	0.10569776024240086
1.5165165165165164	0.09453190610101062	0.10201762524664086
1.5265265265265264	0.09065831731829972	0.09856485809332619
1.5365365365365364	0.08705746245379897	0.09532069778566599
1.5465465465465464	0.0837037928509121	0.09226829440414462
1.5565565565565564	0.08057470572323662	0.08939247946090315
1.5665665665665667	0.07765014444615237	0.08667956785408742
1.5765765765765767	0.07491226081328842	0.08411718654681584
1.5865865865865867	0.07234512851004628	0.08169412592542197
1.5965965965965967	0.0699344991096552	0.07940021046798078
1.6066066066066067	0.0676675935237315	0.07722618590670235
1.6166166166166167	0.06553292313459426	0.07516362052181608
1.6266266266266267	0.06352013587325492	0.07320481857853348
1.6366366366366367	0.061619883341037386	0.07134274422803305
1.6466466466466467	0.05982370574647087	0.06957095445028448
1.6566566566566567	0.05812393197612503	0.06788353983036007
1.6666666666666667	0.05651359256399741	0.06627507213865276
1.6766766766766767	0.05498634368888663	0.06474055783521557
1.6866866866866868	0.05353640062919762	0.06327539674449077
1.6966966966966968	0.052158479351988626	0.06187534525288052
1.7067067067067068	0.05084774511795912	0.06053648347154144
1.7167167167167168	0.049599767154139544	0.059255185882922536
1.7267267267267268	0.04841047858804805	0.05802809505449316
1.7367367367367368	0.04727614095567581	0.05685209805823422
1.7467467467467468	0.04619331269518762	0.05572430528179963
1.7567567567567568	0.04515882112213154	0.05464203135769798
1.7667667667667668	0.04416973745254075	0.053602777971536175
1.7767767767767768	0.04322335450026252	0.05260421834039966
1.7867867867867868	0.04231716672566654	0.05164418317814721
1.7967967967967968	0.0414488523560577	0.050720647986774184
1.8068068068068068	0.040616257335126554	0.0498317215323272
1.8168168168168168	0.039817380890212056	0.04897563538059692
1.8268268268268268	0.03905036253337375	0.04815073438247003
1.8368368368368369	0.03831347033533084	0.04735546801152222
1.8468468468468469	0.037605090331597736	0.04658838246753017
1.8568568568568569	0.03692371693722938	0.045848113469329044
1.8668668668668669	0.0362679442617154	0.045133379668946684
1.8768768768768769	0.035636458228452746	0.04444297662641897
1.8868868868868869	0.03502802941454087	0.04377577129127822
1.896896896896897	0.034441506536445995	0.043130696942484774
1.906906906906907	0.03387581051562247	0.04250674854369336
1.916916916916917	0.033329929065710424	0.04190297847524894
1.926926926926927	0.03280291174940235	0.04131849260832037
1.936936936936937	0.032293865458891256	0.040752446690076626
1.946946946946947	0.03180195027876211	0.04020404301202997
1.956956956956957	0.03132637569473754	0.03967252733636267
1.966966966966967	0.030866397115494822	0.039157186057635296
1.976976976976977	0.030421312678290822	0.03865734357942324
1.986986986986987	0.02999046031215183	0.03817235988744029
1.996996996996997	0.02957321503507914	0.03770162830245022
2.007007007007007	0.029168986464190184	0.03724457339787502
2.017017017017017	0.02877721651969314	0.03680064906838744
2.027027027027027	0.02839737730567621	0.03636933673709528
2.037037037037037	0.028028969152189432	0.03595014369000696
2.047047047047047	0.027671518804782406	0.035542601527538624
2.057057057057057	0.02732457774879982	0.03514626472371617
2.067067067067067	0.02698772065714812	0.03476070928458387
2.0770770770770772	0.026660543951147243	0.034385531498051
2.0870870870870872	0.026342664465141205	0.03402034676809865
2.0970970970970972	0.026033718206388327	0.033664788526894016
2.1071071071071072	0.025733359202465243	0.033318507218886226
2.1171171171171173	0.025441258429236994	0.032981169351477234
2.1271271271271273	0.025157102812941628	0.03265245660730359
2.1371371371371373	0.024880594300608877	0.03233206501359768
2.1471471471471473	0.024611448993462095	0.03201970416445351
2.1571571571571573	0.024349396338483653	0.0317150964921496
2.1671671671671673	0.024094178373700488	0.031417976584038027
2.1771771771771773	0.02384554902311173	0.03112809054173558
2.1871871871871873	0.023603273437588744	0.030845195379656288
2.1971971971971973	0.023367127378285685	0.030569058460130426
2.2072072072072073	0.023136896639495978	0.030299456962568402
2.2172172172172173	0.022912376508047307	0.030036177384361398
2.2272272272272273	0.022693371256622696	0.0297790150713181
2.2372372372372373	0.02247969366857993	0.029527773775708196
2.2472472472472473	0.022271164592035285	0.029282265240000337
2.2572572572572573	0.0220676125211914	0.029042308804637953
2.2672672672672673	0.021868873202954806	0.028807731038258545
2.2772772772772774	0.021674789267167212	0.02857836538890211
2.2872872872872874	0.021485209878814093	0.028354051854821052
2.2972972972972974	0.02129999041070446	0.028134636673699136
2.3073073073073074	0.021118992135264972	0.027919972029027306
2.3173173173173174	0.020942081934206228	0.027709915772633972
2.3273273273273274	0.02076913202480848	0.027504331162300125
2.3373373373373374	0.02060001970183369	0.027303086613560696
2.3473473473473474	0.02043462709396784	0.027106055464790817
2.3573573573573574	0.020272840933913787	0.02691311575479687
2.3673673673673674	0.020114552341233785	0.026724150012122676
2.3773773773773774	0.019959656617158126	0.026539045055395647
2.3873873873873874	0.019808053050583706	0.026357691804021394
2.3973973973973974	0.019659644734595798	0.02617998509865229
2.4074074074074074	0.019514338392827325	0.02600582353082368
2.4174174174174174	0.01937204421510121	0.0258351092812451
2.4274274274274275	0.019232675701724385	0.025667747966227273
2.4374374374374375	0.01909614951599582	0.02550364849178686
2.4474474474474475	0.018962385344356122	0.025342722915004414
2.4574574574574575	0.018831305763781205	0.025184886312196713
2.4674674674674675	0.018702836115963257	0.025030056653530385
2.4774774774774775	0.018576904387898382	0.024878154683745213
2.4874874874874875	0.018453441098498953	0.0247291038086033
2.4974974974974975	0.01833237919088685	0.02458282998678551
2.5075075075075075	0.018213653930049103	0.024439261626907183
2.5175175175175175	0.018097202805535017	0.024298329489413257
2.5275275275275275	0.017982965438935784	0.024159966593053375
2.5375375375375375	0.017870883495845816	0.02402410812570825
2.5475475475475475	0.0177609006020975	0.02389069135934876
2.5575575575575575	0.017652962263996902	0.02375965556887062
2.5675675675675675	0.017547015792355018	0.02363094195465964
2.5775775775775776	0.017443010230127644	0.023504493568633097
2.5875875875875876	0.01734089628342461	0.02338025524361412
2.5975975975975976	0.017240626255763964	0.02325817352587269
2.6076076076076076	0.017142153985338884	0.02313819661063974
2.6176176176176176	0.017045434785193405	0.02302027428046725
2.6276276276276276	0.016950425386108598	0.0229043578462954
2.6376376376376376	0.016857083882094375	0.022790400091068922
2.6476476476476476	0.016765369678326144	0.022678355215798925
2.6576576576576576	0.01667524344140992	0.0225681787879336
2.6676676676676676	0.016586667051858132	0.022459827691934737
2.6776776776776776	0.016499603558665428	0.02235326008194515
2.6876876876876876	0.01641401713587311	0.022248435336449643
2.6976976976976976	0.016329873041024266	0.022145314014835906
2.7077077077077076	0.0162471375754188	0.022043857815757337
2.7177177177177176	0.016165778046069994	0.02194402953721467
2.7277277277277276	0.016085762729302296	0.021845793038286165
2.7377377377377377	0.01600706083587149	0.02174911320240858
2.7477477477477477	0.015929642477571625	0.021653955902152505
2.7577577577577577	0.015853478635236114	0.021560287965416
2.7677677677677677	0.015778541128069513	0.021468077142977857
2.7777777777777777	0.01570480258425242	0.0213772920773331
2.7877877877877877	0.015632236412748936	0.0212879022727701
2.7977977977977977	0.015560816776264743	0.021199878066626914
2.8078078078078077	0.015490518565320681	0.021113190601664836
2.8178178178178177	0.015421317373345652	0.0210278117995165
2.8278278278278277	0.015353189472793747	0.02094371433517313
2.8378378378378377	0.015286111792194152	0.020860871612433118
2.8478478478478477	0.015220061894126833	0.020779257740308057
2.8578578578578577	0.01515501795405273	0.02069884751030505
2.8678678678678677	0.015090958739981966	0.02061961637459125
2.8778778778778777	0.015027863592926259	0.020541540424957414
2.8878878878878878	0.01496571240811751	0.020464596372573127
2.8978978978978978	0.014904485616940534	0.02038876152850489
2.9079079079079078	0.014844164169557767	0.02031401378493625
2.9179179179179178	0.014784729518201983	0.020240331597095675
2.9279279279279278	0.014726163601092392	0.020167693965823904
2.937937937937938	0.014668448826958152	0.020096080420795807
2.947947947947948	0.014611568060143647	0.020025471004332485
2.957957957957958	0.014555504606265448	0.01995584625580364
2.967967967967968	0.01450024219839465	0.019887187196580853
2.977977977977978	0.014445764983757794	0.019819475315535583
2.987987987987988	0.01439205751091016	0.019752692555033858
2.997997997997998	0.014339104717391117	0.019686821297443164
3.008008008008008	0.014286891917810872	0.0196218443520929
3.018018018018018	0.014235404792376383	0.01955774494269954
3.028028028028028	0.014184629375818771	0.019494506695221923
3.038038038038038	0.014134552046724296	0.01943211362614062
3.048048048048048	0.014085159517235395	0.01937055013112999
3.058058058058058	0.01403643882311406	0.01930980097411996
3.068068068068068	0.013988377314157151	0.019249851276735924
3.078078078078078	0.013940962644943598	0.01919068650807841
3.088088088088088	0.013894182765902886	0.019132292474862297
3.098098098098098	0.01384802591468463	0.019074655311873575
3.108108108108108	0.01380248060783383	0.019017761472749636
3.118118118118118	0.01375753563274716	0.018961597721059847
3.1281281281281283	0.013713180039893231	0.018906151121681893
3.1381381381381384	0.013669403135307257	0.01885140903245872
3.1481481481481484	0.013626194473333037	0.01879735909613243
3.1581581581581584	0.013583543849601528	0.018743989232525453
3.1681681681681684	0.013541441294255127	0.018691287630990747
3.1781781781781784	0.01349987706538132	0.01863924274309309
3.1881881881881884	0.013458841642676113	0.018587843275526813
3.1981981981981984	0.013418325721304736	0.018537078183260156
3.2082082082082084	0.01337832020596697	0.018486936662892743
3.2182182182182184	0.013338816205150773	0.0184374081462257
3.2282282282282284	0.013299805025580192	0.018388482294031516
3.2382382382382384	0.013261278166827357	0.01834014899001435
3.2482482482482484	0.013223227316112886	0.018292398334966688
3.2582582582582584	0.013185644343255145	0.018245220641095558
3.2682682682682684	0.013148521295792958	0.01819860642652998
3.2782782782782784	0.013111850394248455	0.018152546409994856
3.2882882882882885	0.01307562402755512	0.01810703150564676
3.2982982982982985	0.013039834748609742	0.018062052818061867
3.3083083083083085	0.013004475269977951	0.018017601637387286
3.3183183183183185	0.012969538459721507	0.017973669434618995
3.3283283283283285	0.012935017337360414	0.017930247857040928
3.3383383383383385	0.012900905069950931	0.01788732872378217
3.3483483483483485	0.012867194968296853	0.01784490402151909
3.3583583583583585	0.01283388048325873	0.017802965900296938
3.3683683683683685	0.012800955202186175	0.01776150666947383
3.3783783783783785	0.012768412845451283	0.017720518793787804
3.3883883883883885	0.012736247263091213	0.017679994889533753
3.3983983983983985	0.012704452431542723	0.01763992772085204
3.4084084084084085	0.012673022450480926	0.017600310196125207
3.4184184184184185	0.01264195153974704	0.017561135364482432
3.4284284284284285	0.012611234036367993	0.017522396412387835
3.4384384384384385	0.012580864391660054	0.01748408666034641
3.4484484484484486	0.012550837168421893	0.017446199559691435
3.4584584584584586	0.012521147038205498	0.017408728689462725
3.4684684684684686	0.012491788778662551	0.017371667753373808
3.4784784784784786	0.012462757270977762	0.01733501057687083
3.4884884884884886	0.012434047497361964	0.01729875110425786
3.4984984984984986	0.012405654538624303	0.01726288339591812
3.5085085085085086	0.01237757357181403	0.01722740162560159
3.5185185185185186	0.01234979986792402	0.01719230007778972
3.5285285285285286	0.012322328789664551	0.017157573145136742
3.5385385385385386	0.012295155789291436	0.01712321532597301
3.5485485485485486	0.012268276406500635	0.01708922122187822
3.5585585585585586	0.012241686266385098	0.017055585535328027
3.5685685685685686	0.012215381077434083	0.017022303067393954
3.5785785785785786	0.012189356629600717	0.016989368715507797
3.5885885885885886	0.012163608792418915	0.016956777471289496
3.5985985985985987	0.01213813351316695	0.016924524418427525
3.6086086086086087	0.012112926815086845	0.01689260473062003
3.6186186186186187	0.012087984795647667	0.016861013669565657
3.6286286286286287	0.012063303624856875	0.016829746583010997
3.6386386386386387	0.012038879543621074	0.016798798902848844
3.6486486486486487	0.012014708862140842	0.01676816614326009
3.6586586586586587	0.01199078795836042	0.016737843898914244
3.6686686686686687	0.011967113276444	0.016707827843206458
3.6786786786786787	0.011943681325310667	0.016678113726546713
3.6886886886886887	0.011920488677186777	0.016648697374688576
3.6986986986986987	0.011897531966215714	0.016619574687101638
3.7087087087087087	0.011874807887087955	0.016590741635391468
3.7187187187187187	0.011852313193717363	0.01656219426174444
3.7287287287287287	0.011830044697948999	0.016533928677432294
3.7387387387387387	0.01180799926829476	0.016505941061334583
3.7487487487487487	0.011786173828710394	0.01647822765851415
3.7587587587587588	0.011764565357397233	0.016450784778814474
3.7687687687687688	0.011743170885634037	0.016423608795504245
3.7787787787787788	0.01172198749664451	0.016396696143946534
3.7887887887887888	0.01170101232448896	0.016370043320306144
3.798798798798799	0.011680242552982303	0.016343646880281806
3.808808808808809	0.011659675414641234	0.016317503437880156
3.818818818818819	0.011639308189662806	0.01629160966421035
3.828828828828829	0.011619138204913932	0.016265962286311577
3.838838838838839	0.011599162832966801	0.01624055808600682
3.848848848848849	0.011579379491134216	0.01621539389879062
3.858858858858859	0.011559785640552428	0.016190466612735346
3.868868868868869	0.01154037878526628	0.01616577316742725
3.878878878878879	0.01152115647135128	0.016141310552929236
3.888888888888889	0.01150211628604548	0.016117075808766108
3.898898898898899	0.011483255856912733	0.01609306602293436
3.908908908908909	0.01146457285101868	0.01606927833093578
3.918918918918919	0.011446064974128959	0.016045709914836524
3.928928928928929	0.011427729969930536	0.0160223580023399
3.938938938938939	0.011409565619259234	0.015999219865889446
3.948948948948949	0.011391569739365994	0.015976292821788723
3.958958958958959	0.011373740183176195	0.015953574229343296
3.968968968968969	0.011356074838590526	0.015931061490020732
3.978978978978979	0.01133857162778191	0.015908752046630406
3.988988988988989	0.011321228506520857	0.015886643382522832
3.998998998998999	0.01130404346351589	0.01586473302080591
4.009009009009009	0.011287014519761818	0.015843018523584995
4.019019019019019	0.011270139727910704	0.01582149749120541
4.029029029029029	0.0112534171716569	0.015800167561533653
4.039039039039039	0.011236844965127427	0.015779026409231067
4.049049049049049	0.01122042125230165	0.0157580717450661
4.059059059059059	0.011204144206425733	0.015737301315224782
4.069069069069069	0.01118801202945788	0.01571671290064659
4.079079079079079	0.011172022951516567	0.015696304316369255
4.089089089089089	0.01115617523034019	0.015676073410895545
4.099099099099099	0.011140467150763353	0.01565601806556443
4.109109109109109	0.01112489702420511	0.015636136193939467
4.119119119119119	0.011109463188163315	0.015616425741217785
4.129129129129129	0.011094164005726782	0.015596884683643475
4.1391391391391394	0.011078997865094324	0.015577511027931973
4.1491491491491495	0.011063963179104009	0.01555830281071996
4.1591591591591595	0.01104905838477512	0.015539258098008796
4.1691691691691695	0.011034281942859409	0.015520374984637524
4.1791791791791795	0.011019632337403594	0.01550165159375538
4.1891891891891895	0.011005108075314027	0.015483086076309879
4.1991991991991995	0.010990707685943745	0.015464676610546844
4.2092092092092095	0.010976429720676605	0.015446421401517895
4.2192192192192195	0.010962272752526028	0.015428318680601693
4.2292292292292295	0.010948235375742167	0.015410366705031691
4.2392392392392395	0.010934316205425943	0.015392563757437642
4.2492492492492495	0.01092051387715422	0.015374908145396037
4.2592592592592595	0.01090682704660722	0.015357398200987186
4.2692692692692695	0.01089325438921025	0.015340032280361258
4.2792792792792795	0.010879794599779627	0.015322808763317779
4.2892892892892895	0.010866446392178094	0.015305726052894373
4.2992992992992995	0.01085320849897267	0.01528878257495447
4.3093093093093096	0.010840079671106574	0.015271976777794473
4.31931931931932	0.010827058677572693	0.015255307131752327
4.32932932932933	0.01081414430509832	0.01523877212882865
4.33933933933934	0.010801335357829038	0.015222370282312029
4.34934934934935	0.01078863065702824	0.015206100126411055
4.35935935935936	0.01077602904077843	0.015189960215900846
4.36936936936937	0.010763529363685282	0.015173949125765333
4.37937937937938	0.010751130496595464	0.015158065450859484
4.38938938938939	0.010738831326314171	0.01514230780556751
4.3993993993994	0.010726630755328558	0.015126674823475274
4.40940940940941	0.010714527701542895	0.015111165157043221
4.41941941941942	0.01070252109801029	0.015095777477293348
4.42942942942943	0.01069060989267745	0.015080510473494199
4.43943943943944	0.010678793048129288	0.015065362852856527
4.44944944944945	0.010667069541342536	0.015050333340235549
4.45945945945946	0.010655438363442245	0.015035420677840168
4.46946946946947	0.010643898519460022	0.01502062362493653
4.47947947947948	0.010632449028105494	0.015005940957577256
4.48948948948949	0.010621088921535307	0.014991371468318988
4.4994994994995	0.01060981724512713	0.014976913965952758
4.50950950950951	0.010598633057261464	0.014962567275236396
4.51951951951952	0.010587535429105475	0.014948330236640104
4.52952952952953	0.010576523444400068	0.014934201706082095
4.53953953953954	0.01056559619925524	0.014920180554684899
4.54954954954955	0.010554752801944489	0.014906265668527437
4.55955955955956	0.010543992372706678	0.01489245594840155
4.56956956956957	0.01053331404354787	0.014878750309579983
4.57957957957958	0.010522716958055092	0.014865147681579325
4.58958958958959	0.010512200271202726	0.014851647007936036
4.5995995995996	0.010501763149169275	0.014838247245981614
4.60960960960961	0.010491404769158103	0.014824947366622928
4.61961961961962	0.010481124319218308	0.014811746354127926
4.62962962962963	0.010470920998074446	0.014798643205914059
4.63963963963964	0.010460794014946057	0.01478563693234185
4.64964964964965	0.01045074258939423	0.01477272655650928
4.65965965965966	0.010440765951141783	0.014759911114056182
4.66966966966967	0.010430863339925283	0.014747189652964869
4.67967967967968	0.010421034005328124	0.01473456123336885
4.68968968968969	0.010411277206628274	0.014722024927365185
4.6996996996997	0.010401592212645883	0.014709579818829227
4.70970970970971	0.010391978301591862	0.014697225003229356
4.71971971971972	0.010382434760922597	0.014684959587452697
4.72972972972973	0.01037296088719549	0.014672782689627595
4.73973973973974	0.010363555985929432	0.014660693438953355
4.74974974974975	0.010354219371459491	0.014648690975525465
4.75975975975976	0.010344950366806747	0.014636774450180015
4.76976976976977	0.010335748303542648	0.014624943024319768
4.77977977977978	0.010326612521655435	0.014613195869759284
4.78978978978979	0.01031754236942738	0.014601532168570736
4.7997997997998	0.01030853720329763	0.014589951112920163
4.80980980980981	0.010299596387746362	0.014578451904926107
4.81981981981982	0.01029071929516944	0.014567033756504791
4.82982982982983	0.010281905305757634	0.014555695889223471
4.83983983983984	0.01027315380738167	0.014544437534160114
4.84984984984985	0.010264464195471983	0.014533257931757611
4.85985985985986	0.010255835872911073	0.014522156331688688
4.86986986986987	0.010247268249912695	0.014511131992719287
4.87987987987988	0.010238760743922198	0.014500184182571518
4.88988988988989	0.010230312779502026	0.014489312177793956
4.8998998998999	0.010221923788228907	0.014478515263634409
4.90990990990991	0.010213593208588057	0.014467792733908783
4.91991991991992	0.010205320485870637	0.014457143890876697
4.92992992992993	0.01019710507207729	0.014446568045122414
4.93993993993994	0.010188946425813316	0.014436064515429876
4.94994994994995	0.010180844012197529	0.014425632628667204
4.95995995995996	0.010172797302761254	0.014415271719665715
4.96996996996997	0.010164805775359855	0.014404981131110835
4.97997997997998	0.010156868914078535	0.01439476021342604
4.98998998998999	0.01014898620913968	0.014384608324660089
5.0	0.01014115715681908	0.014374524830385671
