-5.0	0.00010141250616178214	0.0001052133283165906
-4.98998998998999	9.974393758117513e-5	0.00010341886661806575
-4.97997997997998	9.81186044828659e-5	0.00010167229572499508
-4.96996996996997	9.653505008042342e-5	9.99719646801466e-5
-4.95995995995996	9.49918770457294e-5	9.831629115666444e-5
-4.94994994994995	9.348774471352851e-5	9.670375812435289e-5
-4.93993993993994	9.202136634324681e-5	9.51329107691128e-5
-4.92992992992993	9.059150665090519e-5	9.360235342886526e-5
-4.91991991991992	8.91969793551436e-5	9.211074688333122e-5
-4.90990990990991	8.783664491527323e-5	9.065680565196283e-5
-4.8998998998999	8.650940841802812e-5	8.923929546807155e-5
-4.88988988988989	8.521421745776527e-5	8.785703093849758e-5
-4.87987987987988	8.395006029627804e-5	8.650887325489664e-5
-4.86986986986987	8.271596396118717e-5	8.519372809400914e-5
-4.85985985985986	8.151099255737652e-5	8.391054356677082e-5
-4.84984984984985	8.033424557909996e-5	8.265830830293556e-5
-4.83983983983984	7.918485633741947e-5	8.14360496694609e-5
-4.82982982982983	7.806199054888018e-5	8.024283198186943e-5
-4.81981981981982	7.696484483297406e-5	7.907775491589657e-5
-4.80980980980981	7.589264541062742e-5	7.793995193355028e-5
-4.7997997997998	7.484464686179403e-5	7.682858880904864e-5
-4.78978978978979	7.382013083648957e-5	7.574286221041696e-5
-4.77977977977978	7.281840496009266e-5	7.468199837821841e-5
-4.76976976976977	7.183880175044822e-5	7.364525188496497e-5
-4.75975975975976	7.088067750111246e-5	7.263190436408979e-5
-4.74974974974975	6.99434113443441e-5	7.164126340879367e-5
-4.73973973973974	6.902640430860069e-5	7.067266147857531e-5
-4.72972972972973	6.812907837256992e-5	6.972545483463172e-5
-4.71971971971972	6.725087566887824e-5	6.879902257546937e-5
-4.70970970970971	6.639125757755245e-5	6.789276566011511e-5
-4.6996996996997	6.55497040517532e-5	6.700610605138973e-5
-4.68968968968969	6.472571276942988e-5	6.613848583026072e-5
-4.67967967967968	6.391879850088753e-5	6.528936637993265e-5
-4.66966966966967	6.312849238631549e-5	6.445822762830806e-5
-4.65965965965966	6.235434130690038e-5	6.36445672533664e-5
-4.64964964964965	6.159590726225076e-5	6.284790005806088e-5
-4.63963963963964	6.085276677869899e-5	6.206775719985184e-5
-4.62962962962963	6.012451033699656e-5	6.130368560782817e-5
-4.61961961961962	5.94107418568242e-5	6.0555247347395995e-5
-4.60960960960961	5.8711078155139554e-5	5.982201901240507e-5
-4.5995995995996	5.802514847894456e-5	5.910359120275369e-5
-4.58958958958959	5.735259399979655e-5	5.839956793680333e-5
-4.57957957957958	5.6693067396052946e-5	5.7709566163995574e-5
-4.56956956956957	5.604623241407792e-5	5.70332152842296e-5
-4.55955955955956	5.541176343502491e-5	5.637015663327332e-5
-4.54954954954955	5.478934511045879e-5	5.572004307426295e-5
-4.53953953953954	5.417867195288468e-5	5.508253854825074e-5
-4.52952952952953	5.3579447989913324e-5	5.445731767075573e-5
-4.51951951951952	5.2991386432455555e-5	5.384406531010655e-5
-4.50950950950951	5.2414209304693975e-5	5.3242476240683414e-5
-4.4994994994995	5.1847647159877066e-5	5.265225476321393e-5
-4.48948948948949	5.129143874366944e-5	5.207311435650324e-5
-4.47947947947948	5.074533072973285e-5	5.150477736100875e-5
-4.46946946946947	5.0209077421217115e-5	5.0946974629849594e-5
-4.45945945945946	4.9682440481411176e-5	5.039944525010068e-5
-4.44944944944945	4.916518869133821e-5	4.986193622454794e-5
-4.43943943943944	4.865709766749856e-5	4.93342022260303e-5
-4.42942942942943	4.815794965722245e-5	4.881600527691012e-5
-4.41941941941942	4.7667533294284305e-5	4.830711454214085e-5
-4.40940940940941	4.718564338482428e-5	4.78073060418898e-5
-4.3993993993994	4.67120806850055e-5	4.731636242195592e-5
-4.38938938938939	4.624665170150127e-5	4.683407273392569e-5
-4.37937937937938	4.5789168508911826e-5	4.636023220737438e-5
-4.36936936936937	4.5339448551039404e-5	4.589464204455475e-5
-4.35935935935936	4.489731445304893e-5	4.5437109194599643e-5
-4.34934934934935	4.446259386859384e-5	4.4987446192020073e-5
-4.33933933933934	4.403511929365632e-5	4.454547094309627e-5
-4.32932932932933	4.361472791834043e-5	4.411100655132532e-5
-4.31931931931932	4.3201261463752134e-5	4.36838811475095e-5
-4.3093093093093096	4.279456604217952e-5	4.3263927715415315e-5
-4.2992992992992995	4.2394492005318805e-5	4.2850983944884274e-5
-4.2892892892892895	4.200089381381898e-5	4.244489206611242e-5
-4.2792792792792795	4.161362990178467e-5	4.2045498684522836e-5
-4.2692692692692695	4.12325625449119e-5	4.1652654681189584e-5
-4.2592592592592595	4.0857557741042646e-5	4.126621502546441e-5
-4.2492492492492495	4.048848510191097e-5	4.0886038677410925e-5
-4.2392392392392395	4.0125217720414186e-5	4.051198844880026e-5
-4.2292292292292295	3.9767632069810995e-5	4.014393086747687e-5
-4.2192192192192195	3.941560789716469e-5	3.9781736079435716e-5
-4.2092092092092095	3.9069028126715293e-5	3.9425277716511405e-5
-4.1991991991991995	3.872777874598282e-5	3.907443279589976e-5
-4.1891891891891895	3.839174873628396e-5	3.872908161358087e-5
-4.1791791791791795	3.806082994242112e-5	3.83891076407628e-5
-4.1691691691691695	3.7734917020017716e-5	3.805439741573815e-5
-4.1591591591591595	3.7413907345750626e-5	3.772484046654716e-5
-4.1491491491491495	3.709770090898501e-5	3.7400329198991595e-5
-4.1391391391391394	3.678620026112156e-5	3.708075882849418e-5
-4.129129129129129	3.647931041858597e-5	3.676602727426724e-5
-4.119119119119119	3.617693880436527e-5	3.6456035090827004e-5
-4.109109109109109	3.587899517146164e-5	3.6150685381113515e-5
-4.099099099099099	3.558539151085659e-5	3.5849883725726795e-5
-4.089089089089089	3.529604203115614e-5	3.555353809918622e-5
-4.079079079079079	3.501086306927319e-5	3.526155881464217e-5
-4.069069069069069	3.472977299543985e-5	3.497385842202158e-5
-4.059059059059059	3.445269222044903e-5	3.469035168557711e-5
-4.049049049049049	3.4179543083931856e-5	3.4410955487360115e-5
-4.039039039039039	3.3910249810867175e-5	3.4135588767791076e-5
-4.029029029029029	3.3644738478624536e-5	3.386417247955121e-5
-4.019019019019019	3.3382936935539895e-5	3.359662951810654e-5
-4.009009009009009	3.312477476750805e-5	3.333288466061997e-5
-3.998998998998999	3.287018324071893e-5	3.3072864531155e-5
-3.988988988988989	3.2619095260267225e-5	3.2816497527159735e-5
-3.978978978978979	3.23714453090389e-5	3.2563713768816045e-5
-3.968968968968969	3.2127169437468185e-5	3.231444508076264e-5
-3.958958958958959	3.188620517571235e-5	3.20686248979703e-5
-3.948948948948949	3.164849152179956e-5	3.1826188248610036e-5
-3.938938938938939	3.1413968895197186e-5	3.158707170998361e-5
-3.928928928928929	3.118257909420599e-5	3.1351213354935266e-5
-3.918918918918919	3.095426525754266e-5	3.111855270568509e-5
-3.908908908908909	3.0728971833824916e-5	3.088903071300276e-5
-3.898898898898899	3.050664453612166e-5	3.066258969899481e-5
-3.888888888888889	3.0287230320511022e-5	3.0439173326242994e-5
-3.878878878878879	3.007067732818237e-5	3.0218726551928698e-5
-3.868868868868869	2.985693490070494e-5	3.000119561809634e-5
-3.858858858858859	2.964595348556573e-5	2.978652798528121e-5
-3.848848848848849	2.9437684658708403e-5	2.957467231072581e-5
-3.838838838838839	2.9232081064998715e-5	2.9365578436701922e-5
-3.828828828828829	2.9029096411732384e-5	2.9159197319166215e-5
-3.818818818818819	2.882868541223675e-5	2.895548102872377e-5
-3.808808808808809	2.8630803785540953e-5	2.8754382712897824e-5
-3.798798798798799	2.8435408221276096e-5	2.855585655183757e-5
-3.7887887887887888	2.824245634633801e-5	2.83598577735889e-5
-3.7787787787787788	2.8051906711796014e-5	2.816634256657682e-5
-3.7687687687687688	2.7863718765285162e-5	2.7975268105128883e-5
-3.7587587587587588	2.7677852828897352e-5	2.778659249560416e-5
-3.7487487487487487	2.7494270070624174e-5	2.7600274758039193e-5
-3.7387387387387387	2.731293248619454e-5	2.741627482467769e-5
-3.7287287287287287	2.7133802888902138e-5	2.7234553465385075e-5
-3.7187187187187187	2.695684487026117e-5	2.705507232059011e-5
-3.7087087087087087	2.678202279452588e-5	2.6877793845721147e-5
-3.6986986986986987	2.6609301768893052e-5	2.67026813090359e-5
-3.6886886886886887	2.6438647637678373e-5	2.6529698752039397e-5
-3.6786786786786787	2.6270026942413616e-5	2.635881098473688e-5
-3.6686686686686687	2.610340694134938e-5	2.618998356113657e-5
-3.6586586586586587	2.5938755545371684e-5	2.6023182761168576e-5
-3.6486486486486487	2.577604134382067e-5	2.585837557538139e-5
-3.6386386386386387	2.561523354916417e-5	2.569552967428666e-5
-3.6286286286286287	2.5456302026452135e-5	2.553461341071184e-5
-3.6186186186186187	2.5299217240337904e-5	2.5375595787394202e-5
-3.6086086086086087	2.514395024410474e-5	2.5218446454201738e-5
-3.5985985985985987	2.4990472690317667e-5	2.5063135678936765e-5
-3.5885885885885886	2.4838756796859177e-5	2.4909634335576265e-5
-3.5785785785785786	2.4688775331418457e-5	2.4757913900465826e-5
-3.5685685685685686	2.4540501602947582e-5	2.4607946421725908e-5
-3.5585585585585586	2.4393909464257886e-5	2.445970451895315e-5
-3.5485485485485486	2.4248973269312147e-5	2.431316135561805e-5
-3.5385385385385386	2.4105667882377774e-5	2.4168290640225313e-5
-3.5285285285285286	2.3963968663444853e-5	2.402506661266562e-5
-3.5185185185185186	2.382385144733473e-5	2.3883464008749702e-5
-3.5085085085085086	2.3685292544287566e-5	2.3743458077366562e-5
-3.4984984984984986	2.35482687166165e-5	2.360502455258598e-5
-3.4884884884884886	2.3412757186968116e-5	2.3468139649189896e-5
-3.4784784784784786	2.3278735603904097e-5	2.333278004668087e-5
-3.4684684684684686	2.314618204738306e-5	2.319892287551605e-5
-3.4584584584584586	2.301507502166459e-5	2.3066545713908052e-5
-3.4484484484484486	2.2885393434754053e-5	2.293562658269399e-5
-3.4384384384384385	2.2757116590614478e-5	2.2806143907528087e-5
-3.4284284284284285	2.2630224186518754e-5	2.267807654714794e-5
-3.4184184184184185	2.250469630393791e-5	2.2551403754546535e-5
-3.4084084084084085	2.238051339401716e-5	2.2426105185403893e-5
-3.3983983983983985	2.225765627096033e-5	2.230216087578535e-5
-3.3883883883883885	2.2136106107341385e-5	2.217955124284576e-5
-3.3783783783783785	2.201584442150724e-5	2.2058257071921494e-5
-3.3683683683683685	2.1896853080408077e-5	2.1938259510690693e-5
-3.3583583583583585	2.1779114272776764e-5	2.1819540056556806e-5
-3.3483483483483485	2.1662610519612543e-5	2.1702080554505513e-5
-3.3383383383383385	2.1547324661561902e-5	2.1585863185207957e-5
-3.3283283283283285	2.1433239845722587e-5	2.1470870463452206e-5
-3.3183183183183185	2.1320339528919946e-5	2.1357085215395347e-5
-3.3083083083083085	2.1208607461863693e-5	2.1244490595821267e-5
-3.2982982982982985	2.1098027691703572e-5	2.1133070054031958e-5
-3.2882882882882885	2.0988584547165697e-5	2.102280735743532e-5
-3.2782782782782784	2.0880262638051647e-5	2.0913686554128318e-5
-3.2682682682682684	2.0773046849045672e-5	2.0805691984373788e-5
-3.2582582582582584	2.066692232343032e-5	2.0698808271505455e-5
-3.2482482482482484	2.0561874482509692e-5	2.059302031791474e-5
-3.2382382382382384	2.0457888986814698e-5	2.0488313295368877e-5
-3.2282282282282284	2.0354951758014867e-5	2.03846726325789e-5
-3.2182182182182184	2.0253048960585668e-5	2.0282084025001058e-5
-3.2082082082082084	2.0152166999909106e-5	2.018053341873243e-5
-3.1981981981981984	2.0052292515626413e-5	2.008000700688535e-5
-3.1881881881881884	1.9953412380876995e-5	1.9980491225300537e-5
-3.1781781781781784	1.98555136871156e-5	1.988197274742604e-5
-3.1681681681681684	1.9758583755203647e-5	1.9784438479413056e-5
-3.1581581581581584	1.9662610121393812e-5	1.968787555919995e-5
-3.1481481481481484	1.9567580525594387e-5	1.9592271334706217e-5
-3.1381381381381384	1.947348292529166e-5	1.9497613386000832e-5
-3.1281281281281283	1.938030547681976e-5	1.9403889497102565e-5
-3.118118118118118	1.9288036536996765e-5	1.9311087670124658e-5
-3.108108108108108	1.919666465510808e-5	1.9219196100607893e-5
-3.098098098098098	1.910617857809499e-5	1.912820319848285e-5
-3.088088088088088	1.901656723357407e-5	1.903809756057079e-5
-3.078078078078078	1.8927819734596903e-5	1.894886797250959e-5
-3.068068068068068	1.8839925378415236e-5	1.8860503418403578e-5
-3.058058058058058	1.87528736296362e-5	1.8772993064765666e-5
-3.048048048048048	1.866665414049948e-5	1.8686326255442618e-5
-3.038038038038038	1.858125671836458e-5	1.8600492515427504e-5
-3.028028028028028	1.8496671345260305e-5	1.851548154322015e-5
-3.018018018018018	1.84128881596448e-5	1.843128320395222e-5
-3.008008008008008	1.8329897467041665e-5	1.8347887532665765e-5
-2.997997997997998	1.824768972400045e-5	1.826528472867835e-5
-2.987987987987988	1.8166255543926072e-5	1.81834651487892e-5
-2.977977977977978	1.8085585688664116e-5	1.8102419309539324e-5
-2.967967967967968	1.8005671069122107e-5	1.802213788385971e-5
-2.957957957957958	1.7926502740240725e-5	1.7942611691218773e-5
-2.947947947947948	1.784807189871587e-5	1.786383170094537e-5
-2.937937937937938	1.7770369881231225e-5	1.7785789025086126e-5
-2.9279279279279278	1.7693388161674655e-5	1.7708474925712225e-5
-2.9179179179179178	1.761711834590865e-5	1.763188079651484e-5
-2.9079079079079078	1.7541552177050476e-5	1.7555998174135683e-5
-2.8978978978978978	1.7466681519348966e-5	1.748081872502816e-5
-2.8878878878878878	1.7392498367525493e-5	1.7406334251550516e-5
-2.8778778778778777	1.731899484213223e-5	1.733253667895418e-5
-2.8678678678678677	1.724616318155665e-5	1.7259418070842175e-5
-2.8578578578578577	1.7173995749030956e-5	1.7186970603345686e-5
-2.8478478478478477	1.7102485021706168e-5	1.7115186579645683e-5
-2.8378378378378377	1.703162359295532e-5	1.704405842548753e-5
-2.8278278278278277	1.6961404165820402e-5	1.6973578676997168e-5
-2.8178178178178177	1.689181956105594e-5	1.690373999486155e-5
-2.8078078078078077	1.6822862705467078e-5	1.6834535144512368e-5
-2.7977977977977977	1.675452663282757e-5	1.676595701069711e-5
-2.7877877877877877	1.6686804479463174e-5	1.669799857834262e-5
-2.7777777777777777	1.6619689488001755e-5	1.663065294430438e-5
-2.7677677677677677	1.65531750038174e-5	1.6563913311835716e-5
-2.7577577577577577	1.6487254465238767e-5	1.649777298522635e-5
-2.7477477477477477	1.6421921416432358e-5	1.643222536803018e-5
-2.7377377377377377	1.635716949258604e-5	1.636726396746682e-5
-2.7277277277277276	1.6292992422656392e-5	1.630288238788474e-5
-2.7177177177177176	1.622938403296629e-5	1.6239074325819244e-5
-2.7077077077077076	1.6166338234093275e-5	1.6175833574151257e-5
-2.6976976976976976	1.6103849031609434e-5	1.611315401915305e-5
-2.6876876876876876	1.6041910515974474e-5	1.6051029636562463e-5
-2.6776776776776776	1.5980516863538764e-5	1.5989454491509446e-5
-2.6676676676676676	1.591966233760832e-5	1.59284227378405e-5
-2.6576576576576576	1.5859341282418536e-5	1.5867928615876583e-5
-2.6476476476476476	1.579954812571583e-5	1.580796644320408e-5
-2.6376376376376376	1.5740277374262297e-5	1.5748530631473625e-5
-2.6276276276276276	1.568152361612765e-5	1.5689615667554307e-5
-2.6176176176176176	1.562328151198413e-5	1.5631216119108144e-5
-2.6076076076076076	1.556554580695594e-5	1.5573326630611706e-5
-2.5975975975975976	1.5508311309714106e-5	1.5515941930555258e-5
-2.5875875875875876	1.5451572914272523e-5	1.5459056815106543e-5
-2.5775775775775776	1.5395325580676633e-5	1.54026661626869e-5
-2.5675675675675675	1.5339564341468074e-5	1.5346764920100427e-5
-2.5575575575575575	1.5284284297189195e-5	1.5291348106961178e-5
-2.5475475475475475	1.5229480620625293e-5	1.5236410814401455e-5
-2.5375375375375375	1.5175148553207793e-5	1.518194820566502e-5
-2.5275275275275275	1.5121283395742276e-5	1.5127955508579126e-5
-2.5175175175175175	1.5067880522881796e-5	1.507442802094428e-5
-2.5075075075075075	1.5014935366514056e-5	1.5021361105930565e-5
-2.4974974974974975	1.496244343024805e-5	1.4968750191852181e-5
-2.4874874874874875	1.4910400272831891e-5	1.4916590769650731e-5
-2.4774774774774775	1.4858801514273594e-5	1.4864878395109417e-5
-2.4674674674674675	1.480764283963188e-5	1.4813608687445264e-5
-2.4574574574574575	1.4756919987602552e-5	1.4762777322877547e-5
-2.4474474474474475	1.470662875960612e-5	1.4712380041423433e-5
-2.4374374374374375	1.4656765013299963e-5	1.4662412635725281e-5
-2.4274274274274275	1.4607324661324188e-5	1.4612870965619801e-5
-2.4174174174174174	1.4558303672605034e-5	1.4563750937792603e-5
-2.4074074074074074	1.4509698070742944e-5	1.4515048523994406e-5
-2.3973973973973974	1.446150393268231e-5	1.4466759746372102e-5
-2.3873873873873874	1.441371738906999e-5	1.4418880678861663e-5
-2.3773773773773774	1.4366334622538907e-5	1.4371407455680412e-5
-2.3673673673673674	1.4319351862771463e-5	1.4324336256455435e-5
-2.3573573573573574	1.4272765396857127e-5	1.427766331914038e-5
-2.3473473473473474	1.4226571558428132e-5	1.4231384926563261e-5
-2.3373373373373374	1.4180766726932327e-5	1.4185497414522791e-5
-2.3273273273273274	1.413534733503009e-5	1.4139997169337238e-5
-2.3173173173173174	1.4090309857743256e-5	1.409488061948962e-5
-2.3073073073073074	1.4045650817089274e-5	1.4050144249985757e-5
-2.2972972972972974	1.400136678753209e-5	1.4005784587186545e-5
-2.2872872872872874	1.3957454380705752e-5	1.396179820218287e-5
-2.2772772772772774	1.3913910257369971e-5	1.3918181717997398e-5
-2.2672672672672673	1.3870731117451217e-5	1.3874931796310906e-5
-2.2572572572572573	1.3827913710663149e-5	1.3832045145395928e-5
-2.2472472472472473	1.3785454822345003e-5	1.3789518516383489e-5
-2.2372372372372373	1.3743351283122017e-5	1.3747348704280885e-5
-2.2272272272272273	1.3701599965940008e-5	1.37055325427508e-5
-2.2172172172172173	1.3660197779820087e-5	1.3664066909850575e-5
-2.2072072072072073	1.361914167833323e-5	1.3622948725480048e-5
-2.1971971971971973	1.3578428651647361e-5	1.3582174945708971e-5
-2.1871871871871873	1.3538055728405541e-5	1.3541742569445039e-5
-2.1771771771771773	1.349801997904789e-5	1.3501648633578679e-5
-2.1671671671671673	1.34583185036188e-5	1.3461890211632442e-5
-2.1571571571571573	1.3418948450760652e-5	1.3422464417357418e-5
-2.1471471471471473	1.33799069943021e-5	1.3383368401006579e-5
-2.1371371371371373	1.334119135051552e-5	1.3344599348148381e-5
-2.1271271271271273	1.3302798769667537e-5	1.330615448148202e-5
-2.1171171171171173	1.3264726535610752e-5	1.326803106021274e-5
-2.1071071071071072	1.3226971968371143e-5	1.3230226376396743e-5
-2.0970970970970972	1.3189532420749643e-5	1.3192737758109124e-5
-2.0870870870870872	1.3152405277533833e-5	1.3155562567284336e-5
-2.0770770770770772	1.3115587960815586e-5	1.3118698199340949e-5
-2.067067067067067	1.3079077920485817e-5	1.3082142081458318e-5
-2.057057057057057	1.3042872639834145e-5	1.3045891675144706e-5
-2.047047047047047	1.3006969635999255e-5	1.3009944472781429e-5
-2.037037037037037	1.2971366453508355e-5	1.2974298000056478e-5
-2.027027027027027	1.2936060668181653e-5	1.2938949810340135e-5
-2.017017017017017	1.29010498892473e-5	1.2903897491751653e-5
-2.007007007007007	1.2866331752048874e-5	1.2869138659378162e-5
-1.996996996996997	1.2831903921425284e-5	1.2834670960252701e-5
-1.986986986986987	1.2797764095028628e-5	1.2800492070135033e-5
-1.976976976976977	1.2763909993892458e-5	1.2766599693522084e-5
-1.966966966966967	1.2730339369361423e-5	1.2732991564483509e-5
-1.956956956956957	1.2697050003703822e-5	1.269966544209178e-5
-1.946946946946947	1.266403969975699e-5	1.2666619118816437e-5
-1.936936936936937	1.2631306292862817e-5	1.2633850409351107e-5
-1.926926926926927	1.259884764345688e-5	1.2601357156754802e-5
-1.916916916916917	1.2566661636646132e-5	1.2569137232694299e-5
-1.906906906906907	1.2534746184834886e-5	1.253718853192395e-5
-1.896896896896897	1.2503099226331575e-5	1.2505508979162028e-5
-1.8868868868868869	1.2471718723797662e-5	1.2474096520308108e-5
-1.8768768768768769	1.2440602665515131e-5	1.2442949129441369e-5
-1.8668668668668669	1.2409749061894518e-5	1.2412064804338678e-5
-1.8568568568568569	1.237915595005249e-5	1.2381441568509846e-5
-1.8468468468468469	1.2348821391371211e-5	1.2351077466976172e-5
-1.8368368368368369	1.2318743469173276e-5	1.232097057209864e-5
-1.8268268268268268	1.2288920288497053e-5	1.229111897666445e-5
-1.8168168168168168	1.225934998041812e-5	1.2261520798693547e-5
-1.8068068068068068	1.2230030698160678e-5	1.2232174177808311e-5
-1.7967967967967968	1.220096061679317e-5	1.2203077278114031e-5
-1.7867867867867868	1.217213793136174e-5	1.2174228283591648e-5
-1.7767767767767768	1.2143560861100349e-5	1.2145625402220911e-5
-1.7667667667667668	1.2115227646358509e-5	1.2117266861855917e-5
-1.7567567567567568	1.2087136548227364e-5	1.2089150915429319e-5
-1.7467467467467468	1.2059285848619442e-5	1.2061275830990827e-5
-1.7367367367367368	1.2031673850268313e-5	1.2033639903495318e-5
-1.7267267267267268	1.2004298875537104e-5	1.2006241445009515e-5
-1.7167167167167168	1.1977159268665602e-5	1.1979078789875464e-5
-1.7067067067067068	1.1950253391878627e-5	1.1952150290097684e-5
-1.6966966966966968	1.1923579628217704e-5	1.1925454321324604e-5
-1.6866866866866868	1.1897136379924977e-5	1.1898989274369602e-5
-1.6766766766766767	1.1870922068223568e-5	1.187275356286703e-5
-1.6666666666666667	1.184493513174543e-5	1.1846745617178669e-5
-1.6566566566566567	1.1819174030702045e-5	1.1820963888298966e-5
-1.6466466466466467	1.1793637241557457e-5	1.1795406845075873e-5
-1.6366366366366367	1.1768323259006221e-5	1.1770072973804031e-5
-1.6266266266266267	1.1743230596245784e-5	1.174496078208645e-5
-1.6166166166166167	1.1718357785317924e-5	1.1720068790421208e-5
-1.6066066066066067	1.1693703373336567e-5	1.1695395541996543e-5
-1.5965965965965967	1.1669265927834108e-5	1.1670939594720052e-5
-1.5865865865865867	1.1645044029751793e-5	1.1646699524001268e-5
-1.5765765765765767	1.162103627971221e-5	1.1622673922863324e-5
-1.5665665665665667	1.1597241293995475e-5	1.1598861401660903e-5
-1.5565565565565564	1.1573657706318186e-5	1.1575260586931812e-5
-1.5465465465465464	1.155028416460233e-5	1.1551870120509984e-5
-1.5365365365365364	1.152711933470047e-5	1.1528688661440755e-5
-1.5265265265265264	1.1504161898607156e-5	1.1505714885790316e-5
-1.5165165165165164	1.148141055211544e-5	1.1482947485098808e-5
-1.5065065065065064	1.145886400945299e-5	1.1460385164687286e-5
-1.4964964964964964	1.1436520996796386e-5	1.143802664845664e-5
-1.4864864864864864	1.141438025849275e-5	1.1415870672274392e-5
-1.4764764764764764	1.1392440550823883e-5	1.1393915989501226e-5
-1.4664664664664664	1.1370700648817559e-5	1.1372161369150858e-5
-1.4564564564564564	1.1349159339381605e-5	1.1350605591074108e-5
-1.4464464464464464	1.1327815424124275e-5	1.1329247454460917e-5
-1.4364364364364364	1.1306667720197745e-5	1.1308085770936173e-5
-1.4264264264264264	1.1285715057759961e-5	1.128711936541869e-5
-1.4164164164164164	1.1264956281224226e-5	1.1266347078851674e-5
-1.4064064064064064	1.124439025050816e-5	1.124576776450604e-5
-1.3963963963963963	1.1224015835568201e-5	1.122538028931658e-5
-1.3863863863863863	1.1203831923907622e-5	1.1205183536465662e-5
-1.3763763763763763	1.1183837413818945e-5	1.1185176399946715e-5
-1.3663663663663663	1.1164031217925072e-5	1.1165357788215083e-5
-1.3563563563563563	1.1144412262356396e-5	1.1145726623183874e-5
-1.3463463463463463	1.1124979484985055e-5	1.11262818384879e-5
-1.3363363363363363	1.110573183668745e-5	1.110702238262573e-5
-1.3263263263263263	1.1086668281981059e-5	1.1087947215313213e-5
-1.3163163163163163	1.1067787797460651e-5	1.1069055309748332e-5
-1.3063063063063063	1.104908937242147e-5	1.1050345651373071e-5
-1.2962962962962963	1.1030572007694374e-5	1.10318172381818e-5
-1.2862862862862863	1.1012234716803664e-5	1.1013469080193736e-5
-1.2762762762762763	1.0994076525365367e-5	1.0995300198822456e-5
-1.2662662662662663	1.0976096470336752e-5	1.097730962895735e-5
-1.2562562562562563	1.0958293601918762e-5	1.0959496416361146e-5
-1.2462462462462462	1.0940666979852926e-5	1.0941859619386702e-5
-1.2362362362362362	1.0923215676768988e-5	1.0924398306113626e-5
-1.2262262262262262	1.0905938776756745e-5	1.0907111558909469e-5
-1.2162162162162162	1.0888835374240068e-5	1.08899984688394e-5
-1.2062062062062062	1.0871904576342862e-5	1.0873058140066682e-5
-1.1961961961961962	1.0855145500336411e-5	1.085628968709239e-5
-1.1861861861861862	1.0838557273715079e-5	1.0839692235391888e-5
-1.1761761761761762	1.0822139036626183e-5	1.0823264922089482e-5
-1.1661661661661662	1.0805889939338325e-5	1.0807006894563388e-5
-1.1561561561561562	1.0789809141514268e-5	1.0790917310156387e-5
-1.1461461461461462	1.0773895814943526e-5	1.0774995338523787e-5
-1.1361361361361362	1.0758149140154337e-5	1.0759240158623111e-5
-1.1261261261261262	1.0742568310141856e-5	1.0743650959755345e-5
-1.1161161161161162	1.0727152527743724e-5	1.0728226942950895e-5
-1.1061061061061062	1.071190100409435e-5	1.0712967316922907e-5
-1.0960960960960962	1.069681296186898e-5	1.069787130283983e-5
-1.0860860860860861	1.0681887633087256e-5	1.0682938130921137e-5
-1.0760760760760761	1.066712426154246e-5	1.0668167041363077e-5
-1.0660660660660661	1.0652522097778082e-5	1.06535572839679e-5
-1.0560560560560561	1.0638080403829662e-5	1.0639108118955747e-5
-1.0460460460460461	1.0623798451222153e-5	1.0624818814437206e-5
-1.0360360360360361	1.0609675520138573e-5	1.0610688650487472e-5
-1.026026026026026	1.0595710901855694e-5	1.0596716915468619e-5
-1.016016016016016	1.0581903895059915e-5	1.0582902906922627e-5
-1.006006006006006	1.0568253809141428e-5	1.0569245931883917e-5
-0.995995995995996	1.0554759961308307e-5	1.0555745306872863e-5
-0.985985985985986	1.0541421679246211e-5	1.0542400357017725e-5
-0.975975975975976	1.0528238298887028e-5	1.0529210417183884e-5
-0.965965965965966	1.0515209165763923e-5	1.0516174830437271e-5
-0.955955955955956	1.0502333633585206e-5	1.0503292949829025e-5
-0.9459459459459459	1.0489611064148243e-5	1.0490564135707354e-5
-0.9359359359359359	1.0477040829957459e-5	1.0477987758058041e-5
-0.9259259259259259	1.0464622310591838e-5	1.046556319616876e-5
-0.9159159159159159	1.0452354894712169e-5	1.0453289836575604e-5
-0.9059059059059059	1.0440237979550086e-5	1.0441167075744311e-5
-0.8958958958958959	1.042827097082877e-5	1.0429194316835944e-5
-0.8858858858858859	1.0416453281550468e-5	1.0417370974074336e-5
-0.8758758758758759	1.0404784334814797e-5	1.0405696466358162e-5
-0.8658658658658659	1.0393263560750756e-5	1.0394170224427948e-5
-0.8558558558558559	1.0381890398188104e-5	1.0382791684732804e-5
-0.8458458458458459	1.0370664293385798e-5	1.0371560293556376e-5
-0.8358358358358359	1.0359584701754159e-5	1.0360475503922608e-5
-0.8258258258258259	1.0348651084884803e-5	1.0349536777641797e-5
-0.8158158158158159	1.0337862914494875e-5	1.03387435838375e-5
-0.8058058058058059	1.0327219668545348e-5	1.0328095400069356e-5
-0.7957957957957958	1.031672083346855e-5	1.0317591711758705e-5
-0.7857857857857858	1.0306365903204557e-5	1.0307232012267171e-5
-0.7757757757757757	1.0296154379293348e-5	1.0297015801305637e-5
-0.7657657657657657	1.0286085771614972e-5	1.0286942587829588e-5
-0.7557557557557557	1.0276159596329937e-5	1.0277011888035652e-5
-0.7457457457457457	1.0266375378591165e-5	1.0267223224366194e-5
-0.7357357357357357	1.0256732649861006e-5	1.0257576128663157e-5
-0.7257257257257257	1.0247230949029046e-5	1.0248070139354439e-5
-0.7157157157157157	1.0237869824020816e-5	1.023870480201236e-5
-0.7057057057057057	1.0228648827665958e-5	1.0229479669703276e-5
-0.6956956956956957	1.0219567521917263e-5	1.0220394303208435e-5
-0.6856856856856857	1.021062547491153e-5	1.021144826918928e-5
-0.6756756756756757	1.0201822261939577e-5	1.02026411440676e-5
-0.6656656656656657	1.0193157466566649e-5	1.0193972508473347e-5
-0.6556556556556556	1.0184630678692479e-5	1.0185441952429302e-5
-0.6456456456456456	1.0176241494636295e-5	1.0177049071218786e-5
-0.6356356356356356	1.016798951829226e-5	1.0168793469193573e-5
-0.6256256256256256	1.0159874361159351e-5	1.0160674754957703e-5
-0.6156156156156156	1.0151895640044709e-5	1.0152692547033842e-5
-0.6056056056056056	1.0144052980405822e-5	1.0144846469134911e-5
-0.5955955955955956	1.0136346013337415e-5	1.0137136150681381e-5
-0.5855855855855856	1.0128774377255116e-5	1.0129561230956618e-5
-0.5755755755755756	1.012133771716842e-5	1.0122121353708558e-5
-0.5655655655655656	1.011403568391297e-5	1.0114816169603388e-5
-0.5555555555555556	1.0106867937182316e-5	1.0107645336827514e-5
-0.5455455455455456	1.0099834141616207e-5	1.0100608519509523e-5
-0.5355355355355356	1.0092933968170503e-5	1.0093705389306488e-5
-0.5255255255255256	1.0086167095507932e-5	1.0086935623481067e-5
-0.5155155155155156	1.0079533208459683e-5	1.0080298906470418e-5
-0.5055055055055055	1.0073031997970964e-5	1.0073794928502211e-5
-0.4954954954954955	1.0066663161990623e-5	1.006742338681848e-5
-0.4854854854854855	1.00604264039532e-5	1.0061183985724651e-5
-0.4754754754754755	1.0054321435551598e-5	1.0055076434356983e-5
-0.46546546546546547	1.0048347972764487e-5	1.0049100449831404e-5
-0.45545545545545546	1.0042505739287002e-5	1.004325575422875e-5
-0.44544544544544545	1.003679446466057e-5	1.0037542077285043e-5
-0.43543543543543545	1.003121388447078e-5	1.003195915414671e-5
-0.42542542542542544	1.0025763741030098e-5	1.0026506726837855e-5
-0.41541541541541543	1.0020443782570629e-5	1.0021184543005022e-5
-0.40540540540540543	1.0015253763364932e-5	1.0015992356602497e-5
-0.3953953953953954	1.0010193444466131e-5	1.0010929928411736e-5
-0.38538538538538536	1.0005262592945154e-5	1.0005997024055794e-5
-0.37537537537537535	1.000046098162333e-5	1.0001193417626822e-5
-0.36536536536536535	9.995788389751815e-6	9.996518887033166e-6
-0.35535535535535534	9.991244602301075e-6	9.991973216959402e-6
-0.34534534534534533	9.986829410971841e-6	9.987556198765838e-6
-0.3353353353353353	9.982542612039265e-6	9.9832676293389e-6
-0.3253253253253253	9.978384009925522e-6	9.979107311438722e-6
-0.3153153153153153	9.974353413707207e-6	9.975075054659e-6
-0.3053053053053053	9.970450638690012e-6	9.971170673444282e-6
-0.2952952952952953	9.966675505700325e-6	9.967393989495821e-6
-0.2852852852852853	9.96302784288465e-6	9.963744829126818e-6
-0.2752752752752753	9.959507482447906e-6	9.960223025451918e-6
-0.2652652652652653	9.95611426379137e-6	9.956828417187104e-6
-0.2552552552552553	9.952848032146683e-6	9.953560849512502e-6
-0.24524524524524524	9.949708638160236e-6	9.950420172434495e-6
-0.23523523523523523	9.94669593820348e-6	9.94740624220882e-6
-0.22522522522522523	9.943809795294771e-6	9.944518922487722e-6
-0.21521521521521522	9.941050077418595e-6	9.941758079858436e-6
-0.20520520520520522	9.938416659010435e-6	9.939123589001316e-6
-0.19519519519519518	9.935909419833514e-6	9.936615330232942e-6
-0.18518518518518517	9.933528246257928e-6	9.934233188674242e-6
-0.17517517517517517	9.931273028921473e-6	9.931977055690488e-6
-0.16516516516516516	9.929143665902311e-6	9.929846828177184e-6
-0.15515515515515516	9.927140060281435e-6	9.927842409678642e-6
-0.14514514514514515	9.925262120324016e-6	9.925963708570892e-6
-0.13513513513513514	9.923509760941618e-6	9.924210639413776e-6
-0.12512512512512514	9.921882902882734e-6	9.922583122585267e-6
-0.11511511511511512	9.920381471761314e-6	9.921081083424167e-6
-0.10510510510510511	9.919005399146388e-6	9.919704454540307e-6
-0.09509509509509509	9.91775462293436e-6	9.918453172302287e-6
-0.08508508508508508	9.916629086117755e-6	9.917327180713625e-6
-0.07507507507507508	9.91562873750251e-6	9.916326428022502e-6
-0.06506506506506507	9.91475353215198e-6	9.915450868833192e-6
-0.055055055055055056	9.914003429785402e-6	9.914700463502013e-6
-0.04504504504504504	9.913378396011437e-6	9.914075178040603e-6
-0.035035035035035036	9.912878403512641e-6	9.913574983301961e-6
-0.025025025025025027	9.91250342907323e-6	9.913199857337189e-6
-0.015015015015015015	9.912253455219526e-6	9.912949782595755e-6
-0.005005005005005005	9.91212847136738e-6	9.912824748405117e-6
0.005005005005005005	9.912128471478406e-6	9.912824748183072e-6
0.015015015015015015	9.912253455441575e-6	9.91294978303985e-6
0.025025025025025027	9.912503428740177e-6	9.913199857226183e-6
0.035035035035035036	9.912878403623652e-6	9.913574983190949e-6
0.04504504504504504	9.913378396011434e-6	9.914075177818598e-6
0.055055055055055056	9.9140034296744e-6	9.91470046350202e-6
0.06506506506506507	9.914753531929938e-6	9.915450869055211e-6
0.07507507507507508	9.915628737613531e-6	9.91632642813355e-6
0.08508508508508508	9.916629086117867e-6	9.917327180824524e-6
0.09509509509509509	9.917754622712334e-6	9.918453172524189e-6
0.10510510510510511	9.919005399146289e-6	9.919704454318265e-6
0.11511511511511512	9.920381471761348e-6	9.92108108342418e-6
0.12512512512512514	9.921882903104836e-6	9.92258312247425e-6
0.13513513513513514	9.92350976116354e-6	9.92421063952489e-6
0.14514514514514515	9.92526212032399e-6	9.925963708237984e-6
0.15515515515515516	9.92714006017005e-6	9.927842409789702e-6
0.16516516516516516	9.929143666124525e-6	9.92984682795513e-6
0.17517517517517517	9.931273028810847e-6	9.93197705513572e-6
0.18518518518518517	9.933528245813688e-6	9.934233188785725e-6
0.19519519519519518	9.935909420055613e-6	9.936615330455527e-6
0.20520520520520522	9.938416659121243e-6	9.939123589334929e-6
0.21521521521521522	9.941050077752715e-6	9.94175808019123e-6
0.22522522522522523	9.943809795295034e-6	9.944518922487034e-6
0.23523523523523523	9.946695938203549e-6	9.947406242209117e-6
0.24524524524524524	9.949708638160593e-6	9.950420172101237e-6
0.2552552552552553	9.952848032480266e-6	9.953560849179367e-6
0.2652652652652653	9.956114263902758e-6	9.956828417298406e-6
0.2752752752752753	9.959507482558825e-6	9.960223025563088e-6
0.2852852852852853	9.963027842662081e-6	9.963744829127417e-6
0.2952952952952953	9.966675506033762e-6	9.96739398938465e-6
0.3053053053053053	9.970450638689455e-6	9.971170673444253e-6
0.3153153153153153	9.974353413817759e-6	9.975075054548231e-6
0.3253253253253253	9.978384010258987e-6	9.979107311216695e-6
0.3353353353353353	9.982542612372467e-6	9.98326762922713e-6
0.34534534534534533	9.98682941063839e-6	9.987556198432173e-6
0.35535535535535534	9.991244602523359e-6	9.991973216848125e-6
0.36536536536536535	9.99578838997367e-6	9.996518886367366e-6
0.37537537537537535	1.000046098173469e-5	1.0001193417516417e-5
0.38538538538538536	1.0005262593166988e-5	1.0005997024056295e-5
0.3953953953953954	1.0010193444910881e-5	1.0010929927856686e-5
0.40540540540540543	1.0015253763587209e-5	1.0015992356602662e-5
0.41541541541541543	1.0020443782126838e-5	1.0021184542671676e-5
0.42542542542542544	1.0025763740808773e-5	1.0026506727059481e-5
0.43543543543543545	1.0031213885026079e-5	1.0031959154480039e-5
0.44544544544544545	1.0036794464771715e-5	1.0037542077840696e-5
0.45545545545545546	1.0042505739507872e-5	1.004325575445064e-5
0.46546546546546547	1.004834797309772e-5	1.0049100449610738e-5
0.4754754754754755	1.0054321435440015e-5	1.005507643446701e-5
0.4854854854854855	1.0060426404398571e-5	1.0061183985613041e-5
0.4954954954954955	1.0066663161657832e-5	1.0067423387263002e-5
0.5055055055055055	1.0073031997860877e-5	1.0073794928391768e-5
0.5155155155155156	1.0079533208459282e-5	1.0080298906803619e-5
0.5255255255255256	1.0086167095507164e-5	1.0086935623594066e-5
0.5355355355355356	1.0092933968172325e-5	1.0093705389528192e-5
0.5455455455455456	1.0099834141394731e-5	1.0100608519508791e-5
0.5555555555555556	1.0106867937513916e-5	1.0107645336939042e-5
0.5655655655655656	1.0114035684247514e-5	1.0114816169602131e-5
0.5755755755755756	1.0121337716835864e-5	1.0122121353264435e-5
0.5855855855855856	1.01287743771441e-5	1.0129561230956446e-5
0.5955955955955956	1.0136346013338581e-5	1.0137136150458523e-5
0.6056056056056056	1.0144052980739018e-5	1.0144846468688784e-5
0.6156156156156156	1.0151895640154274e-5	1.0152692546924764e-5
0.6256256256256256	1.015987436093755e-5	1.0160674755178522e-5
0.6356356356356356	1.0167989518290295e-5	1.0168793468749032e-5
0.6456456456456456	1.017624149452528e-5	1.017704907166185e-5
0.6556556556556556	1.0184630678578131e-5	1.0185441952208857e-5
0.6656656656656657	1.0193157466899848e-5	1.0193972508251076e-5
0.6756756756756757	1.0201822262272471e-5	1.0202641143623848e-5
0.6856856856856857	1.0210625474690633e-5	1.0211448269746632e-5
0.6956956956956957	1.0219567521473975e-5	1.022039430309766e-5
0.7057057057057057	1.0228648827555064e-5	1.022947966959335e-5
0.7157157157157157	1.0237869824134251e-5	1.023870480234675e-5
0.7257257257257257	1.0247230949362313e-5	1.0248070139575955e-5
0.7357357357357357	1.0256732649530668e-5	1.0257576128777534e-5
0.7457457457457457	1.0266375378482378e-5	1.0267223224475408e-5
0.7557557557557557	1.0276159596329148e-5	1.0277011887703788e-5
0.7657657657657657	1.0286085771281141e-5	1.02869425881616e-5
0.7757757757757757	1.0296154379292484e-5	1.0297015801754546e-5
0.7857857857857858	1.0306365903206447e-5	1.0307232012043774e-5
0.7957957957957958	1.0316720833577968e-5	1.0317591712089316e-5
0.8058058058058059	1.0327219668545423e-5	1.03280954006249e-5
0.8158158158158159	1.0337862914604078e-5	1.0338743583727627e-5
0.8258258258258259	1.034865108510743e-5	1.0349536777193746e-5
0.8358358358358359	1.0359584701425203e-5	1.0360475504144229e-5
0.8458458458458459	1.0370664293721064e-5	1.0371560293890959e-5
0.8558558558558559	1.0381890397853563e-5	1.038279168517725e-5
0.8658658658658659	1.0393263560754103e-5	1.0394170224205399e-5
0.8758758758758759	1.040478433481397e-5	1.040569646680563e-5
0.8858858858858859	1.0416453281218786e-5	1.041737097363321e-5
0.8958958958958959	1.0428270970607122e-5	1.0429194316947573e-5
0.9059059059059059	1.0440237979439755e-5	1.0441167075414053e-5
0.9159159159159159	1.0452354894599195e-5	1.0453289836910023e-5
0.9259259259259259	1.0464622310705243e-5	1.0465563196389684e-5
0.9359359359359359	1.0477040829956063e-5	1.0477987758167797e-5
0.9459459459459459	1.0489611064261881e-5	1.0490564135372305e-5
0.955955955955956	1.0502333633253293e-5	1.0503292949719923e-5
0.965965965965966	1.051520916610057e-5	1.0516174830658025e-5
0.975975975975976	1.052823829910835e-5	1.0529210417187204e-5
0.985985985985986	1.0541421679134843e-5	1.0542400357241786e-5
0.995995995995996	1.0554759961200096e-5	1.0555745307313055e-5
1.006006006006006	1.056825380880991e-5	1.0569245932107727e-5
1.016016016016016	1.058190389484253e-5	1.0582902906924911e-5
1.026026026026026	1.0595710901751311e-5	1.0596716915581884e-5
1.0360360360360361	1.0609675520472065e-5	1.0610688650813434e-5
1.0460460460460461	1.0623798451112507e-5	1.0624818814217654e-5
1.0560560560560561	1.0638080403835686e-5	1.0639108118733585e-5
1.0660660660660661	1.0652522097667514e-5	1.0653557283966301e-5
1.0760760760760761	1.0667124261434948e-5	1.0668167041143003e-5
1.0860860860860861	1.0681887633644826e-5	1.0682938131029171e-5
1.0960960960960962	1.0696812961871935e-5	1.0697871302955e-5
1.1061061061061062	1.071190100398994e-5	1.0712967317033985e-5
1.1161161161161162	1.0727152527639057e-5	1.0728226942838692e-5
1.1261261261261262	1.0742568310362007e-5	1.074365095997681e-5
1.1361361361361362	1.075814914005303e-5	1.07592401585132e-5
1.1461461461461462	1.0773895814276082e-5	1.0774995338737158e-5
1.1561561561561562	1.0789809141405617e-5	1.0790917309936942e-5
1.1661661661661662	1.0805889939231707e-5	1.0807006894895374e-5
1.1761761761761762	1.0822139037295199e-5	1.0823264922090119e-5
1.1861861861861862	1.0838557273823364e-5	1.0839692235609921e-5
1.1961961961961962	1.085514550000727e-5	1.085628968720668e-5
1.2062062062062062	1.0871904576232041e-5	1.0873058139960075e-5
1.2162162162162162	1.0888835374577055e-5	1.088999846884333e-5
1.2262262262262262	1.090593877642106e-5	1.0907111558795366e-5
1.2362362362362362	1.0923215676440768e-5	1.0924398306564347e-5
1.2462462462462462	1.0940666979858971e-5	1.0941859619053252e-5
1.2562562562562563	1.0958293602362341e-5	1.0959496416584047e-5
1.2662662662662663	1.0976096470451408e-5	1.0977309628838871e-5
1.2762762762762763	1.099407652570284e-5	1.0995300198483802e-5
1.2862862862862863	1.1012234716919472e-5	1.1013469079751105e-5
1.2962962962962963	1.1030572008034964e-5	1.1031817238629107e-5
1.3063063063063063	1.1049089372538484e-5	1.1050345651702999e-5
1.3163163163163163	1.1067787798242832e-5	1.1069055309850126e-5
1.3263263263263263	1.1086668282104063e-5	1.1087947215531599e-5
1.3363363363363363	1.1105731836355734e-5	1.1107022382391526e-5
1.3463463463463463	1.1124979484320541e-5	1.1126281838818735e-5
1.3563563563563563	1.1144412262256094e-5	1.1145726622622468e-5
1.3663663663663663	1.1164031218486765e-5	1.1165357788204797e-5
1.3763763763763763	1.1183837414152515e-5	1.1185176399604063e-5
1.3863863863863863	1.1203831924151652e-5	1.1205183536451459e-5
1.3963963963963963	1.1224015835801459e-5	1.1225380289524924e-5
1.4064064064064064	1.124439025062062e-5	1.1245767764165312e-5
1.4164164164164164	1.126495628156513e-5	1.126634707840411e-5
1.4264264264264264	1.1285715057770966e-5	1.1287119365852593e-5
1.4364364364364364	1.1306667720310204e-5	1.1308085770817954e-5
1.4464464464464464	1.1327815424690925e-5	1.1329247454560097e-5
1.4564564564564564	1.1349159339056842e-5	1.1350605591287891e-5
1.4664664664664664	1.137070064938932e-5	1.1372161368590523e-5
1.4764764764764764	1.1392440550837774e-5	1.1393915989707172e-5
1.4864864864864864	1.1414380257720832e-5	1.141587067203738e-5
1.4964964964964964	1.1436520996698048e-5	1.1438026647875134e-5
1.5065065065065064	1.14588640093614e-5	1.1460385165113383e-5
1.5165165165165164	1.1481410552568019e-5	1.1482947484874026e-5
1.5265265265265264	1.150416189851158e-5	1.1505714885984986e-5
1.5365365365365364	1.1527119334711095e-5	1.1528688661317396e-5
1.5465465465465464	1.155028416440259e-5	1.1551870119819422e-5
1.5565565565565564	1.157365770567427e-5	1.1575260586570553e-5
1.5665665665665667	1.1597241294241618e-5	1.1598861401860372e-5
1.5765765765765767	1.1621036279618152e-5	1.1622673923396162e-5
1.5865865865865867	1.1645044029102348e-5	1.1646699524320246e-5
1.5965965965965967	1.1669265927525488e-5	1.1670939594023905e-5
1.6066066066066067	1.1693703373794241e-5	1.1695395542178286e-5
1.6166166166166167	1.1718357785212836e-5	1.1720068790723133e-5
1.6266266266266267	1.1743230597043035e-5	1.1744960781606902e-5
1.6366366366366367	1.1768323258463573e-5	1.1770072974442252e-5
1.6466466466466467	1.1793637241360672e-5	1.1795406845043672e-5
1.6566566566566567	1.181917402995093e-5	1.1820963888260395e-5
1.6666666666666667	1.184493513210097e-5	1.1846745617354937e-5
1.6766766766766767	1.1870922067672896e-5	1.1872753562696481e-5
1.6866866866866868	1.1897136380060882e-5	1.189898927443574e-5
1.6966966966966968	1.192357962858254e-5	1.1925454321608155e-5
1.7067067067067068	1.1950253391793676e-5	1.1952150291051007e-5
1.7167167167167168	1.197715926881102e-5	1.1979078789712317e-5
1.7267267267267268	1.2004298875551172e-5	1.2006241445278724e-5
1.7367367367367368	1.2031673849861488e-5	1.2033639903315608e-5
1.7467467467467468	1.2059285848412056e-5	1.2061275830809953e-5
1.7567567567567568	1.2087136548926522e-5	1.2089150914368795e-5
1.7667667667667668	1.2115227646494928e-5	1.2117266862325111e-5
1.7767767767767768	1.214356086123864e-5	1.2145625402028113e-5
1.7867867867867868	1.2172137931615797e-5	1.2174228284161808e-5
1.7967967967967968	1.2200960616713802e-5	1.2203077277815301e-5
1.8068068068068068	1.223003069851679e-5	1.223217417805253e-5
1.8168168168168168	1.2259349980674535e-5	1.2261520798582931e-5
1.8268268268268268	1.2288920288207732e-5	1.229111897677309e-5
1.8368368368368369	1.2318743468193742e-5	1.2320970571876755e-5
1.8468468468468469	1.2348821391178274e-5	1.2351077467759545e-5
1.8568568568568569	1.2379155949989468e-5	1.2381441568058406e-5
1.8668668668668669	1.2409749061474846e-5	1.2412064804882817e-5
1.8768768768768769	1.2440602664431947e-5	1.2442949129983126e-5
1.8868868868868869	1.2471718724174424e-5	1.2474096520149108e-5
1.896896896896897	1.2503099226911793e-5	1.2505508978565818e-5
1.906906906906907	1.2534746184984565e-5	1.253718853110878e-5
1.916916916916917	1.2566661636036072e-5	1.2569137232312898e-5
1.926926926926927	1.2598847642939004e-5	1.260135715668113e-5
1.936936936936937	1.2631306293355974e-5	1.263385040905612e-5
1.946946946946947	1.26640397003519e-5	1.2666619119403814e-5
1.956956956956957	1.2697050002432008e-5	1.2699665442573797e-5
1.966966966966967	1.2730339370425633e-5	1.2732991564490315e-5
1.976976976976977	1.2763909993275377e-5	1.276659969485193e-5
1.986986986986987	1.2797764094081076e-5	1.2800492071114378e-5
1.996996996996997	1.2831903921272464e-5	1.2834670960461493e-5
2.007007007007007	1.286633175121793e-5	1.286913866000549e-5
2.017017017017017	1.2901049889423295e-5	1.2903897491953558e-5
2.027027027027027	1.2936060668243591e-5	1.2938949810499545e-5
2.037037037037037	1.297136645279879e-5	1.2974297999076453e-5
2.047047047047047	1.300696963572614e-5	1.3009944473262604e-5
2.057057057057057	1.3042872641010413e-5	1.3045891675162382e-5
2.067067067067067	1.3079077920572392e-5	1.3082142081136796e-5
2.0770770770770772	1.311558796010835e-5	1.3118698197994786e-5
2.0870870870870872	1.3152405278265736e-5	1.3155562567470928e-5
2.0970970970970972	1.318953241993182e-5	1.3192737758747943e-5
2.1071071071071072	1.3226971968463954e-5	1.3230226376543925e-5
2.1171171171171173	1.3264726535699819e-5	1.3268031060034602e-5
2.1271271271271273	1.330279877039884e-5	1.3306154481714204e-5
2.1371371371371373	1.3341191350836446e-5	1.3344599349031422e-5
2.1471471471471473	1.3379906994727763e-5	1.3383368401313359e-5
2.1571571571571573	1.3418948450531338e-5	1.3422464417638774e-5
2.1671671671671673	1.345831850450108e-5	1.3461890212340758e-5
2.1771771771771773	1.3498019978150321e-5	1.3501648633258998e-5
2.1871871871871873	1.3538055728623793e-5	1.354174256986539e-5
2.1971971971971973	1.3578428650849866e-5	1.3582174946004204e-5
2.2072072072072073	1.3619141678343151e-5	1.3622948726177688e-5
2.2172172172172173	1.3660197780489751e-5	1.3664066910209883e-5
2.2272272272272273	1.3701599965190113e-5	1.3705532541857514e-5
2.2372372372372373	1.374335128336e-5	1.374734870316582e-5
2.2472472472472473	1.3785454821810969e-5	1.3789518516865801e-5
2.2572572572572573	1.3827913711014275e-5	1.3832045145400428e-5
2.2672672672672673	1.3870731118673885e-5	1.3874931796633296e-5
2.2772772772772774	1.391391025605075e-5	1.3918181717929088e-5
2.2872872872872874	1.3957454380874347e-5	1.396179820254684e-5
2.2972972972972974	1.4001366787877574e-5	1.4005784585953519e-5
2.3073073073073074	1.4045650818898182e-5	1.4050144249695348e-5
2.3173173173173174	1.409030985665573e-5	1.4094880619946617e-5
2.3273273273273274	1.4135347333415636e-5	1.413999716807429e-5
2.3373373373373374	1.4180766727644712e-5	1.4185497414544369e-5
2.3473473473473474	1.4226571558939882e-5	1.4231384927319448e-5
2.3573573573573574	1.4272765397867292e-5	1.4277663318533651e-5
2.3673673673673674	1.43193518634903e-5	1.4324336258006515e-5
2.3773773773773774	1.4366334620860483e-5	1.4371407456402828e-5
2.3873873873873874	1.4413717389237447e-5	1.4418880680351594e-5
2.3973973973973974	1.4461503932776475e-5	1.4466759746183232e-5
2.4074074074074074	1.4509698070591096e-5	1.4515048524564703e-5
2.4174174174174174	1.4558303672596469e-5	1.4563750938636234e-5
2.4274274274274275	1.460732466054843e-5	1.4612870966400001e-5
2.4374374374374375	1.465676501338605e-5	1.466241263600165e-5
2.4474474474474475	1.4706628760626693e-5	1.4712380042201252e-5
2.4574574574574575	1.4756919988040576e-5	1.4762777323805799e-5
2.4674674674674675	1.4807642839158782e-5	1.4813608687598843e-5
2.4774774774774775	1.485880151466223e-5	1.4864878396741e-5
2.4874874874874875	1.4910400272960588e-5	1.4916590769272771e-5
2.4974974974974975	1.4962443431842394e-5	1.4968750191012887e-5
2.5075075075075075	1.5014935368466677e-5	1.5021361106341647e-5
2.5175175175175175	1.5067880521777629e-5	1.5074428021745844e-5
2.5275275275275275	1.5121283395469272e-5	1.5127955510510173e-5
2.5375375375375375	1.5175148552273794e-5	1.5181948206692588e-5
2.5475475475475475	1.5229480620412622e-5	1.5236410815560162e-5
2.5575575575575575	1.52842842957519e-5	1.529134810668644e-5
2.5675675675675675	1.5339564340332898e-5	1.5346764921412982e-5
2.5775775775775776	1.5395325581493702e-5	1.540266616409237e-5
2.5875875875875876	1.5451572914741125e-5	1.545905681618778e-5
2.5975975975975976	1.550831131063813e-5	1.5515941931177384e-5
2.6076076076076076	1.556554580563764e-5	1.5573326631242173e-5
2.6176176176176176	1.562328151359696e-5	1.563121611870758e-5
2.6276276276276276	1.5681523614641674e-5	1.5689615668056733e-5
2.6376376376376376	1.5740277373892902e-5	1.5748530632606254e-5
2.6476476476476476	1.5799548125383514e-5	1.5807966446101874e-5
2.6576576576576576	1.5859341281091124e-5	1.586792861460409e-5
2.6676676676676676	1.5919662336586443e-5	1.5928422740197374e-5
2.6776776776776776	1.598051686223575e-5	1.598945449295991e-5
2.6876876876876876	1.604191051490435e-5	1.605102963782482e-5
2.6976976976976976	1.610384903132233e-5	1.6113154019807372e-5
2.7077077077077076	1.616633823450343e-5	1.6175833574956504e-5
2.7177177177177176	1.622938403398166e-5	1.623907432499914e-5
2.7277277277277276	1.6292992423845888e-5	1.6302882387198967e-5
2.7377377377377377	1.6357169494130292e-5	1.6367263968867412e-5
2.7477477477477477	1.6421921417452067e-5	1.643222536876962e-5
2.7577577577577577	1.6487254465820123e-5	1.649777298539007e-5
2.7677677677677677	1.6553175003428597e-5	1.656391331260996e-5
2.7777777777777777	1.6619689489752874e-5	1.6630652943853562e-5
2.7877877877877877	1.668680448007923e-5	1.6697998578112224e-5
2.7977977977977977	1.675452663351377e-5	1.676595701082819e-5
2.8078078078078077	1.6822862706822246e-5	1.6834535147668423e-5
2.8178178178178177	1.6891819560973866e-5	1.690373999663989e-5
2.8278278278278277	1.6961404164438783e-5	1.6973578680125145e-5
2.8378378378378377	1.7031623591033757e-5	1.7044058425414017e-5
2.8478478478478477	1.710248502112513e-5	1.7115186580981115e-5
2.8578578578578577	1.71739957488204e-5	1.7186970603279438e-5
2.8678678678678677	1.7246163181372115e-5	1.7259418070338014e-5
2.8778778778778777	1.7318994841211617e-5	1.7332536681296967e-5
2.8878878878878878	1.7392498366173794e-5	1.7406334251411518e-5
2.8978978978978978	1.7466681519733868e-5	1.748081872670155e-5
2.9079079079079078	1.7541552178898427e-5	1.7555998173783094e-5
2.9179179179179178	1.7617118348729682e-5	1.763188079756437e-5
2.9279279279279278	1.769338816189703e-5	1.7708474924375164e-5
2.937937937937938	1.7770369881565922e-5	1.778578902538342e-5
2.947947947947948	1.784807189884402e-5	1.786383169997022e-5
2.957957957957958	1.7926502740715612e-5	1.7942611692535778e-5
2.967967967967968	1.8005671068673566e-5	1.8022137886097e-5
2.977977977977978	1.8085585690519542e-5	1.8102419313228173e-5
2.987987987987988	1.81662555439638e-5	1.8183465151473083e-5
2.997997997997998	1.8247689724705192e-5	1.826528473056219e-5
3.008008008008008	1.832989746845712e-5	1.8347887534787697e-5
3.018018018018018	1.8412888161129856e-5	1.8431283207683572e-5
3.028028028028028	1.849667134747743e-5	1.8515481544687753e-5
3.038038038038038	1.85812567185798e-5	1.86004925200387e-5
3.048048048048048	1.8666654142618047e-5	1.8686326259462806e-5
3.058058058058058	1.875287363130254e-5	1.877299306857313e-5
3.068068068068068	1.8839925375900165e-5	1.886050342067546e-5
3.078078078078078	1.8927819735423838e-5	1.894886797394163e-5
3.088088088088088	1.9016567233498167e-5	1.9038097560427886e-5
3.098098098098098	1.910617857588675e-5	1.9128203203337133e-5
3.108108108108108	1.91966646564884e-5	1.921919610761815e-5
3.118118118118118	1.928803653704491e-5	1.9311087673233885e-5
3.1281281281281283	1.9380305476737795e-5	1.9403889500969992e-5
3.1381381381381384	1.9473482924934842e-5	1.9497613389785853e-5
3.1481481481481484	1.956758052587021e-5	1.959227133926429e-5
3.1581581581581584	1.966261012058975e-5	1.968787556012046e-5
3.1681681681681684	1.9758583757792335e-5	1.978443848490367e-5
3.1781781781781784	1.9855513687869458e-5	1.9881972751088113e-5
3.1881881881881884	1.9953412379970155e-5	1.9980491230107655e-5
3.1981981981981984	2.00522925169985e-5	2.0080007009462005e-5
3.2082082082082084	2.0152166998206116e-5	2.0180533422734088e-5
3.2182182182182184	2.025304895957203e-5	2.0282084029600552e-5
3.2282282282282284	2.035495175742581e-5	2.0384672637379304e-5
3.2382382382382384	2.0457888986934503e-5	2.0488313299703934e-5
3.2482482482482484	2.056187448169815e-5	2.059302032310872e-5
3.2582582582582584	2.0666922323289048e-5	2.0698808277408407e-5
3.2682682682682684	2.0773046848448805e-5	2.0805691988274392e-5
3.2782782782782784	2.0880262639072874e-5	2.0913686558844367e-5
3.2882882882882885	2.098858454910906e-5	2.1022807364177466e-5
3.2982982982982985	2.1098027693858685e-5	2.1133070062146733e-5
3.3083083083083085	2.1208607461609552e-5	2.1244490598694138e-5
3.3183183183183185	2.132033952731855e-5	2.1357085221285726e-5
3.3283283283283285	2.1433239845934983e-5	2.1470870468423487e-5
3.3383383383383385	2.1547324660306694e-5	2.1585863192454815e-5
3.3483483483483485	2.1662610518481585e-5	2.1702080560904068e-5
3.3583583583583585	2.1779114272239965e-5	2.1819540064495067e-5
3.3683683683683685	2.1896853079631666e-5	2.1938259517031463e-5
3.3783783783783785	2.2015844421455196e-5	2.205825707935646e-5
3.3883883883883885	2.2136106105730223e-5	2.2179551251617144e-5
3.3983983983983985	2.225765627064178e-5	2.2302160882998924e-5
3.4084084084084085	2.238051339258143e-5	2.2426105194394514e-5
3.4184184184184185	2.250469630496619e-5	2.2551403762862772e-5
3.4284284284284285	2.26302241878092e-5	2.2678076553076495e-5
3.4384384384384385	2.2757116589989097e-5	2.2806143916555148e-5
3.4484484484484486	2.2885393434394085e-5	2.2935626590562662e-5
3.4584584584584586	2.3015075022419645e-5	2.3066545724799984e-5
3.4684684684684686	2.3146182045368565e-5	2.3198922883736443e-5
3.4784784784784786	2.3278735600582244e-5	2.333278005543731e-5
3.4884884884884886	2.3412757185378425e-5	2.346813966312439e-5
3.4984984984984986	2.3548268715637878e-5	2.3605024565803583e-5
3.5085085085085086	2.3685292541646175e-5	2.374345809121779e-5
3.5185185185185186	2.3823851443514562e-5	2.3883464019814466e-5
3.5285285285285286	2.3963968664286214e-5	2.4025066625657493e-5
3.5385385385385386	2.4105667884457108e-5	2.4168290656680215e-5
3.5485485485485486	2.4248973270272774e-5	2.431316136647703e-5
3.5585585585585586	2.4393909461536474e-5	2.445970453207904e-5
3.5685685685685686	2.4540501603359372e-5	2.4607946434861993e-5
3.5785785785785786	2.468877532892733e-5	2.4757913912518766e-5
3.5885885885885886	2.4838756794653422e-5	2.490963434939997e-5
3.5985985985985987	2.4990472691727163e-5	2.5063135691287657e-5
3.6086086086086087	2.5143950243141297e-5	2.5218446469180367e-5
3.6186186186186187	2.5299217235984507e-5	2.5375595804134927e-5
3.6286286286286287	2.5456302025079935e-5	2.5534613424457707e-5
3.6386386386386387	2.5615233551805348e-5	2.5695529689138224e-5
3.6486486486486487	2.577604133947399e-5	2.5858375591905923e-5
3.6586586586586587	2.593875554349705e-5	2.602318277794314e-5
3.6686686686686687	2.6103406938322863e-5	2.618998358037885e-5
3.6786786786786787	2.6270026946355663e-5	2.6358811004015372e-5
3.6886886886886887	2.6438647635600117e-5	2.6529698772319067e-5
3.6986986986986987	2.660930176961667e-5	2.67026813263502e-5
3.7087087087087087	2.67820227939341e-5	2.6877793867546506e-5
3.7187187187187187	2.6956844869585263e-5	2.705507234193386e-5
3.7287287287287287	2.713380288625791e-5	2.7234553489594672e-5
3.7387387387387387	2.7312932485746976e-5	2.7416274843880087e-5
3.7487487487487487	2.7494270068773173e-5	2.7600274783317407e-5
3.7587587587587588	2.7677852829307194e-5	2.7786592518944426e-5
3.7687687687687688	2.7863718766522704e-5	2.7975268131659835e-5
3.7787787787787788	2.8051906709107985e-5	2.8166342591087637e-5
3.7887887887887888	2.8242456346507364e-5	2.8359857799455877e-5
3.798798798798799	2.8435408219196535e-5	2.8555856585261225e-5
3.808808808808809	2.8630803785097067e-5	2.8754382738941322e-5
3.818818818818819	2.8828685413080716e-5	2.8955481061091396e-5
3.828828828828829	2.9029096412182348e-5	2.9159197346964453e-5
3.838838838838839	2.9232081067976023e-5	2.9365578471844774e-5
3.848848848848849	2.9437684662425586e-5	2.9574672351230197e-5
3.858858858858859	2.964595348437806e-5	2.978652802034578e-5
3.868868868868869	2.9856934894560147e-5	3.000119565347015e-5
3.878878878878879	3.0070677332431924e-5	3.021872658407561e-5
3.888888888888889	3.0287230314873215e-5	3.043917335861392e-5
3.898898898898899	3.0506644536663125e-5	3.066258973499662e-5
3.908908908908909	3.072897183399991e-5	3.0889030753252845e-5
3.918918918918919	3.095426526106815e-5	3.11185527455145e-5
3.928928928928929	3.118257909299686e-5	3.13512133972864e-5
3.938938938938939	3.141396889605742e-5	3.158707175790729e-5
3.948948948948949	3.164849151906728e-5	3.182618829554122e-5
3.958958958958959	3.188620517346473e-5	3.2068624946764875e-5
3.968968968968969	3.212716943395829e-5	3.2314445130376246e-5
3.978978978978979	3.237144530965453e-5	3.2563713822952014e-5
3.988988988988989	3.261909525810525e-5	3.28164975780634e-5
3.998998998998999	3.2870183237045974e-5	3.3072864586409943e-5
4.009009009009009	3.312477476532547e-5	3.3332884717987014e-5
4.019019019019019	3.338293693574589e-5	3.359662957434297e-5
4.029029029029029	3.3644738478392286e-5	3.386417253870316e-5
4.039039039039039	3.391024980953877e-5	3.413558883054488e-5
4.049049049049049	3.417954307861084e-5	3.441095554857259e-5
4.059059059059059	3.445269222057393e-5	3.469035175055041e-5
4.069069069069069	3.4729772994667006e-5	3.497385848628709e-5
4.079079079079079	3.501086306449994e-5	3.5261558874696074e-5
4.089089089089089	3.5296042033668107e-5	3.555353817385788e-5
4.099099099099099	3.558539151162553e-5	3.5849883797899945e-5
4.109109109109109	3.587899516383118e-5	3.615068545254637e-5
4.119119119119119	3.617693880343066e-5	3.6456035169334335e-5
4.129129129129129	3.6479310419521455e-5	3.676602735365588e-5
4.1391391391391394	3.678620025858617e-5	3.708075890854597e-5
4.1491491491491495	3.709770090819655e-5	3.740032928717783e-5
4.1591591591591595	3.741390734724516e-5	3.772484055525603e-5
4.1691691691691695	3.773491702066914e-5	3.805439750554864e-5
4.1791791791791795	3.8060829938069405e-5	3.8389107735055145e-5
4.1891891891891895	3.8391748729785005e-5	3.872908171069054e-5
4.1991991991991995	3.8727778743629576e-5	3.907443289357023e-5
4.2092092092092095	3.9069028120486105e-5	3.942527781730195e-5
4.2192192192192195	3.941560789706928e-5	3.9781736183233546e-5
4.2292292292292295	3.9767632065220727e-5	4.014393097760544e-5
4.2392392392392395	4.012521772056771e-5	4.051198856100196e-5
4.2492492492492495	4.048848510003088e-5	4.088603879640221e-5
4.2592592592592595	4.0857557740933786e-5	4.1266215150042206e-5
4.2692692692692695	4.123256254116822e-5	4.1652654804177935e-5
4.2792792792792795	4.1613629899816974e-5	4.2045498814454316e-5
4.2892892892892895	4.200089380779446e-5	4.2444892195638e-5
4.2992992992992995	4.239449200335329e-5	4.2850984087430446e-5
4.3093093093093096	4.2794566039307125e-5	4.326392786165839e-5
4.31931931931932	4.320126146113432e-5	4.368388129023794e-5
4.32932932932933	4.361472791343875e-5	4.4111006698271114e-5
4.33933933933934	4.403511929312114e-5	4.454547109837959e-5
4.34934934934935	4.446259386958918e-5	4.498744635407916e-5
4.35935935935936	4.489731444899165e-5	4.543710936058812e-5
4.36936936936937	4.533944854511983e-5	4.589464221822719e-5
4.37937937937938	4.578916850740299e-5	4.636023239070499e-5
4.38938938938939	4.624665169919397e-5	4.6834072913179596e-5
4.3993993993994	4.671208067921818e-5	4.7316362612265395e-5
4.40940940940941	4.718564338239815e-5	4.7807306237194306e-5
4.41941941941942	4.766753328920263e-5	4.8307114748568595e-5
4.42942942942943	4.815794965023986e-5	4.88160054898227e-5
4.43943943943944	4.865709765711053e-5	4.93342024380283e-5
4.44944944944945	4.916518868423634e-5	4.986193644824605e-5
4.45945945945946	4.968244047159432e-5	5.039944547826431e-5
4.46946946946947	5.020907741180057e-5	5.0946974867370494e-5
4.47947947947948	5.074533072185247e-5	5.150477760936802e-5
4.48948948948949	5.129143873776413e-5	5.2073114610769254e-5
4.4994994994995	5.184764715008796e-5	5.265225502781613e-5
4.50950950950951	5.241420930108165e-5	5.32424765126132e-5
4.51951951951952	5.299138642514677e-5	5.3844065591922784e-5
4.52952952952953	5.357944798532689e-5	5.445731796241289e-5
4.53953953953954	5.417867194467161e-5	5.5082538855300704e-5
4.54954954954955	5.4789345099534635e-5	5.572004338739452e-5
4.55955955955956	5.5411763430614565e-5	5.6370156958100824e-5
4.56956956956957	5.6046232406988557e-5	5.703321561489802e-5
4.57957957957958	5.6693067391564545e-5	5.770956651584252e-5
4.58958958958959	5.7352593985484695e-5	5.8399568295383375e-5
4.5995995995996	5.8025148468518276e-5	5.9103591571213375e-5
4.60960960960961	5.871107814963019e-5	5.982201940355875e-5
4.61961961961962	5.941074183712742e-5	6.055524773930763e-5
4.62962962962963	6.01245103245366e-5	6.13036860160449e-5
4.63963963963964	6.0852766766677495e-5	6.206775762405015e-5
4.64964964964965	6.159590724875031e-5	6.284790049459853e-5
4.65965965965966	6.235434129553028e-5	6.364456771008223e-5
4.66966966966967	6.312849237915235e-5	6.445822809644642e-5
4.67967967967968	6.391879849302266e-5	6.528936687442791e-5
4.68968968968969	6.472571276041569e-5	6.613848633349563e-5
4.6996996996997	6.55497040308753e-5	6.700610657315319e-5
4.70970970970971	6.639125756943772e-5	6.789276619997255e-5
4.71971971971972	6.725087565168163e-5	6.879902312813302e-5
4.72972972972973	6.812907836337786e-5	6.972545541362478e-5
4.73973973973974	6.902640429503507e-5	7.067266208052005e-5
4.74974974974975	6.994341132803917e-5	7.164126403348111e-5
4.75975975975976	7.088067748382732e-5	7.263190500709525e-5
4.76976976976977	7.183880173757391e-5	7.364525255707583e-5
4.77977977977978	7.281840495496619e-5	7.468199907559375e-5
4.78978978978979	7.382013081786335e-5	7.574286292175256e-5
4.7997997997998	7.484464684615085e-5	7.682858955172259e-5
4.80980980980981	7.589264539956511e-5	7.793995270935826e-5
4.81981981981982	7.696484481129703e-5	7.907775571550598e-5
4.82982982982983	7.806199052683271e-5	8.024283281524542e-5
4.83983983983984	7.918485631446293e-5	8.143605053030773e-5
4.84984984984985	8.033424555304665e-5	8.265830919348175e-5
4.85985985985986	8.151099254295632e-5	8.391054448785702e-5
4.86986986986987	8.271596394624128e-5	8.519372904832279e-5
4.87987987987988	8.39500602766827e-5	8.650887424886467e-5
4.88988988988989	8.521421743450412e-5	8.785703196844134e-5
4.8998998998999	8.650940839012008e-5	8.92392965360852e-5
4.90990990990991	8.78366448999482e-5	9.065680676083093e-5
4.91991991991992	8.919697932747491e-5	9.211074804312499e-5
4.92992992992993	9.059150662715208e-5	9.360235462957889e-5
4.93993993993994	9.202136631809187e-5	9.513291200522263e-5
4.94994994994995	9.348774467676367e-5	9.670375941564544e-5
4.95995995995996	9.499187702630648e-5	9.831629249659075e-5
4.96996996996997	9.653505005133799e-5	9.997196607685918e-5
4.97997997997998	9.811860445631248e-5	0.00010167229716835282
4.98998998998999	9.974393755351652e-5	0.00010341886811637907
5.0	0.00010141250613054439	0.00010521332987275704
