-5.0	0.02917679744449508	0.03495926681410737
-4.98998998998999	0.0298604275689327	0.03570262940466876
-4.97997997997998	0.03056963445621157	0.03647133384697601
-4.96996996996997	0.03130571043334369	0.03726654361817088
-4.95995995995996	0.03207003023890877	0.038089489390283504
-4.94994994994995	0.032864057388573474	0.03894147371452494
-4.93993993993994	0.03368935111965188	0.03982387608879384
-4.92992992992993	0.03454757397548834	0.04073815844442095
-4.91991991991992	0.035440500097711644	0.04168587109202273
-4.90990990990991	0.03637002430253566	0.04266865917064668
-4.8998998998999	0.037338172026741626	0.04368826964911827
-4.88988988988989	0.038347110239443524	0.04474655893399752
-4.87987987987988	0.03939915942794742	0.045845501144502795
-4.86986986986987	0.0404968067796751	0.04698719712162944
-4.85985985985986	0.041642720698018464	0.04817388424631153
-4.84984984984985	0.04283976680788393	0.049407947150121936
-4.83983983983984	0.04409102562750479	0.05069192941175723
-4.82982982982983	0.04539981210675117	0.05202854634352843
-4.81981981981982	0.04676969725965727	0.05342069898460708
-4.80980980980981	0.04820453215028969	0.054871489431837395
-4.7997997997998	0.04970847452773202	0.05638423765497477
-4.78978978978979	0.05128601844798273	0.05796249996150447
-4.77977977977978	0.052942027269783566	0.05961008929680677
-4.76976976976977	0.05468177046812183	0.0613310975892346
-4.75975975975976	0.056510964775790956	0.0631299203765856
-4.74974974974975	0.05843582024069889	0.06501128398135234
-4.73973973973974	0.060463091877505135	0.0669802755375867
-4.72972972972973	0.06260013769863824	0.06904237621271045
-4.71971971971972	0.06485498403490135	0.07120349801438004
-4.70970970970971	0.06723639920363421	0.07347002462612394
-4.6996996996997	0.06975397675683387	0.0758488567774894
-4.68968968968969	0.07241822974862701	0.07834746272599172
-4.67967967967968	0.07524069770711331	0.08097393451090337
-4.66966966966967	0.0782340682886682	0.08373705073500856
-4.65965965965966	0.08141231594264633	0.08664634674190491
-4.64964964964965	0.08479086033396585	0.08971219318611734
-4.63963963963964	0.0883867477751797	0.09294588414459613
-4.62962962962963	0.092218859527495	0.09635973609468297
-4.61961961961962	0.09630815156537782	0.09996719929029649
-4.60960960960961	0.10067793129139077	0.10378298331027071
-4.5995995995996	0.10535417777376704	0.10782319883715008
-4.58958958958959	0.11036591340544523	0.11210551805954529
-4.57957957957958	0.11574563650883586	0.11664935648544857
-4.56956956956957	0.12152982640961991	0.12147607941974811
-4.55955955955956	0.12775953497047712	0.12660923691034406
-4.54954954954955	0.13448108163190423	0.13207483161984418
-4.53953953953954	0.1417468728072369	0.13790162485500726
-4.52952952952953	0.14961637122032678	0.14412148690682744
-4.51951951951952	0.1581572467118037	0.1507697989503711
-4.50950950950951	0.1674467475029361	0.15788591505933985
-4.4994994994995	0.177573340318975	0.16551369444786734
-4.48948948948949	0.18863867968722775	0.17370211591010912
-4.47947947947948	0.20075998185111438	0.18250598864587653
-4.46946946946947	0.2140728980021027	0.19198677630543715
-4.45945945945946	0.22873500611743	0.20221355423813672
-4.44944944944945	0.2449300721314304	0.2132641236765682
-4.43943943943944	0.2628732714105705	0.2252263110281143
-4.42942942942943	0.28281761299084224	0.2381994856810792
-4.41941941941942	0.30506187476664576	0.2522963358592733
-4.40940940940941	0.3299604413128142	0.2676449491511627
-4.3993993993994	0.35793554110388837	0.2843912524190513
-4.38938938938939	0.38949251006951785	0.3027018747765871
-4.37937937937938	0.42523886536305083	0.3227675069352744
-4.36936936936937	0.46590815352457454	0.3448068398540338
-4.35935935935936	0.512389725748052	0.36907117410557316
-4.34934934934935	0.5657657495134675	0.3958497965862818
-4.33933933933934	0.6273567991058632	0.42547621948807324
-4.32932932932933	0.6987770850400519	0.45833536168525507
-4.31931931931932	0.7819993961910936	0.49487171475695935
-4.3093093093093096	0.8794273819084297	0.5355984583898268
-4.2992992992992995	0.9939674644290295	0.5811073467497696
-4.2892892892892895	1.1290818427208162	0.6320789375203004
-4.2792792792792795	1.2887832604891742	0.6892923153923989
-4.2692692692692695	1.4774945528099257	0.7536327767127455
-4.2592592592592595	1.6996330189377475	0.8260948537789232
-4.2492492492492495	1.958688107521663	0.9077763768549095
-4.2392392392392395	2.255465259370729	0.9998567649594456
-4.2292292292292295	2.5851758778255944	1.1035491691658161
-4.2192192192192195	2.933434779001651	1.2200113726061494
-4.2092092092092095	3.272401292803927	1.3501948645070125
-4.1991991991991995	3.5603156952692063	1.4946067891181367
-4.1891891891891895	3.748884749994235	1.652959360763369
-4.1791791791791795	3.7996150895893086	1.8236934286279707
-4.1691691691691695	3.701376306182723	2.0033991813878504
-4.1591591591591595	3.476091694027513	2.186230622378582
-4.1491491491491495	3.1676768348228985	2.36352286468911
-4.1391391391391394	2.8234973517814748	2.5239367184951567
-4.129129129129129	2.4808019090816895	2.654475881780058
-4.119119119119119	2.162485624661986	2.742512684968107
-4.109109109109109	1.8791982210510836	2.7784714208540886
-4.099099099099099	1.6334773006972623	2.758267806439966
-4.089089089089089	1.4234109732347917	2.684439287147832
-4.079079079079079	1.2451140185903145	2.565415547864128
-4.069069069069069	1.0941523200519607	2.413293406829311
-4.059059059059059	0.966258566891265	2.2411251955530567
-4.049049049049049	0.8576344221602018	2.0607035259925377
-4.039039039039039	0.7650350202154734	1.881319964157429
-4.029029029029029	0.6857501387231558	1.7094483311570747
-4.019019019019019	0.6175434482377149	1.5490325509678697
-4.009009009009009	0.5585805118604706	1.4020404382733487
-3.998998998998999	0.5073595663265223	1.2690487393659662
-3.988988988988989	0.4626505836436591	1.1497414046450676
-3.978978978978979	0.4234439828288762	1.0432851071138594
-3.968968968968969	0.3889085215644054	0.9485892432961842
-3.958958958958959	0.3583572010669832	0.8644739358941083
-3.948948948948949	0.3312198629265675	0.7897714769232468
-3.938938938938939	0.30702123836108375	0.7233826742001296
-3.928928928928929	0.285363378075786	0.6643041864666963
-3.918918918918919	0.2659115745928965	0.611638073488091
-3.908908908908909	0.24838305860014087	0.5645910197138354
-3.898898898898899	0.2325378961457792	0.5224679986597098
-3.888888888888889	0.21817163296935388	0.48466331941679086
-3.878878878878879	0.20510932824356584	0.45065080255229767
-3.868868868868869	0.1932006960870644	0.41997407386489016
-3.858858858858859	0.18231613304918837	0.39223749472217123
-3.848848848848849	0.1723434566412337	0.3670979648221584
-3.838838838838839	0.16318521664365787	0.344257668533355
-3.828828828828829	0.1547564695836386	0.3234577446074251
-3.818818818818819	0.14698292922071177	0.3044728122670234
-3.808808808808809	0.13979942348507243	0.28710626631460595
-3.798798798798799	0.133148602161769	0.2711862487169194
-3.7887887887887888	0.1269798505386219	0.2565622071977916
-3.7787787787787788	0.12124837288203759	0.24310195857451858
-3.7687687687687688	0.1159144164713111	0.23068918346850925
-3.7587587587587588	0.11094261239434747	0.219221288231395
-3.7487487487487487	0.10630141368503208	0.20860757871525737
-3.7387387387387387	0.10196261489608101	0.1987676985229407
-3.7287287287287287	0.0979009400323848	0.1896302914665097
-3.7187187187187187	0.09409368805903838	0.18113185412792973
-3.7087087087087087	0.09052042705580479	0.17321574970996176
-3.6986986986986987	0.08716272960266859	0.16583135887168796
-3.6886886886886887	0.08400394321726644	0.15893334705696102
-3.6786786786786787	0.08102899067862544	0.15248103103879593
-3.6686686686686687	0.07822419590553666	0.14643783010597727
-3.6586586586586587	0.07557713174616008	0.1407707895878594
-3.6486486486486487	0.07307648660523165	0.13545016631737128
-3.6386386386386387	0.07071194730863606	0.13044906723002647
-3.6286286286286287	0.06847409599929023	0.1257431336373786
-3.6186186186186187	0.06635431918772347	0.1213102648394925
-3.6086086086086087	0.064344727356807	0.11713037568780134
-3.5985985985985987	0.06243808375190638	0.11318518350655624
-3.5885885885885886	0.0606277411832575	0.1094580204530211
-3.5785785785785786	0.05890758583233402	0.10593366796356782
-3.5685685685685686	0.05727198719386408	0.1025982104125923
-3.5585585585585586	0.05571575340381865	0.0994389055172617
-3.5485485485485486	0.054234091304741765	0.0964440693660274
-3.5385385385385386	0.05282257068607621	0.09360297424178135
-3.5285285285285286	0.05147709221072934	0.09090575766016651
-3.5185185185185186	0.05019385860248219	0.08834334125652629
-3.5085085085085086	0.04896934872295633	0.08590735833702413
-3.4984984984984986	0.047800294213799555	0.0835900890653118
-3.4884884884884886	0.04668365841981804	0.08138440238997642
-3.4784784784784786	0.04561661734387097	0.0792837039328715
-3.4684684684684686	0.04459654241436152	0.07728188915753677
-3.4584584584584586	0.043620984872449226	0.07537330122224423
-3.4484484484484486	0.042687661608861484	0.07355269299607323
-3.4384384384384385	0.04179444230000422	0.07181519278030687
-3.4284284284284285	0.04093933771045471	0.07015627333285573
-3.4184184184184185	0.040120489043998425	0.06857172384157886
-3.4084084084084085	0.03933615823864839	0.06705762453423991
-3.3983983983983985	0.038584719112764385	0.06561032364940454
-3.3883883883883885	0.037864649279559695	0.06422641652443929
-3.3783783783783785	0.03717452275630109	0.06290272658466198
-3.3683683683683685	0.036513003202461876	0.06163628804214106
-3.3583583583583585	0.03587883772808492	0.06042433013404849
-3.3483483483483485	0.03527085121978075	0.05926426274932263
-3.3383383383383385	0.034687941137347474	0.05815366330897031
-3.3283283283283285	0.03412907273878605	0.057090264779918784
-3.3183183183183185	0.0335932746959011	0.05607194471526658
-3.3083083083083085	0.033079635066457426	0.05509671522514275
-3.2982982982982985	0.03258729759234713	0.05416271379251341
-3.2882882882882885	0.032115458296293704	0.05326819485719896
-3.2782782782782784	0.03166336235231383	0.05241152209933779
-3.2682682682682684	0.03123030120769255	0.05159116136060375
-3.2582582582582584	0.03081560993637619	0.0508056741477546
-3.2482482482482484	0.03041866480570017	0.0500537116687819
-3.2382382382382384	0.03003888104018042	0.04933400935686743
-3.2282282282282284	0.029675710767668874	0.04864538184195178
-3.2182182182182184	0.02932864113467637	0.04798671833367715
-3.2082082082082084	0.02899719257900136	0.047356978383140354
-3.1981981981981984	0.028680917248969443	0.04675518799416901
-3.1881881881881884	0.02837939755977626	0.04618043605775009
-3.1781781781781784	0.028092244878351484	0.04563187108593844
-3.1681681681681684	0.0278190983291759	0.04510869822402486
-3.1581581581581584	0.027559623714298362	0.04461017652188124
-3.1481481481481484	0.02731351254164892	0.04413561644748571
-3.1381381381381384	0.02708048115644787	0.043684377627461184
-3.1281281281281283	0.02686026997127775	0.04325586680115439
-3.118118118118118	0.026652642791014664	0.04284953597637716
-3.108108108108108	0.026457386229497285	0.042464880776411265
-3.098098098098098	0.02627430921539112	0.04210143896920727
-3.088088088088088	0.02610324258538622	0.041758789171114495
-3.078078078078078	0.02594403876338076	0.04143654971859194
-3.068068068068068	0.025796571524940554	0.041134377702630676
-3.058058058058058	0.025660735846975622	0.04085196816174223
-3.048048048048048	0.025536447843052243	0.04058905343049832
-3.038038038038038	0.02542364478553917	0.04034540264170396
-3.028028028028028	0.02532228521632178	0.04012082138145661
-3.018018018018018	0.02523234914856288	0.039915151497417166
-3.008008008008008	0.025153838362707903	0.0397282710618282
-2.997997997997998	0.02508677680068242	0.039560094491967436
-2.987987987987988	0.025031211063110542	0.039410572832042794
-2.977977977977978	0.024987211015234788	0.03927969420179226
-2.967967967967968	0.024954870508304725	0.039167484418545825
-2.957957957957958	0.024934308224186044	0.03907400780098701
-2.947947947947948	0.024925668652277886	0.038999368164521576
-2.937937937937938	0.024929123209080754	0.038943710020021484
-2.9279279279279278	0.024944871512350163	0.03890721998966944
-2.9179179179179178	0.024973142823424575	0.03889012845588701
-2.9079079079079078	0.02501419767327604	0.03889271146180852
-2.8978978978978978	0.025068329689961866	0.038915292884544476
-2.8878878878878878	0.02513586764768675	0.03895824690561271
-2.8778778778778777	0.02521717776043114	0.03902200080644105
-2.8678678678678677	0.02531266624635987	0.039107038120920076
-2.8578578578578577	0.025422782192891073	0.039213902181456255
-2.8478478478478477	0.025548020756515577	0.03934320010032964
-2.8378378378378377	0.025688926736348164	0.03949560723403964
-2.8278278278278277	0.025846098565990346	0.039671872185242193
-2.8178178178178177	0.026020192774787173	0.03987282240483596
-2.8078078078078077	0.026211928977110225	0.04009937046585747
-2.7977977977977977	0.026422095457082042	0.04035252109150258
-2.7877877877877877	0.02665155542636645	0.040633379031894186
-2.7777777777777777	0.026901254044667245	0.04094315789858966
-2.7677677677677677	0.027172226306568705	0.04128319008258665
-2.7577577577577577	0.02746560591491725	0.0416549379012566
-2.7477477477477477	0.027782635280367094	0.04206000614267893
-2.7377377377377377	0.028124676809783027	0.042500156203058956
-2.7277277277277276	0.028493225673500842	0.04297732204502656
-2.7177177177177176	0.02888992427394644	0.04349362824266277
-2.7077077077077076	0.029316578676959207	0.044051410424300455
-2.6976976976976976	0.029775177313623995	0.044653238478123004
-2.6876876876876876	0.03026791231627624	0.04530194295004508
-2.6776776776776776	0.03079720391975334	0.04600064514079525
-2.6676676676676676	0.03136572844050713	0.046752791502384504
-2.6576576576576576	0.03197645044525236	0.04756219304685782
-2.6476476476476476	0.032632659841803954	0.04843307061701818
-2.6376376376376376	0.03333801477277444	0.04937010703545035
-2.6276276276276276	0.034096591375017464	0.05037850735195612
-2.6176176176176176	0.034912941692849954	0.05146406865987142
-2.6076076076076076	0.03579216131260199	0.05263326126058112
-2.5975975975975976	0.03673996863474755	0.05389332333833996
-2.5875875875875876	0.037762798137241815	0.055252371784277325
-2.5775775775775776	0.038867910534943026	0.05671953240514555
-2.5675675675675675	0.04006352343908072	0.058305093503267576
-2.5575575575575575	0.04135896701197643	0.060020687764045254
-2.5475475475475475	0.042764870256220965	0.06187950859629874
-2.5375375375375375	0.044293385054607365	0.06389656861834575
-2.5275275275275275	0.04595845699830932	0.06608900997682944
-2.5175175175175175	0.04777615455693303	0.06847647877184554
-2.5075075075075075	0.04976507146519349	0.07108157924080517
-2.4974974974974975	0.051946821619564626	0.07393042780030683
-2.4874874874874875	0.05434665170807366	0.07705333294426944
-2.4774774774774775	0.056994204826103755	0.08048563488700494
-2.4674674674674675	0.05992447931046545	0.08426874948864516
-2.4574574574574575	0.06317904219102796	0.08845147550673832
-2.4474474474474475	0.06680757784323021	0.09309164417905672
-2.4374374374374375	0.07086988236198453	0.0982582179043333
-2.4274274274274275	0.0754384570224328	0.1040339838421611
-2.4174174174174174	0.08060191634794026	0.11051904387034724
-2.4074074074074074	0.08646951780445918	0.11783538259052578
-2.3973973973973974	0.09317725698651158	0.1261329125235524
-2.3873873873873874	0.10089618038057818	0.1355975701775476
-2.3773773773773774	0.10984389060835606	0.14646230038746444
-2.3673673673673674	0.12030072990621007	0.15902217202094354
-2.3573573573573574	0.1326329544461088	0.17365550465048618
-2.3473473473473474	0.1473265841338853	0.19085390616138964
-2.3373373373373374	0.16503795297025478	0.21126579622344704
-2.3273273273273274	0.18667110255547067	0.23576081302732463
-2.3173173173173174	0.21349966078132088	0.26552739737408304
-2.3073073073073074	0.24736505440629047	0.3022246245769616
-2.2972972972972974	0.2910110526703607	0.3482256716064637
-2.2872872872872874	0.348673378455721	0.4070219297580187
-2.2772772772772774	0.4271733496117031	0.4839210380087593
-2.2672672672672673	0.5380746907087921	0.5873100592232376
-2.2572572572572573	0.7022680896426714	0.7310706119676027
-2.2472472472472473	0.9606737129936961	0.9395109754950639
-2.2372372372372373	1.4024273368934554	1.2582778638512069
-2.2272272272272273	2.2520376124677903	1.7809991137490349
-2.2172172172172173	4.205754159419305	2.7227720744659
-2.2072072072072073	10.183731151696938	4.654440473071195
-2.1971971971971973	34.01711619045663	9.342218356876815
-2.1871871871871873	28.121934721840486	21.380515619735515
-2.1771771771771773	8.26576669559618	26.9876030180251
-2.1671671671671673	3.4474409370259202	12.346435106382959
-2.1571571571571573	1.8269937669154854	5.500701164114365
-2.1471471471471473	1.1142774641326485	2.917585436216336
-2.1371371371371373	0.7434407643818562	1.7628964134719922
-2.1271271271271273	0.527659499855794	1.1644434095928617
-2.1171171171171173	0.3917580818684259	0.819050266667394
-2.1071071071071072	0.3009811339410971	0.6033654875305057
-2.0970970970970972	0.23753243134100602	0.4604284116428869
-2.0870870870870872	0.19155882633027332	0.36122421576870745
-2.0770770770770772	0.15725783833354715	0.28979073313442116
-2.067067067067067	0.13103748573573298	0.23678888394076733
-2.057057057057057	0.11058058761560408	0.1964732280113547
-2.047047047047047	0.09433967382187856	0.16515879146856227
-2.037037037037037	0.08125037937898169	0.1403977437102264
-2.027027027027027	0.07056177962007053	0.12051465451129056
-2.017017017017017	0.06173223061276206	0.10433276935060391
-2.007007007007007	0.05436337136297537	0.09100677652065318
-1.996996996996997	0.04815713141292988	0.07991732621675235
-1.986986986986987	0.04288703025497227	0.07060261070028001
-1.976976976976977	0.03837859512439542	0.062712871029739
-1.966966966966967	0.034495736471258504	0.05597947293264987
-1.956956956956957	0.03113110004963803	0.050193465949902656
-1.946946946946947	0.02819912501675087	0.04519045005953862
-1.936936936936937	0.02563097595010961	0.040839720125794905
-1.926926926926927	0.02337079344593855	0.037036363464851924
-1.916916916916917	0.021372886201748324	0.03369542923005241
-1.906906906906907	0.01959960442518372	0.030747572979942905
-1.896896896896897	0.01801971244828283	0.028135765984528868
-1.8868868868868869	0.01660713132578737	0.025812782718519854
-1.8768768768768769	0.015339958578559562	0.02373926374370594
-1.8668668668668669	0.014199697604126885	0.021882208634969254
-1.8568568568568569	0.013170647177028549	0.020213793553006548
-1.8468468468468469	0.012239414244393005	0.01871043619701221
-1.8368368368368369	0.011394522450245992	0.017352050912849384
-1.8268268268268268	0.010626095552076	0.016121451169804242
-1.8168168168168168	0.009925599848747973	0.015003867126804338
-1.8068068068068068	0.009285633420588052	0.0139865537307574
-1.7967967967967968	0.008699752741250356	0.01305847051595401
-1.7867867867867868	0.008162329304721055	0.012210018556428084
-1.7767767767767768	0.007668430496622191	0.011432823252530623
-1.7667667667667668	0.007213720154584899	0.010719554086591665
-1.7567567567567568	0.0067943752005405166	0.010063774360300363
-1.7467467467467468	0.006407015456484685	0.009459815373382337
-1.7367367367367368	0.0060486443246764166	0.00890267062526649
-1.7267267267267268	0.005716598460946976	0.008387906497332596
-1.7167167167167168	0.005408504923579401	0.007911586560688728
-1.7067067067067068	0.005122244561475593	0.007470207197239196
-1.6966966966966968	0.004855920629894622	0.007060642652467759
-1.6866866866866868	0.004607831802309018	0.0066800979819960525
-1.6766766766766767	0.004376448892296782	0.006326068629435994
-1.6666666666666667	0.0041603947171036815	0.005996305594852512
-1.6566566566566567	0.003958426630244406	0.005688785332684462
-1.6466466466466467	0.0037694213287590966	0.005401683663745648
-1.6366366366366367	0.0035923616048297363	0.005133353104932231
-1.6266266266266267	0.003426324764245427	0.004882303117679674
-1.6166166166166167	0.0032704724778144004	0.0046471828563636785
-1.6066066066066067	0.0031240418679462645	0.004426766063941102
-1.5965965965965967	0.0029863376626785443	0.00421993781688139
-1.5865865865865867	0.0028567252745257494	0.004025682866959757
-1.5765765765765767	0.0027346246824896175	0.0038430753653946477
-1.5665665665665667	0.002619505013230948	0.003671269786542372
-1.5565565565565564	0.0025108797322136714	0.0035094928949924603
-1.5465465465465464	0.0024083023681940262	0.003357036622270462
-1.5365365365365364	0.0023113627050099926	0.0032132517382628526
-1.5265265265265264	0.002219683383675608	0.0030775422184743844
-1.5165165165165164	0.0021329168654015615	0.0029493602217546774
-1.5065065065065064	0.0020507427127681274	0.002828201604698283
-1.4964964964964964	0.0019728651518105852	0.0027136019087401464
-1.4864864864864864	0.0018990108826409272	0.002605132764362633
-1.4764764764764764	0.0018289271102871587	0.002502398664064703
-1.4664664664664664	0.0017623797710358492	0.002405034061877216
-1.4564564564564564	0.0016991519325961157	0.002312700762576374
-1.4464464464464464	0.0016390423490771479	0.0022250855683093066
-1.4364364364364364	0.0015818641540218381	0.0021418981543119757
-1.4264264264264264	0.0015274436768128764	0.00206286914884244
-1.4164164164164164	0.001475619369400545	0.0019877483954287675
-1.4064064064064064	0.0014262408319127282	0.001916303378115384
-1.3963963963963963	0.001379167926938991	0.0018483177926574505
-1.3863863863863863	0.001334269973505351	0.0017835902485658346
-1.3763763763763763	0.0012914250127246674	0.0017219330886444745
-1.3663663663663663	0.0012505191379974287	0.0016631713141478856
-1.3563563563563563	0.0012114458834455095	0.0016071416050262635
-1.3463463463463463	0.0011741056649127292	0.0015536914258670763
-1.3363363363363363	0.0011384052684960545	0.0015026782091844472
-1.3263263263263263	0.0011042573820935365	0.0014539686085811698
-1.3163163163163163	0.0010715801659266708	0.0014074378151254772
-1.3063063063063063	0.0010402968584251238	0.0013629689309766554
-1.2962962962962963	0.0010103354142212847	0.0013204523949044032
-1.2862862862862863	0.0009816281713262483	0.001279785454923309
-1.2762762762762763	0.0009541115448803943	0.00124087168371948
-1.2662662662662663	0.0009277257450924888	0.001203620533010951
-1.2562562562562563	0.0009024145172442068	0.0011679469233439857
-1.2462462462462462	0.0008781249018349687	0.0011337708661971792
-1.2362362362362362	0.000854807013121664	0.0011010171155431743
-1.2262262262262262	0.0008324138344833742	0.0010696148463239805
-1.2162162162162162	0.0008109010291854756	0.001039497357507269
-1.2062062062062062	0.0007902267652425089	0.001010601797646801
-1.1961961961961962	0.0007703515532219598	0.0009828689110340536
-1.1861861861861862	0.0007512380959111052	0.0009562428027252952
-1.1761761761761762	0.0007328511488826421	0.0009306707208808176
-1.1661661661661662	0.0007151573910808326	0.0009061028549951333
-1.1561561561561562	0.000698125304622354	0.0008824921487268331
-1.1461461461461462	0.0006817250630791492	0.0008597941261469924
-1.1361361361361362	0.0006659284275804821	0.0008379667303461994
-1.1261261261261262	0.000650708650121028	0.0008169701734082602
-1.1161161161161162	0.0006360403835174748	0.0007967667968697634
-1.1061061061061062	0.0006218995975061295	0.0007773209418439085
-1.0960960960960962	0.0006082635005138542	0.0007585988280671003
-1.0860860860860861	0.0005951104666751696	0.0007405684411853625
-1.0760760760760761	0.0005824199677037992	0.0007231994276520842
-1.0660660660660661	0.000570172509256919	0.0007064629966744491
-1.0560560560560561	0.0005583495714664592	0.0006903318286718894
-1.0460460460460461	0.0005469335533292815	0.0006747799897769478
-1.0360360360360361	0.0005359077206776595	0.0006597828519200196
-1.026026026026026	0.000525256157480135	0.0006453170181133545
-1.016016016016016	0.0005149637202237541	0.0006313602525368546
-1.006006006006006	0.0005050159951706697	0.0006178914150952868
-0.995995995995996	0.0004953992582842154	0.0006048904001301482
-0.985985985985986	0.00048610043763695114	0.0005923380789830008
-0.975975975975976	0.00047710707813194313	0.0005802162461520895
-0.965965965965966	0.0004684073083798777	0.0005685075687870472
-0.955955955955956	0.00045998980958114274	0.0005571955392918037
-0.9459459459459459	0.00045184378628457803	0.0005462644308261178
-0.9359359359359359	0.00044395893888909396	0.0005356992555056981
-0.9259259259259259	0.0004363254377802723	0.0005254857251220239
-0.9159159159159159	0.00042893389898820397	0.00051561021421291
-0.9059059059059059	0.00042177536127300386	0.0005060597253255177
-0.8958958958958959	0.0004148412645354091	0.0004968218563287088
-0.8858858858858859	0.00040812342947797975	0.00048788476964472654
-0.8758758758758759	0.0004016140384329896	0.00047923716326521686
-0.8658658658658659	0.0003953056172776063	0.0004708682434504532
-0.8558558558558559	0.0003891910183735765	0.0004627676989900224
-0.8458458458458459	0.0003832634044671596	0.00045492567693673585
-0.8358358358358359	0.00037751623348490393	0.00044733275971276204
-0.8258258258258259	0.00037194324417482024	0.0004399799435088561
-0.8158158158158159	0.00036653844253718525	0.0004328586178872679
-0.8058058058058059	0.0003612960890002239	0.0004259605465267261
-0.7957957957957958	0.00035621068629185633	0.0004192778490221497
-0.7857857857857858	0.0003512769679680576	0.0004128029836915428
-0.7757757757757757	0.00034648988755958866	0.0004065287313198139
-0.7657657657657657	0.00034184460829498556	0.00040044817978136126
-0.7557557557557557	0.00033733649337337453	0.00039455470949692565
-0.7457457457457457	0.0003329610967475193	0.0003888419796671
-0.7357357357357357	0.0003287141543944047	0.0003833039152410054
-0.7257257257257257	0.0003245915760372172	0.00037793469457555345
-0.7157157157157157	0.0003205894373011703	0.0003727287377461352
-0.7057057057057057	0.0003167039722711051	0.0003676806954689383
-0.6956956956956957	0.00031293156643150236	0.0003627854386007968
-0.6856856856856857	0.0003092687499708661	0.00035803804818405904
-0.6756756756756757	0.00030571219141974917	0.0003534338060043055
-0.6656656656656657	0.00030225869161521894	0.0003489681856348081
-0.6556556556556556	0.00029890517796751694	0.00034463684393300025
-0.6456456456456456	0.00029564869901075485	0.00034043561297512914
-0.6356356356356356	0.00029248641922939236	0.00033636049239484805
-0.6256256256256256	0.000289415614136598	0.00033240764210591483
-0.6156156156156156	0.00028643366559953713	0.000328573375392727
-0.6056056056056056	0.00028353805738869054	0.0003248541523429569
-0.5955955955955956	0.0002807263709511969	0.00032124657360647847
-0.5855855855855856	0.0002779962813825207	0.00031774737446235355
-0.5755755755755756	0.00027534555359997405	0.0003143534191783064
-0.5655655655655656	0.00027277203869610135	0.00031106169564441654
-0.5555555555555556	0.0002702736704699596	0.0003078693102709939
-0.5455455455455456	0.00026784846212141514	0.0003047734831334149
-0.5355355355355356	0.0002654945031092863	0.0003017715433529749
-0.5255255255255256	0.0002632099561517962	0.0002988609246973357
-0.5155155155155156	0.0002609930543722408	0.0002960391613985004
-0.5055055055055055	0.00025884209858134666	0.0002933038841646802
-0.4954954954954955	0.00025675545468373885	0.00029065281638838763
-0.4854854854854855	0.0002547315512119351	0.00028808377053275377
-0.4754754754754755	0.0002527688769690498	0.0002855946446893769
-0.46546546546546547	0.00025086597878730724	0.0002831834193018083
-0.45545545545545546	0.00024902145938941717	0.0002808481540420711
-0.44544544544544545	0.0002472339753492695	0.000278586984835673
-0.43543543543543545	0.00024550223514803	0.0002763981210287811
-0.42542542542542544	0.00024382499732358948	0.0002742798426886045
-0.41541541541541543	0.00024220106869939662	0.0002722304980286539
-0.40540540540540543	0.00024062930270502109	0.00027024850095858424
-0.3953953953953954	0.00023910859776493805	0.0002683323287496854
-0.38538538538538536	0.00023763789577209475	0.0002664805198089292
-0.37537537537537535	0.00023621618062591115	0.00026469167155952967
-0.36536536536536535	0.00023484247684282445	0.00026296443842243483
-0.35535535535535534	0.00023351584822912212	0.00026129752989217464
-0.34534534534534533	0.00023223539661866552	0.0002596897087069529
-0.3353353353353353	0.0002310002606688102	0.0002581397891039484
-0.3253253253253253	0.00022980961471546726	0.0002566466351602043
-0.3153153153153153	0.00022866266767999904	0.00025520915921298443
-0.3053053053053053	0.00022755866203201424	0.00025382632035669193
-0.2952952952952953	0.0002264968728000434	0.0002524971230144464
-0.2852852852852853	0.00022547660663071502	0.00025122061558040243
-0.2752752752752753	0.00022449720089628183	0.00024999588912719134
-0.2652652652652653	0.00022355802284560532	0.0002488220761826982
-0.2552552552552553	0.00022265846879748345	0.0002476983495650812
-0.24524524524524524	0.00022179796337462563	0.0002466239212810753
-0.23523523523523523	0.00022097595878035873	0.00024559804147904316
-0.22522522522522523	0.00022019193411179996	0.00024461999746340155
-0.21521521521521522	0.00021944539470712993	0.00024368911275268922
-0.20520520520520522	0.00021873587153548474	0.00024280474620176683
-0.19519519519519518	0.00021806292061457035	0.00024196629116348948
-0.18518518518518517	0.000217426122465462	0.00024117317470474835
-0.17517517517517517	0.00021682508159751864	0.0002404248568676499
-0.16516516516516516	0.00021625942602767628	0.0002397208299752726
-0.15515515515515516	0.00021572880682689774	0.0002390606179826023
-0.14514514514514515	0.00021523289769818615	0.00023844377586940106
-0.13513513513513514	0.0002147713945818631	0.00023786988907433963
-0.12512512512512514	0.0002143440152916944	0.00023733857297139404
-0.11511511511511512	0.00021395049917349006	0.00023684947238140832
-0.10510510510510511	0.0002135906067973211	0.0002364022611281031
-0.09509509509509509	0.0002132641196686401	0.00023599664162683641
-0.08508508508508508	0.0002129708399694686	0.00023563234451144915
-0.07507507507507508	0.0002127105903234883	0.00023530912829908707
-0.06506506506506507	0.000212483213586621	0.0002350267790878604
-0.055055055055055056	0.00021228857266013417	0.000234785110289195
-0.04504504504504504	0.00021212655032972809	0.0002345839623995431
-0.035035035035035036	0.00021199704912660614	0.00023442320279910557
-0.025025025025025027	0.00021189999121254692	0.0002343027255889269
-0.015015015015015015	0.00021183531828924713	0.00023422245145944992
-0.005005005005005005	0.00021180299152839525	0.0002341823275905745
0.005005005005005005	0.00021180299152883959	0.0002341823275909086
0.015015015015015015	0.00021183531828880355	0.00023422245145945296
0.025025025025025027	0.0002118999912119926	0.00023430272558926508
0.035035035035035036	0.00021199704912682943	0.0002344232027991127
0.04504504504504504	0.00021212655033006278	0.0002345839623997746
0.055055055055055056	0.000212288572660136	0.00023478511028898465
0.06506506506506507	0.00021248321358629095	0.00023502677908742998
0.07507507507507508	0.00021271059032326934	0.00023530912829932484
0.08508508508508508	0.00021297083996936003	0.0002356323445115776
0.09509509509509509	0.00021326411966886467	0.00023599664162696684
0.10510510510510511	0.00021359060679721482	0.00023640226112812336
0.11511511511511512	0.00021395049917349613	0.00023684947238121015
0.12512512512512514	0.00021434401529125637	0.00023733857297097733
0.13513513513513514	0.00021477139458186902	0.00023786988907436712
0.14514514514514515	0.0002152328976979692	0.00023844377586954403
0.15515515515515516	0.0002157288068270137	0.0002390606179825227
0.16516516516516516	0.00021625942602768023	0.00023972082997508512
0.17517517517517517	0.0002168250815974116	0.00024042485686757878
0.18518518518518517	0.000217426122465251	0.00024117317470456341
0.19519519519519518	0.0002180629206146874	0.00024196629116320675
0.20520520520520522	0.00021873587153527351	0.0002428047462019221
0.21521521521521522	0.00021944539470713926	0.0002436891127525231
0.22522522522522523	0.00022019193411148655	0.00024461999746344415
0.23523523523523523	0.00022097595878058373	0.000245598041479425
0.24524524524524524	0.00022179796337441836	0.0002466239212805796
0.2552552552552553	0.0002226584687977071	0.00024769834956525454
0.2652652652652653	0.00022355802284562419	0.000248822076182983
0.2752752752752753	0.00022449720089651328	0.00024999588912737414
0.2852852852852853	0.00022547660663049793	0.00025122061558046944
0.2952952952952953	0.00022649687280005445	0.00025249712301450496
0.3053053053053053	0.0002275586620318076	0.00025382632035631994
0.3153153153153153	0.00022866266768012308	0.00025520915921272303
0.3253253253253253	0.0002298096147150428	0.0002566466351599457
0.3353353353353353	0.00023100026066881908	0.00025813978910391806
0.34534534534534533	0.00023223539661845885	0.0002596897087069232
0.35535535535535534	0.00023351584822902928	0.0002612975298921439
0.36536536536536535	0.000234842476843076	0.00026296443842252894
0.37537537537537535	0.00023621618062593934	0.00026469167155940867
0.38538538538538536	0.00023763789577213552	0.0002664805198089378
0.3953953953953954	0.0002391085977650634	0.0002683323287497799
0.40540540540540543	0.00024062930270502976	0.0002702485009583574
0.41541541541541543	0.0002422010686998586	0.00027223049802833243
0.42542542542542544	0.00024382499732370053	0.00027427984268851683
0.43543543543543545	0.00024550223514816877	0.0002763981210285582
0.44544544544544545	0.00024723397534886696	0.0002785869848352701
0.45545545545545546	0.0002490214593890918	0.00028084815404163675
0.46546546546546547	0.0002508659787870019	0.0002831834193018643
0.4754754754754755	0.0002527688769687479	0.0002855946446896124
0.4854854854854855	0.00025473155121183536	0.0002880837705327802
0.4954954954954955	0.0002567554546839011	0.00029065281638856463
0.5055055055055055	0.00025884209858082353	0.0002933038841647461
0.5155155155155156	0.00026099305437206913	0.00029603916139810306
0.5255255255255256	0.00026320995615159137	0.0002988609246970815
0.5355355355355356	0.00026549450310934267	0.0003017715433525966
0.5455455455455456	0.00026784846212145937	0.0003047734831333906
0.5555555555555556	0.0002702736704694616	0.0003078693102707231
0.5655655655655656	0.0002727720386961803	0.00031106169564442174
0.5755755755755756	0.00027534555360023865	0.00031435341917842013
0.5855855855855856	0.0002779962813826803	0.00031774737446249503
0.5955955955955956	0.00028072637095104253	0.0003212465736062728
0.6056056056056056	0.0002835380573890723	0.0003248541523424996
0.6156156156156156	0.0002864336655991485	0.00032857337539265416
0.6256256256256256	0.00028941561413680104	0.00033240764210576033
0.6356356356356356	0.00029248641922925787	0.0003363604923947717
0.6456456456456456	0.0002956486990105986	0.0003404356129752454
0.6556556556556556	0.0002989051779677095	0.0003446368439329507
0.6656656656656657	0.00030225869161566406	0.0003489681856346614
0.6756756756756757	0.00030571219141949416	0.00035343380600415974
0.6856856856856857	0.0003092687499709511	0.00035803804818419435
0.6956956956956957	0.00031293156643145894	0.00036278543860069435
0.7057057057057057	0.00031670397227101835	0.0003676806954689626
0.7157157157157157	0.00032058943730115295	0.000372728737746038
0.7257257257257257	0.0003245915760374515	0.0003779346945753782
0.7357357357357357	0.0003287141543943006	0.00038330391524086306
0.7457457457457457	0.00033296109674766505	0.0003888419796668762
0.7557557557557557	0.0003373364933730848	0.00039455470949706096
0.7657657657657657	0.0003418446082948762	0.00040044817978107314
0.7757757757757757	0.00034648988755950366	0.0004065287313200083
0.7857857857857858	0.00035127696796783905	0.0004128029836913398
0.7957957957957958	0.00035621068629168107	0.0004192778490217835
0.8058058058058059	0.00036129608900025513	0.00042596054652675383
0.8158158158158159	0.0003665384425373831	0.000432858617887445
0.8258258258258259	0.00037194324417473177	0.00043997994350844125
0.8358358358358359	0.0003775162334848468	0.0004473327597131803
0.8458458458458459	0.0003832634044670849	0.00045492567693671156
0.8558558558558559	0.0003891910183736962	0.00046276769899005534
0.8658658658658659	0.0003953056172774241	0.00047086824345043065
0.8758758758758759	0.0004016140384323024	0.00047923716326518726
0.8858858858858859	0.0004081234294774348	0.00048788476964417116
0.8958958958958959	0.0004148412645349752	0.0004968218563286116
0.9059059059059059	0.00042177536127268103	0.0005060597253252573
0.9159159159159159	0.0004289338989882907	0.0005156102142124692
0.9259259259259259	0.00043632543777969964	0.0005254857251216281
0.9359359359359359	0.0004439589388889725	0.0005356992555054933
0.9459459459459459	0.00045184378628423797	0.0005462644308257533
0.955955955955956	0.00045998980958093094	0.0005571955392917239
0.965965965965966	0.00046840730837925627	0.0005685075687863113
0.975975975975976	0.00047710707813188415	0.0005802162461519334
0.985985985985986	0.0004861004376370587	0.0005923380789824453
0.995995995995996	0.0004953992582841182	0.0006048904001296379
1.006006006006006	0.0005050159951707737	0.0006178914150947001
1.016016016016016	0.0005149637202233029	0.0006313602525365352
1.026026026026026	0.0005252561574800517	0.0006453170181130733
1.0360360360360361	0.0005359077206775344	0.0006597828519198772
1.0460460460460461	0.000546933553328542	0.0006747799897765554
1.0560560560560561	0.0005583495714660983	0.000690331828671893
1.0660660660660661	0.0005701725092568427	0.0007064629966739179
1.0760760760760761	0.000582419967703143	0.000723199427651685
1.0860860860860861	0.0005951104666753883	0.0007405684411847342
1.0960960960960962	0.0006082635005134827	0.0007585988280666175
1.1061061061061062	0.0006218995975060564	0.0007773209418432695
1.1161161161161162	0.0006360403835170617	0.0007967667968691385
1.1261261261261262	0.000650708650121292	0.0008169701734079337
1.1361361361361362	0.0006659284275804613	0.0008379667303457271
1.1461461461461462	0.0006817250630786007	0.0008597941261463466
1.1561561561561562	0.0006981253046218609	0.0008824921487259788
1.1661661661661662	0.0007151573910809783	0.000906102854995015
1.1761761761761762	0.0007328511488822046	0.0009306707208797687
1.1861861861861862	0.0007512380959105914	0.0009562428027244965
1.1961961961961962	0.0007703515532219459	0.000982868911032852
1.2062062062062062	0.0007902267652418215	0.00101060179764612
1.2162162162162162	0.0008109010291849547	0.0010394973575063797
1.2262262262262262	0.0008324138344834438	0.0010696148463232302
1.2362362362362362	0.0008548070131211709	0.0011010171155422437
1.2462462462462462	0.0008781249018344826	0.00113377086619604
1.2562562562562563	0.0009024145172441511	0.0011679469233436034
1.2662662662662663	0.0009277257450921416	0.00120362053300952
1.2762762762762763	0.0009541115448800611	0.0012408716837185284
1.2862862862862863	0.000981628171325547	0.0012797854549219682
1.2962962962962963	0.0010103354142204442	0.0013204523949027008
1.3063063063063063	0.0010402968584248043	0.001362968930975106
1.3163163163163163	0.0010715801659256982	0.0014074378151242334
1.3263263263263263	0.0011042573820928417	0.0014539686085795578
1.3363363363363363	0.0011384052684952138	0.0015026782091827654
1.3463463463463463	0.0011741056649117842	0.0015536914258649844
1.3563563563563563	0.001211445883444738	0.0016071416050243241
1.3663663663663663	0.0012505191379965951	0.0016631713141462313
1.3763763763763763	0.0012914250127242784	0.0017219330886430288
1.3863863863863863	0.0013342699735047257	0.0017835902485637213
1.3963963963963963	0.0013791679269381154	0.0018483177926549898
1.4064064064064064	0.0014262408319118945	0.0019163033781129644
1.4164164164164164	0.0014756193693997112	0.001987748395425458
1.4264264264264264	0.001527443676811153	0.0020628691488396166
1.4364364364364364	0.0015818641540208374	0.002141898154309152
1.4464464464464464	0.001639042349075424	0.0022250855683065944
1.4564564564564564	0.0016991519325951284	0.0023127007625728963
1.4664664664664664	0.001762379771034473	0.0024050340618735296
1.4764764764764764	0.001828927110285991	0.0025023986640608214
1.4864864864864864	0.0018990108826394396	0.002605132764358876
1.4964964964964964	0.0019728651518085274	0.002713601908735554
1.5065065065065064	0.002050742712766208	0.0028282016046943443
1.5165165165165164	0.0021329168653996702	0.0029493602217497087
1.5265265265265264	0.002219683383673244	0.0030775422184694565
1.5365365365365364	0.00231136270500767	0.0032132517382572837
1.5465465465465464	0.002408302368191133	0.00335703662226421
1.5565565565565564	0.0025108797322111113	0.003509492894986374
1.5665665665665667	0.0026195050132282764	0.0036712697865357276
1.5765765765765767	0.002734624682486918	0.003843075365387654
1.5865865865865867	0.0028567252745231608	0.004025682866952177
1.5965965965965967	0.0029863376626753715	0.00421993781687339
1.6066066066066067	0.0031240418679423106	0.00442676606393218
1.6166166166166167	0.0032704724778102228	0.004647182856354587
1.6266266266266267	0.0034263247642416675	0.004882303117669104
1.6366366366366367	0.0035923616048257807	0.005133353104921658
1.6466466466466467	0.00376942132875489	0.005401683663734319
1.6566566566566567	0.003958426630239863	0.00568878533267179
1.6666666666666667	0.004160394717098386	0.005996305594839388
1.6766766766766767	0.004376448892291319	0.006326068629422167
1.6866866866866868	0.0046078318023025505	0.006680097981980489
1.6966966966966968	0.004855920629888794	0.007060642652450793
1.7067067067067068	0.005122244561469065	0.007470207197222111
1.7167167167167168	0.005408504923572285	0.007911586560669901
1.7267267267267268	0.005716598460939384	0.008387906497311408
1.7367367367367368	0.006048644324667648	0.008902670625243723
1.7467467467467468	0.006407015456475075	0.00945981537335771
1.7567567567567568	0.006794375200530651	0.01006377436027457
1.7667667667667668	0.007213720154574165	0.010719554086561535
1.7767767767767768	0.0076684304966112265	0.011432823252499405
1.7867867867867868	0.008162329304709469	0.012210018556394933
1.7967967967967968	0.008699752741236527	0.01305847051591644
1.8068068068068068	0.009285633420573428	0.01398655373071676
1.8168168168168168	0.009925599848732442	0.015003867126759825
1.8268268268268268	0.010626095552058382	0.016121451169754487
1.8368368368368369	0.011394522450226622	0.017352050912795108
1.8468468468468469	0.012239414244371935	0.018710436196952996
1.8568568568568569	0.013170647177004982	0.020213793552941187
1.8668668668668669	0.014199697604101153	0.021882208634895612
1.8768768768768769	0.015339958578530648	0.023739263743625685
1.8868868868868869	0.01660713132575458	0.025812782718430384
1.896896896896897	0.018019712448246378	0.028135765984427488
1.906906906906907	0.01959960442514387	0.030747572979829586
1.916916916916917	0.021372886201703644	0.033695429229925106
1.926926926926927	0.02337079344588787	0.03703636346470876
1.936936936936937	0.025630975950053682	0.04083972012563121
1.946946946946947	0.028199125016685103	0.045190450059352634
1.956956956956957	0.031131100049564524	0.05019346594968964
1.966966966966967	0.034495736471175896	0.05597947293240114
1.976976976976977	0.038378595124301314	0.06271287102945323
1.986986986986987	0.042887030254862575	0.07060261069994407
1.996996996996997	0.04815713141279972	0.07991732621635804
2.007007007007007	0.0543633713628252	0.09100677652018536
2.017017017017017	0.06173223061258331	0.10433276935004616
2.027027027027027	0.07056177961985348	0.12051465451060937
2.037037037037037	0.08125037937872322	0.14039774370939842
2.047047047047047	0.09433967382156545	0.1651587914675306
2.057057057057057	0.11058058761521618	0.1964732280100494
2.067067067067067	0.1310374857352514	0.23678888393908973
2.0770770770770772	0.15725783833292892	0.28979073313222686
2.0870870870870872	0.19155882632946816	0.3612242157657519
2.0970970970970972	0.2375324313399304	0.4604284116387714
2.1071071071071072	0.30098113393961823	0.6033654875245487
2.1171171171171173	0.39175808186630434	0.8190502666583276
2.1271271271271273	0.5276594998526011	1.164443409578147
2.1371371371371373	0.7434407643767055	1.7628964134459546
2.1471471471471473	1.1142774641236766	2.917585436164271
2.1571571571571573	1.8269937668974958	5.5007011639925265
2.1671671671671673	3.4474409369823418	12.346435106059353
2.1771771771771773	8.265766695452587	26.98760301773395
2.1871871871871873	28.121934721287147	21.38051562026052
2.1971971971971973	34.01711619109571	9.342218357097138
2.2072072072072073	10.18373115186904	4.65444047315209
2.2172172172172173	4.205754159465515	2.7227720745013295
2.2272272272272273	2.2520376124851937	1.7809991137670274
2.2372372372372373	1.40242733690154	1.2582778638613596
2.2472472472472473	0.9606737129979862	0.9395109755012407
2.2572572572572573	0.7022680896451658	0.731070611971583
2.2672672672672673	0.5380746907103442	0.5873100592258991
2.2772772772772774	0.42717334961271053	0.48392103801060377
2.2872872872872874	0.3486733784563837	0.4070219297593354
2.2972972972972974	0.29101105267082444	0.3482256716074129
2.3073073073073074	0.24736505440661186	0.3022246245776538
2.3173173173173174	0.21349966078153948	0.2655273973745975
2.3273273273273274	0.18667110255563021	0.23576081302769883
2.3373373373373374	0.1650379529703609	0.21126579622372524
2.3473473473473474	0.1473265841339591	0.19085390616159376
2.3573573573573574	0.1326329544461546	0.17365550465063256
2.3673673673673674	0.12030072990623518	0.1590221720210388
2.3773773773773774	0.10984389060836558	0.1464623003875272
2.3873873873873874	0.10089618038057635	0.13559757017757948
2.3973973973973974	0.09317725698650077	0.12613291252356357
2.4074074074074074	0.08646951780444008	0.11783538259051732
2.4174174174174174	0.08060191634791454	0.11051904387032414
2.4274274274274275	0.07543845702240339	0.10403398384212709
2.4374374374374375	0.07086988236195227	0.09825821790428871
2.4474474474474475	0.06680757784319631	0.093091644179002
2.4574574574574575	0.06317904219099228	0.0884514755066769
2.4674674674674675	0.059924479310425466	0.0842687494885777
2.4774774774774775	0.05699420482606188	0.080485634886932
2.4874874874874875	0.05434665170802997	0.07705333294419232
2.4974974974974975	0.05194682161952046	0.07393042780022696
2.5075075075075075	0.049765071465147706	0.07108157924072166
2.5175175175175175	0.04777615455688671	0.06847647877176076
2.5275275275275275	0.04595845699826198	0.06608900997673993
2.5375375375375375	0.04429338505455916	0.0638965686182536
2.5475475475475475	0.042764870256174176	0.06187950859620623
2.5575575575575575	0.041358967011927636	0.060020687763948914
2.5675675675675675	0.0400635234390322	0.0583050935031711
2.5775775775775776	0.038867910534896126	0.05671953240504707
2.5875875875875876	0.037762798137192424	0.055252371784178314
2.5975975975975976	0.03673996863469901	0.05389332333823899
2.6076076076076076	0.03579216131255325	0.052633261260478306
2.6176176176176176	0.03491294169280073	0.05146406865976737
2.6276276276276276	0.03409659137496668	0.05037850735185072
2.6376376376376376	0.033338014772725556	0.049370107035342954
2.6476476476476476	0.032632659841755646	0.04843307061691045
2.6576576576576576	0.0319764504452013	0.047562193046749544
2.6676676676676676	0.03136572844045702	0.04675279150227655
2.6776776776776776	0.030797203919703316	0.046000645140684686
2.6876876876876876	0.030267912316224554	0.04530194294993318
2.6976976976976976	0.029775177313573337	0.04465323847801086
2.7077077077077076	0.029316578676908452	0.0440514104241868
2.7177177177177176	0.02888992427389365	0.04349362824254727
2.7277277277277276	0.028493225673448447	0.04297732204491058
2.7377377377377377	0.028124676809730763	0.042500156202940696
2.7477477477477477	0.027782635280313855	0.0420600061425609
2.7577577577577577	0.02746560591486386	0.041654937901137674
2.7677677677677677	0.027172226306515095	0.04128319008246515
2.7777777777777777	0.026901254044612608	0.04094315789846642
2.7877877877877877	0.026651555426311178	0.040633379031769834
2.7977977977977977	0.026422095457025892	0.04035252109137636
2.8078078078078077	0.026211928977055026	0.040099370465728874
2.8178178178178177	0.026020192774730166	0.03987282240470622
2.8278278278278277	0.02584609856593326	0.03967187218511135
2.8378378378378377	0.025688926736290616	0.039495607233906875
2.8478478478478477	0.02554802075645712	0.039343200100195035
2.8578578578578577	0.025422782192831707	0.03921390218131863
2.8678678678678677	0.025312666246299853	0.03910703812078126
2.8778778778778777	0.02521717776036976	0.0390220008063011
2.8878878878878878	0.025135867647625224	0.038958246905468376
2.8978978978978978	0.025068329689899745	0.03891529288440004
2.9079079079079078	0.02501419767321377	0.03889271146166076
2.9179179179179178	0.02497314282336172	0.038890128455737
2.9279279279279278	0.0249448715122852	0.03890721998951727
2.937937937937938	0.02492912320901541	0.03894371001986588
2.947947947947948	0.024925668652211696	0.03899936816436284
2.957957957957958	0.02493430822411852	0.03907400780082555
2.967967967967968	0.02495487050823642	0.03916748441838304
2.977977977977978	0.024987211015165565	0.039279694201624756
2.987987987987988	0.025031211063038624	0.03941057283187247
2.997997997997998	0.02508677680061237	0.03956009449179417
3.008008008008008	0.025153838362634188	0.03972827106165124
3.018018018018018	0.025232349148487116	0.03991515149723743
3.028028028028028	0.02532228521624535	0.04012082138127253
3.038038038038038	0.02542364478546301	0.040345402641515496
3.048048048048048	0.02553644784297335	0.04058905343030686
3.058058058058058	0.02566073584689491	0.04085196816154752
3.068068068068068	0.02579657152485925	0.0411343777024292
3.078078078078078	0.025944038763296148	0.0414365497183873
3.088088088088088	0.026103242585302774	0.04175878917090458
3.098098098098098	0.026274309215303552	0.042101438968991094
3.108108108108108	0.026457386229407385	0.04246488077619041
3.118118118118118	0.02665264279092497	0.042849535976153263
3.1281281281281283	0.026860269971184778	0.0432558668009235
3.1381381381381384	0.027080481156352122	0.04368437762722305
3.1481481481481484	0.02731351254155182	0.04413561644724224
3.1581581581581584	0.027559623714199295	0.044610176521632565
3.1681681681681684	0.027819098329073567	0.045108698223769686
3.1781781781781784	0.02809224487824657	0.045631871085673986
3.1881881881881884	0.028379397559669124	0.04618043605747833
3.1981981981981984	0.02868091724885984	0.04675518799389226
3.2082082082082084	0.02899719257888821	0.047356978382855
3.2182182182182184	0.029328641134560497	0.0479867183333813
3.2282282282282284	0.029675710767550514	0.0486453818416487
3.2382382382382384	0.030038881040059494	0.04933400935655478
3.2482482482482484	0.03041866480557477	0.05005371166846078
3.2582582582582584	0.0308156099362483	0.05080567414742355
3.2682682682682684	0.031230301207561654	0.05159116136026102
3.2782782782782784	0.03166336235217902	0.052411522098985815
3.2882882882882885	0.03211545829615352	0.05326819485683401
3.2982982982982985	0.03258729759220356	0.05416271379213621
3.3083083083083085	0.03307963506630749	0.05509671522475366
3.3183183183183185	0.03359327469574895	0.056071944714864375
3.3283283283283285	0.03412907273862826	0.05709026477950159
3.3383383383383385	0.03468794113718339	0.05815366330853918
3.3483483483483485	0.03527085121961265	0.059264262748875744
3.3583583583583585	0.03587883772791039	0.060424330133585134
3.3683683683683685	0.03651300320228156	0.06163628804166115
3.3783783783783785	0.037174522756114	0.06290272658416426
3.3883883883883885	0.03786464927936713	0.0642264165239221
3.3983983983983985	0.03858471911256613	0.06561032364886663
3.4084084084084085	0.03933615823844166	0.06705762453368282
3.4184184184184185	0.04012048904378354	0.0685717238409987
3.4284284284284285	0.04093933771023275	0.07015627333225255
3.4384384384384385	0.04179444229977251	0.07181519277967609
3.4484484484484486	0.04268766160862146	0.07355269299541728
3.4584584584584586	0.0436209848722025	0.07537330122155982
3.4684684684684686	0.04459654241410245	0.07728188915682184
3.4784784784784786	0.04561661734360242	0.07928370393212475
3.4884884884884886	0.04668365841953933	0.08138440238919449
3.4984984984984986	0.0478002942135095	0.0835900890644957
3.5085085085085086	0.048969348722653565	0.08590735833616765
3.5185185185185186	0.05019385860216468	0.08834334125563068
3.5285285285285286	0.05147709221040127	0.09090575765922354
3.5385385385385386	0.052822570685730326	0.09360297424079472
3.5485485485485486	0.05423409130438188	0.09644406936499146
3.5585585585585586	0.05571575340343894	0.09943890551617066
3.5685685685685686	0.0572719871934708	0.10259821041144383
3.5785785785785786	0.05890758583192031	0.10593366796235751
3.5885885885885886	0.060627741182821854	0.10945802045174347
3.5985985985985987	0.06243808375144922	0.11318518350521072
3.6086086086086087	0.06434472735632654	0.11713037568637709
3.6186186186186187	0.0663543191872198	0.12131026483798611
3.6286286286286287	0.06847409599875882	0.12574313363578052
3.6386386386386387	0.0707119473080776	0.130449067228335
3.6486486486486487	0.07307648660464057	0.1354501663155731
3.6586586586586587	0.07557713174553697	0.1407707895859491
3.6686686686686687	0.07822419590487921	0.14643783010394523
3.6786786786786787	0.08102899067792882	0.15248103103662553
3.6886886886886887	0.08400394321653172	0.15893334705464704
3.6986986986986987	0.08716272960188788	0.1658313588692128
3.7087087087087087	0.0905204270549763	0.17321574970731257
3.7187187187187187	0.09409368805815713	0.18113185412509308
3.7287287287287287	0.09790094003144748	0.1896302914634616
3.7387387387387387	0.10196261489507949	0.19876769851966306
3.7487487487487487	0.10630141368396225	0.20860757871172309
3.7587587587587588	0.11094261239320086	0.21922128822757952
3.7687687687687688	0.11591441647008313	0.23068918346439132
3.7787787787787788	0.12124837288072059	0.24310195857005498
3.7887887887887888	0.12697985053720628	0.2565622071929465
3.798798798798799	0.13314860216024743	0.2711862487116517
3.808808808808809	0.1397994234834338	0.28710626630886577
3.818818818818819	0.14698292921894118	0.30447281226075007
3.828828828828829	0.15475646958171782	0.3234577446005579
3.838838838838839	0.16318521664157032	0.3442576685258226
3.848848848848849	0.17234345663896375	0.3670979648138747
3.858858858858859	0.1823161330467175	0.3922374947130392
3.868868868868869	0.19320069608436682	0.41997407385479696
3.878878878878879	0.20510932824060948	0.45065080254111556
3.888888888888889	0.2181716329660992	0.4846633194043663
3.898898898898899	0.23253789614219947	0.5224679986458782
3.908908908908909	0.24838305859618257	0.5645910196983781
3.918918918918919	0.26591157458851283	0.6116380734707918
3.928928928928929	0.285363378070919	0.6643041864472832
3.938938938938939	0.3070212383556599	0.7233826741783186
3.948948948948949	0.3312198629204868	0.7897714768986813
3.958958958958959	0.3583572010601414	0.8644739358664023
3.968968968968969	0.3889085215566793	0.9485892432649471
3.978978978978979	0.4234439828201189	1.0432851070786406
3.988988988988989	0.4626505836337001	1.1497414046054522
3.998998998998999	0.5073595663151198	1.2690487393215708
4.009009009009009	0.558580511847362	1.4020404382239167
4.019019019019019	0.6175434482225773	1.5490325509133627
4.029029029029029	0.6857501387055948	1.709448331097859
4.039039039039039	0.7650350201949861	1.8813199640944673
4.049049049049049	0.8576344221361976	2.0607035259275386
4.059059059059059	0.9662585668630158	2.241125195488728
4.069069069069069	1.0941523200186136	2.4132934067693963
4.079079079079079	1.2451140185508662	2.5654155478131035
4.089089089089089	1.4234109731881535	2.6844392871103206
4.099099099099099	1.6334773006423575	2.7582678064198625
4.109109109109109	1.8791982209871	2.778471420853601
4.119119119119119	2.1624856245887765	2.742512684987093
4.129129129129129	2.480801909000622	2.6544758818161673
4.1391391391391394	2.823497351696436	2.523936718544493
4.1491491491491495	3.167676834740956	2.3635228647470585
4.1591591591591595	3.47609169395935	2.186230622440804
4.1691691691691695	3.7013763061401916	2.003399181450764
4.1791791791791795	3.7996150895812346	1.8236934286889617
4.1891891891891895	3.748884750022391	1.6529593608207886
4.1991991991991995	3.560315695327171	1.4946067891710868
4.2092092092092095	3.2724012928805233	1.350194864555141
4.2192192192192195	2.93343477908551	1.220011372649483
4.2292292292292295	2.585175877908095	1.1035491692045754
4.2392392392392395	2.2554652594468374	0.9998567649939956
4.2492492492492495	1.9586881075891056	0.9077763768856421
4.2592592592592595	1.6996330189961366	0.8260948538062499
4.2692692692692695	1.4774945528597994	0.7536327767370561
4.2792792792792795	1.2887832605315364	0.6892923154140479
4.2892892892892895	1.1290818427567133	0.632078937539608
4.2992992992992995	0.9939674644594908	0.5811073467670281
4.3093093093093096	0.8794273819343243	0.5355984584052935
4.31931931931932	0.7819993962132316	0.49487171477084524
4.32932932932933	0.6987770850590276	0.45833536169776085
4.33933933933934	0.6273567991222209	0.4254762194993605
4.34934934934935	0.5657657495276341	0.39584979659648517
4.35935935935936	0.5123897257603944	0.36907117411482815
4.36936936936937	0.4659081535353646	0.34480683986244176
4.37937937937938	0.42523886537253197	0.3227675069429542
4.38938938938939	0.3894925100778786	0.30270187478359195
4.3993993993994	0.3579355411113088	0.2843912524254717
4.40940940940941	0.3299604413194177	0.2676449491570516
4.41941941941942	0.30506187477254015	0.252296335864682
4.42942942942943	0.282817612996126	0.23819948568606258
4.43943943943944	0.26287327141533373	0.22522631103271445
4.44944944944945	0.24493007213572393	0.21326412368082817
4.45945945945946	0.22873500612131872	0.2022135542420816
4.46946946946947	0.2140728980056417	0.19198677630909852
4.47947947947948	0.20075998185433397	0.1825059886492836
4.48948948948949	0.1886386796901716	0.17370211591328052
4.4994994994995	0.177573340321667	0.16551369445082842
4.50950950950951	0.16744674750540836	0.1578859150621027
4.51951951951952	0.15815724671408082	0.15076979895295686
4.52952952952953	0.14961637122242522	0.14412148690925095
4.53953953953954	0.14174687280917447	0.1379016248572794
4.54954954954955	0.13448108163369865	0.13207483162197767
4.55955955955956	0.127759534972144	0.12660923691235312
4.56956956956957	0.1215298264111643	0.12147607942164096
4.57957957957958	0.1157456365102761	0.11664935648722985
4.58958958958959	0.11036591340679146	0.11210551806123172
4.5995995995996	0.10535417777502679	0.10782319883874074
4.60960960960961	0.10067793129256952	0.10378298331177721
4.61961961961962	0.09630815156647894	0.09996719929172397
4.62962962962963	0.09221885952853365	0.09635973609603482
4.63963963963964	0.08838674777615209	0.09294588414587619
4.64964964964965	0.08479086033488074	0.08971219318733761
4.65965965965966	0.08141231594350995	0.08664634674306303
4.66966966966967	0.07823406828948207	0.08373705073611158
4.67967967967968	0.07524069770788275	0.08097393451195478
4.68968968968969	0.07241822974935072	0.0783474627269941
4.6996996996997	0.0697539767575245	0.07584885677844658
4.70970970970971	0.06723639920428531	0.07347002462703564
4.71971971971972	0.06485498403552181	0.07120349801525128
4.72972972972973	0.06260013769922458	0.06904237621354299
4.73973973973974	0.06046309187806153	0.0669802755383823
4.74974974974975	0.0584358202412294	0.0650112839821142
4.75975975975976	0.05651096477629558	0.06312992037731749
4.76976976976977	0.05468177046859927	0.061331097589937274
4.77977977977978	0.05294202727024084	0.059610089297477964
4.78978978978979	0.05128601844841988	0.05796249996214858
4.7997997997998	0.04970847452814818	0.05638423765559555
4.80980980980981	0.04820453215068954	0.05487148943243161
4.81981981981982	0.04676969726003845	0.05342069898518012
4.82982982982983	0.0453998121071174	0.052028546344077206
4.83983983983984	0.04409102562785365	0.0506919294122851
4.84984984984985	0.04283976680821871	0.0494079471506335
4.85985985985986	0.04164272069833792	0.048173884246803904
4.86986986986987	0.04049680677998386	0.046987197122104155
4.87987987987988	0.039399159428242785	0.045845501144960166
4.88988988988989	0.03834711023973042	0.04474655893443855
4.8998998998999	0.037338172027015705	0.04368826964954447
4.90990990990991	0.03637002430280052	0.0426686591710583
4.91991991991992	0.03544050009796658	0.04168587109242208
4.92992992992993	0.034547573975734575	0.0407381584448067
4.93993993993994	0.03368935111988692	0.03982387608916767
4.94994994994995	0.03286405738879923	0.038941473714886446
4.95995995995996	0.03207003023912727	0.038089489390632336
4.96996996996997	0.031305710433555185	0.03726654361850839
4.97997997997998	0.030569634456417027	0.03647133384730284
4.98998998998999	0.02986042756913081	0.03570262940498521
5.0	0.029176797444683357	0.03495926681441318
