-5.0	0.02699028964936076	0.03501096354717706
-4.98998998998999	0.027002357063552297	0.035026010531802924
-4.97997997997998	0.027014502147135088	0.035041154230127984
-4.96996996996997	0.0270267255774894	0.03505639548420048
-4.95995995995996	0.027039028039495323	0.03507173514537367
-4.94994994994995	0.02705141022562596	0.03508717407442014
-4.93993993993994	0.02706387283605318	0.03510271314166242
-4.92992992992993	0.027076416578752736	0.03511835322710711
-4.91991991991992	0.027089042169606475	0.035134095220565875
-4.90990990990991	0.02710175033251379	0.03514994002179445
-4.8998998998999	0.027114541799495143	0.03516588854062662
-4.88988988988989	0.02712741731081246	0.03518194169711477
-4.87987987987988	0.02714037761507314	0.035198100421662826
-4.86986986986987	0.027153423469344892	0.03521436565517093
-4.85985985985986	0.027166555639278906	0.035230738349182326
-4.84984984984985	0.027179774899223207	0.035247219466026714
-4.83983983983984	0.027193082032342882	0.035263809978968635
-4.82982982982983	0.027206477830742374	0.03528051087235976
-4.81981981981982	0.02721996309559227	0.03529732314179424
-4.80980980980981	0.027233538637252034	0.03531424779426015
-4.7997997997998	0.02724720527539951	0.035331285848302654
-4.78978978978979	0.027260963839166204	0.03534843833418585
-4.77977977977978	0.027274815167257396	0.03536570629404927
-4.76976976976977	0.02728876010810267	0.03538309078208503
-4.75975975975976	0.027302799519979392	0.035400592864699265
-4.74974974974975	0.027316934271161004	0.03541821362068903
-4.73973973973974	0.027331165240053457	0.03543595414141366
-4.72972972972973	0.027345493315342008	0.035453815530976485
-4.71971971971972	0.02735991939613786	0.03547179890640633
-4.70970970970971	0.02737444439212212	0.03548990539783448
-4.6996996996997	0.02738906922370366	0.03550813614869034
-4.68968968968969	0.027403794822169834	0.03552649231588724
-4.67967967967968	0.027418622129844424	0.035544975070019684
-4.66966966966967	0.02743355210024209	0.03556358559555357
-4.65965965965966	0.027448585698237302	0.03558232509103195
-4.64964964964965	0.027463723900225796	0.03560119476927979
-4.63963963963964	0.027478967694289515	0.03562019585760363
-4.62962962962963	0.02749431808037212	0.03563932959801045
-4.61961961961962	0.027509776070447092	0.03565859724741622
-4.60960960960961	0.02752534268870001	0.03567800007786968
-4.5995995995996	0.027541018971701622	0.03569753937676514
-4.58958958958959	0.027556805968592196	0.03571721644707695
-4.57957957957958	0.027572704741272408	0.03573703260758287
-4.56956956956957	0.027588716364585947	0.03575698919310369
-4.55955955955956	0.027604841926510967	0.03577708755473117
-4.54954954954955	0.027621082528361752	0.035797329060081484
-4.53953953953954	0.027637439284985476	0.03581771509352948
-4.52952952952953	0.02765391332495934	0.03583824705646894
-4.51951951951952	0.027670505790804874	0.035858926367561175
-4.50950950950951	0.027687217839191723	0.035879754462994545
-4.4994994994995	0.0277040506411551	0.035900732796753584
-4.48948948948949	0.027721005382309986	0.03592186284087905
-4.47947947947948	0.027738083263071218	0.0359431460857454
-4.46946946946947	0.0277552854988872	0.03596458404034371
-4.45945945945946	0.02777261332045694	0.03598617823255436
-4.44944944944945	0.02779006797397116	0.036007930209444775
-4.43943943943944	0.02780765072135165	0.03602984153755915
-4.42942942942943	0.027825362840483377	0.03605191380321361
-4.41941941941942	0.02784320562547152	0.03607414861280605
-4.40940940940941	0.027861180386886075	0.03609654759312392
-4.3993993993994	0.027879288452018133	0.03611911239165735
-4.38938938938939	0.027897531165141296	0.03614184467692221
-4.37937937937938	0.027915909887775946	0.03616474613878781
-4.36936936936937	0.02793442599895909	0.03618781848880866
-4.35935935935936	0.027953080895516555	0.036211063460560446
-4.34934934934935	0.027971875992346535	0.0362344828099937
-4.33933933933934	0.027990812722703193	0.03625807831577648
-4.32932932932933	0.028009892538484224	0.036281851779657176
-4.31931931931932	0.028029116910533395	0.036305805026829965
-4.3093093093093096	0.028048487328931938	0.03632993990630603
-4.2992992992992995	0.028068005303314384	0.03635425829128864
-4.2892892892892895	0.02808767236317753	0.03637876207956622
-4.2792792792792795	0.028107490058198303	0.03640345319389886
-4.2692692692692695	0.02812745995856049	0.03642833358242225
-4.2592592592592595	0.028147583655284577	0.036453405219055504
-4.2492492492492495	0.02816786276056238	0.03647867010391621
-4.2392392392392395	0.02818829890810863	0.036504130263747325
-4.2292292292292295	0.02820889375350183	0.03652978775234362
-4.2192192192192195	0.0282296489745447	0.03655564465099749
-4.2092092092092095	0.028250566271630292	0.036581703068942574
-4.1991991991991995	0.028271647368113006	0.036607965143820156
-4.1891891891891895	0.028292894010680483	0.036634433042131966
-4.1791791791791795	0.028314307969747984	0.03666110895973031
-4.1691691691691695	0.028335891039843242	0.03668799512228732
-4.1591591591591595	0.028357645040013545	0.03671509378580501
-4.1491491491491495	0.028379571814232427	0.03674240723710963
-4.1391391391391394	0.028401673231810184	0.03676993779435964
-4.129129129129129	0.028423951187832447	0.03679768780758671
-4.119119119119119	0.028446407603578014	0.03682565965921493
-4.109109109109109	0.02846904442697357	0.03685385576461223
-4.099099099099099	0.02849186363303528	0.0368822785726426
-4.089089089089089	0.028514867224334467	0.03691093056623555
-4.079079079079079	0.028538057231465006	0.03693981426296589
-4.069069069069069	0.028561435713519653	0.03696893221563716
-4.059059059059059	0.028585004758581303	0.03699828701288574
-4.049049049049049	0.028608766484218798	0.03702788127980039
-4.039039039039039	0.028632723037995887	0.037057717678538514
-4.029029029029029	0.028656876597995	0.037087798908974304
-4.019019019019019	0.0286812293733322	0.03711812770934227
-4.009009009009009	0.028705783604715755	0.03714870685690765
-3.998998998998999	0.028730541564982424	0.03717953916864639
-3.988988988988989	0.028755505559667757	0.03721062750193123
-3.978978978978979	0.028780677927578175	0.037241974755247195
-3.968968968968969	0.028806061041376802	0.03727358386890636
-3.958958958958959	0.028831657308180693	0.0373054578257886
-3.948948948948949	0.02885746917017906	0.03733759965209591
-3.938938938938939	0.028883499105244348	0.03737001241811029
-3.928928928928929	0.028909749627580254	0.03740269923899083
-3.918918918918919	0.028936223288366487	0.037435663275564975
-3.908908908908909	0.028962922676424006	0.03746890773514847
-3.898898898898899	0.028989850418895763	0.03750243587238183
-3.888888888888889	0.029017009181933024	0.03753625099008069
-3.878878878878879	0.029044401671410754	0.03757035644010656
-3.868868868868869	0.02907203063364553	0.03760475562425787
-3.858858858858859	0.02909989885613623	0.037639451995177334
-3.848848848848849	0.02912800916831191	0.037674449057276384
-3.838838838838839	0.02915636444231692	0.03770975036769132
-3.828828828828829	0.029184967593779025	0.0377453595372413
-3.818818818818819	0.02921382158263038	0.03778128023142744
-3.808808808808809	0.02924292941392192	0.03781751617143752
-3.798798798798799	0.029272294138664823	0.03785407113518469
-3.7887887887887888	0.029301918854689482	0.037890948958358046
-3.7787787787787788	0.029331806707523528	0.03792815353550341
-3.7687687687687688	0.029361960891290735	0.037965688821131334
-3.7587587587587588	0.029392384649624487	0.03800355883083584
-3.7487487487487487	0.029423081276610735	0.038041767642457605
-3.7387387387387387	0.02945405411774222	0.03808031939725266
-3.7287287287287287	0.029485306570901215	0.038119218301105574
-3.7187187187187187	0.029516842087363195	0.03815846862575257
-3.7087087087087087	0.029548664172822852	0.0381980747100532
-3.6986986986986987	0.029580776388435686	0.038238040961265846
-3.6886886886886887	0.029613182351898762	0.038278371856376774
-3.6786786786786787	0.029645885738548	0.03831907194344128
-3.6686686686686687	0.02967889028247355	0.03836014584296061
-3.6586586586586587	0.029712199777676574	0.0384015982493024
-3.6486486486486487	0.02974581807923771	0.03844343393213139
-3.6386386386386387	0.029779749104521053	0.03848565773789278
-3.6286286286286287	0.02981399683440883	0.038528274591321736
-3.6186186186186187	0.029848565314555472	0.03857128949698825
-3.6086086086086087	0.02988345865667732	0.03861470754088037
-3.5985985985985987	0.02991868103987479	0.038658533892019085
-3.5885885885885886	0.02995423671197565	0.03870277380412179
-3.5785785785785786	0.02999012999092711	0.03874743261729498
-3.5685685685685686	0.030026365266204485	0.03879251575977017
-3.5585585585585586	0.030062947000261585	0.038838028749681945
-3.5485485485485486	0.03009987973001642	0.03888397719689485
-3.5385385385385386	0.030137168068367432	0.03893036680485619
-3.5285285285285286	0.030174816705758015	0.03897720337251453
-3.5185185185185186	0.030212830411759206	0.03902449279627035
-3.5085085085085086	0.030251214036714456	0.039072241071981983
-3.4984984984984986	0.030289972513402	0.03912045429701177
-3.4884884884884886	0.03032911085875899	0.03916913867233256
-3.4784784784784786	0.030368634175633492	0.039218300504679365
-3.4684684684684686	0.03040854765458312	0.039267946208755546
-3.4584584584584586	0.030448856575720534	0.03931808230949068
-3.4484484484484486	0.03048956631060658	0.03936871544436151
-3.4384384384384385	0.030530682324185286	0.039419852365763244
-3.4284284284284285	0.0305722101767762	0.039471499943449125
-3.4184184184184185	0.030614155526099526	0.03952366516701525
-3.4084084084084085	0.03065652412937705	0.039576355148467336
-3.3983983983983985	0.030699321845470133	0.03962957712484141
-3.3883883883883885	0.030742554637069694	0.039683338460888125
-3.3783783783783785	0.03078622857295424	0.039737646651836614
-3.3683683683683685	0.030830349830301005	0.039792509326219874
-3.3583583583583585	0.03087492469705415	0.03984793424877428
-3.3483483483483485	0.0309199595743551	0.03990392932341888
-3.3383383383383385	0.030965460979038243	0.039960502596304445
-3.3283283283283285	0.03101143554619342	0.04001766225895046
-3.3183183183183185	0.03105789003178585	0.040075416651452554
-3.3083083083083085	0.031104831315364484	0.04013377426578822
-3.2982982982982985	0.03115226640281585	0.04019274374919477
-3.2882882882882885	0.03120020242921619	0.04025233390764792
-3.2782782782782784	0.03124864666174237	0.04031255370943037
-3.2682682682682684	0.03129760650266968	0.04037341228878599
-3.2582582582582584	0.031347089492446356	0.040434918949689425
-3.2482482482482484	0.031397103312853086	0.040497083169694935
-3.2382382382382384	0.031447655790245846	0.04055991460391533
-3.2282282282282284	0.03149875489889128	0.04062342308908005
-3.2182182182182184	0.03155040876438478	0.040687618647725604
-3.2082082082082084	0.03160262566717822	0.04075251149249369
-3.1981981981981984	0.031655414046182266	0.040818112030542336
-3.1881881881881884	0.0317087825024936	0.04088443086808311
-3.1781781781781784	0.031762739803204015	0.04095147881504104
-3.1681681681681684	0.031817294885329826	0.04101926688985771
-3.1581581581581584	0.0318724568598432	0.041087806324395154
-3.1481481481481484	0.03192823501582645	0.04115710856901879
-3.1381381381381384	0.03198463882473409	0.04122718529779384
-3.1281281281281283	0.03204167794477886	0.04129804841383745
-3.118118118118118	0.032099362225445675	0.04136971005482343
-3.108108108108108	0.032157701712134605	0.0414421825986499
-3.098098098098098	0.03221670665093737	0.04151547866925106
-3.088088088088088	0.03227638749354406	0.04158961114259616
-3.078078078078078	0.03233675490230791	0.04166459315285395
-3.068068068068068	0.03239781975544347	0.04174043809873067
-3.058058058058058	0.0324595931523854	0.04181715964999905
-3.048048048048048	0.032522086419299844	0.0418947717542165
-3.038038038038038	0.03258531111476505	0.04197328864364298
-3.028028028028028	0.032649279035613696	0.04205272484235812
-3.018018018018018	0.03271400222295727	0.0421330951735959
-3.008008008008008	0.03277949296838296	0.04221441476728943
-2.997997997997998	0.032845763820340344	0.04229669906785057
-2.987987987987988	0.032912827590727445	0.042379963842180526
-2.977977977977978	0.03298069736166723	0.04246422518791921
-2.967967967967968	0.03304938649249565	0.04254949954194439
-2.957957957957958	0.03311890862696623	0.04263580368914177
-2.947947947947948	0.03318927770067024	0.042723154771423355
-2.937937937937938	0.03326050794870176	0.042811570297047984
-2.9279279279279278	0.03333261391353512	0.04290106815020471
-2.9179179179179178	0.03340561045317779	0.042991666600914386
-2.9079079079079078	0.033479512749554345	0.043083384315227326
-2.8978978978978978	0.03355433631718099	0.04317624036575295
-2.8878878878878878	0.033630097012087364	0.043270254242505746
-2.8778778778778777	0.033706811041041625	0.04336544586411121
-2.8678678678678677	0.033784494971067516	0.0434618355893505
-2.8578578578578577	0.0338631657392694	0.04355944422909597
-2.8478478478478477	0.033942840662963006	0.04365829305861455
-2.8378378378378377	0.034023537450154774	0.04375840383026532
-2.8278278278278277	0.03410527421034463	0.043859798786628025
-2.8178178178178177	0.03418806946569922	0.043962500674043205
-2.8078078078078077	0.034271942162588595	0.04406653275659674
-2.7977977977977977	0.03435691168349837	0.04417191883058263
-2.7877877877877877	0.03444299785934937	0.04427868323941687
-2.7777777777777777	0.03453022098222698	0.044386850889072044
-2.7677677677677677	0.034618601818536994	0.04449644726401748
-2.7577577577577577	0.03470816162261018	0.044607498443698206
-2.7477477477477477	0.03479892215076094	0.04472003111956099
-2.7377377377377377	0.03489090567584998	0.04483407261268025
-2.7277277277277276	0.03498413500231851	0.044949650891962276
-2.7177177177177176	0.035078633481759276	0.04506679459298853
-2.7077077077077076	0.035174425029032494	0.045185533037506075
-2.6976976976976976	0.03527153413893072	0.04530589625359381
-2.6876876876876876	0.035369985903441745	0.0454279149965313
-2.6776776776776776	0.035469806029613284	0.04555162077039692
-2.6676676676676676	0.03557102085806035	0.045677045850435055
-2.6576576576576576	0.03567365738212018	0.045804223306203345
-2.6476476476476476	0.035777743267714095	0.04593318702556012
-2.6376376376376376	0.035883306873905264	0.04606397173949588
-2.6276276276276276	0.0359903772742222	0.04619661304787425
-2.6176176176176176	0.03609898427874579	0.04633114744608854
-2.6076076076076076	0.03620915845701466	0.04646761235269937
-2.5975975975975976	0.03632093116177497	0.04660604613809109
-2.5875875875875876	0.0364343345536096	0.04674648815416186
-2.5775775775775776	0.03654940162649151	0.046888978765140296
-2.5675675675675675	0.03666616623428541	0.04703355937951672
-2.5575575575575575	0.03678466311827352	0.04718027248321055
-2.5475475475475475	0.0369049279356971	0.047329161673952236
-2.5375375375375375	0.037026997289403334	0.04748027169698003
-2.5275275275275275	0.03715090875864345	0.047633648482106425
-2.5175175175175175	0.03727670093103143	0.047789339182186606
-2.5075075075075075	0.03740441343577536	0.04794739221308602
-2.4974974974974975	0.03753408697818698	0.04810785729518698
-2.4874874874874875	0.03766576337555912	0.048270785496516797
-2.4774774774774775	0.037799485594462466	0.04843622927757194
-2.4674674674674675	0.03793529778951806	0.04860424253790233
-2.4574574574574575	0.038073245343744795	0.04877488066455812
-2.4474474474474475	0.038213374910499455	0.04894820058245539
-2.4374374374374375	0.038355734457157044	0.049124260806782366
-2.4274274274274275	0.03850037331053408	0.04930312149750718
-2.4174174174174174	0.03864734220420149	0.049484844516119064
-2.4074074074074074	0.03879669332775156	0.04966949348468002
-2.3973973973973974	0.03894848037809896	0.04985713384731593
-2.3873873873873874	0.03910275861293978	0.05004783293425175
-2.3773773773773774	0.03925958490644779	0.05024166002851143
-2.3673673673673674	0.03941901780735643	0.05043868643543657
-2.3573573573573574	0.03958111759948789	0.050638985555119316
-2.3473473473473474	0.03974594636488736	0.050842632957915905
-2.3373373373373374	0.03991356804970707	0.051049706463211754
-2.3273273273273274	0.040084048532917506	0.051260286221550655
-2.3173173173173174	0.04025745569806106	0.05147445480033739
-2.3073073073073074	0.040433859508139894	0.05169229727327852
-2.2972972972972974	0.04061333208384587	0.05191390131374343
-2.2872872872872874	0.040795947785265005	0.05213935729225583
-2.2772772772772774	0.040981783297273894	0.05236875837832677
-2.2672672672672673	0.04117091771877839	0.052602200646838876
-2.2572572572572573	0.041363432656045536	0.05283978318922914
-2.2472472472472473	0.04155941232029124	0.05308160822974674
-2.2372372372372373	0.0417589436297932	0.05332778124697239
-2.2272272272272273	0.04196211631675657	0.05357841110098305
-2.2172172172172173	0.04216902303917002	0.053833610166375744
-2.2072072072072073	0.04237975949795365	0.05409349447152846
-2.1971971971971973	0.0425944245596761	0.05435818384437236
-2.1871871871871873	0.04281312038512816	0.054627802065096216
-2.1771771771771773	0.04303595256411691	0.05490247702611547
-2.1671671671671673	0.04326303025678783	0.05518234089971614
-2.1571571571571573	0.043494466341858655	0.055467530313818764
-2.1471471471471473	0.04373037757218722	0.05575818653630611
-2.1371371371371373	0.043970884738015414	0.056054455668376205
-2.1271271271271273	0.04421611283841269	0.05635648884747234
-2.1171171171171173	0.0444661912613536	0.05666444246031581
-2.1071071071071072	0.044721253972916666	0.056978478366616625
-2.0970970970970972	0.04498143971620445	0.05729876413410936
-2.0870870870870872	0.045246892220465414	0.05762547328554201
-2.0770770770770772	0.04551776042112524	0.05795878555835766
-2.067067067067067	0.04579419869133251	0.058298887177792386
-2.057057057057057	0.04607636708568885	0.058645971144225484
-2.047047047047047	0.04636443159699632	0.0590002375355978
-2.037037037037037	0.046658564426726244	0.059361893825863994
-2.027027027027027	0.046958944270142376	0.0597311552204248
-2.017017017017017	0.04726575661692452	0.060108245009601546
-2.007007007007007	0.04757919406833686	0.060493394941282246
-1.996996996996997	0.04789945667195211	0.06088684561392971
-1.986986986986987	0.04822675227505694	0.061288846891253496
-1.976976976976977	0.048561296897976516	0.06169965833990193
-1.966966966966967	0.04890331512859752	0.06211954969170995
-1.956956956956957	0.04925304053946888	0.0625488013320173
-1.946946946946947	0.04961071612901675	0.06298770481583393
-1.936936936936937	0.04997659478845147	0.06343656341364531
-1.926926926926927	0.0503509397961151	0.06389569268884517
-1.916916916916917	0.05073402534114198	0.06436542110890686
-1.906906906906907	0.05112613707844376	0.0648460906926025
-1.896896896896897	0.0515275727171557	0.06533805769569086
-1.8868868868868869	0.05193864264495669	0.06584169333774614
-1.8768768768768769	0.05235967059070018	0.06635738457298707
-1.8668668668668669	0.05279099432817461	0.06688553490817938
-1.8568568568568569	0.053232966423857844	0.06742656527094036
-1.8468468468468469	0.05368595503194474	0.06798091493204678
-1.8368368368368369	0.05415034474001369	0.06854904248563311
-1.8268268268268268	0.05462653746915624	0.06913142689148215
-1.8168168168168168	0.05511495343256479	0.06972856858396571
-1.8068068068068068	0.05561603215702693	0.07034099065256681
-1.7967967967967968	0.056130233572053975	0.07096924009933059
-1.7867867867867868	0.056658039171899585	0.07161388917905996
-1.7767767767767768	0.05719995325604157	0.07227553682853616
-1.7667667667667668	0.05775650425434728	0.0729548101916468
-1.7567567567567568	0.05832824614353055	0.07365236624780563
-1.7467467467467468	0.05891575996226459	0.07436889355186266
-1.7367367367367368	0.05951965543285903	0.07510511409424489
-1.7267267267267268	0.06014057269822138	0.07586178529101147
-1.7167167167167168	0.06077918418354628	0.07663970211427197
-1.7067067067067068	0.06143619659317975	0.07743969937451886
-1.6966966966966968	0.06211235305395764	0.07826265416729618
-1.6866866866866868	0.06280843541752235	0.07910948849801831
-1.6766766766766767	0.06352526673523982	0.07998117209987984
-1.6666666666666667	0.06426371392075599	0.0808787254613487
-1.6566566566566567	0.06502469061659821	0.0818032230812609
-1.6466466466466467	0.06580916028303987	0.08275579697137014
-1.6366366366366367	0.06661813952914608	0.0837376404280783
-1.6266266266266267	0.06745270170795717	0.08475001209737937
-1.6166166166166167	0.06831398080020627	0.0857942403593229
-1.6066066066066067	0.06920317561327052	0.08687172806117524
-1.5965965965965967	0.07012155432513541	0.08798395763131886
-1.5865865865865867	0.07107045940613016	0.08913249660943429
-1.5765765765765767	0.07205131295490504	0.09031900363212284
-1.5665665665665667	0.07306562248902987	0.09154523491753776
-1.5565565565565564	0.07411498723515161	0.09281305129706875
-1.5465465465465464	0.0752011049686185	0.09412442584765957
-1.5365365365365364	0.07632577945831301	0.09548145218416468
-1.5265265265265264	0.0774909285786848	0.09688635347780479
-1.5165165165165164	0.07869859315838834	0.0983414922744992
-1.5065065065065064	0.07995094664309783	0.09984938119515958
-1.4964964964964964	0.08125030565933285	0.10141269460986252
-1.4864864864864864	0.08259914157680463	0.1030342813885221
-1.4764764764764764	0.08400009317870918	0.10471717884313397
-1.4664664664664664	0.08545598056321285	0.1064646279906958
-1.4564564564564564	0.08696982041483912	0.10828009028174475
-1.4464464464464464	0.08854484280251615	0.11016726595767593
-1.4364364364364364	0.09018450968126186	0.11213011422072867
-1.4264264264264264	0.09189253529821899	0.1141728754240974
-1.4164164164164164	0.09367290873035758	0.11630009551682031
-1.4064064064064064	0.0955299188125822	0.11851665300913666
-1.3963963963963963	0.09746818175041395	0.12082778875963295
-1.3863863863863863	0.09949267175315218	0.12323913892682375
-1.3763763763763763	0.10160875507111279	0.125756771475028
-1.3663663663663663	0.10382222787646488	0.12838722667932934
-1.3563563563563563	0.10613935849183585	0.1311375621380441
-1.3463463463463463	0.10856693454662124	0.13401540287469182
-1.3363363363363363	0.111112315729214	0.13702899719745637
-1.3263263263263263	0.1137834929071208	0.14018727908414105
-1.3163163163163163	0.11658915450871017	0.14349993797764649
-1.3063063063063063	0.11953876120370097	0.14697749701415738
-1.2962962962962963	0.12264263008928544	0.1506314008672863
-1.2862862862862863	0.12591202978938779	0.15447411458124785
-1.2762762762762763	0.1293592881133847	0.15851923499005893
-1.2662662662662663	0.13299791420486487	0.1627816165854002
-1.2562562562562563	0.13684273745120898	0.16727751401076918
-1.2462462462462462	0.1409100658322036	0.17202474373499616
-1.2362362362362362	0.14521786687682983	0.17704286790689183
-1.2262262262262262	0.1497859749893876	0.18235340393028562
-1.2162162162162162	0.1546363296242536	0.18798006394518063
-1.2062062062062062	0.1597932496610918	0.19394902918079152
-1.1961961961961962	0.16528375039860757	0.20028926509054093
-1.1861861861861862	0.17113791089105695	0.2070328843265652
-1.1761761761761762	0.17738930096010924	0.21421556601112093
-1.1661661661661662	0.18407547920278777	0.22187704147596818
-1.1561561561561562	0.1912385757853174	0.23006165874831183
-1.1461461461461462	0.19892597689329933	0.23881904066342488
-1.1361361361361362	0.20719113157188368	0.24820485471078832
-1.1261261261261262	0.21609450655784032	0.25828171673990863
-1.1161161161161162	0.22570472087494	0.26912025568358455
-1.1061061061061062	0.23609989982494967	0.28080037278534553
-1.0960960960960962	0.24736929808307154	0.29341273682085856
-1.0860860860860861	0.2596152546019857	0.3070605669775023
-1.0760760760760761	0.2729555588984472	0.32186176806357325
-1.0660660660660661	0.2875263303435733	0.337951499446909
-1.0560560560560561	0.3034855411001659	0.3554852807682889
-1.0460460460460461	0.32101735184159524	0.3746427656645197
-1.0360360360360361	0.34033748084436655	0.3956323516969018
-1.026026026026026	0.36169989641643735	0.4186968434843241
-1.016016016016016	0.3854052169730554	0.44412045096118
-1.006006006006006	0.4118113326041186	0.4722374917131501
-0.995995995995996	0.44134694158185883	0.5034432839732956
-0.985985985985986	0.4745289469278749	0.538207877205545
-0.975975975975976	0.5119850147629221	0.5770934877365114
-0.965965965965966	0.5544831074884018	0.6207768130669964
-0.955955955955956	0.6029705473234831	0.6700778277415779
-0.9459459459459459	0.6586262584096838	0.725997271637576
-0.9359359359359359	0.7229314669101427	0.7897659118920611
-0.9259259259259259	0.797766610968964	0.8629099194434589
-0.9159159159159159	0.885546020868139	0.9473385452947628
-0.9059059059059059	0.989407897416897	1.0454630123681086
-0.8958958958958959	1.1134866380032955	1.1603596289946787
-0.8858858858858859	1.2633100404601325	1.2959963242204964
-0.8758758758758759	1.4463895790241412	1.457551279354935
-0.8658658658658659	1.673115330142086	1.6518669354623885
-0.8558558558558559	1.9581418303903801	1.8881052569178478
-0.8458458458458459	2.322581779243947	2.1787049666128073
-0.8358358358358359	2.7975547293698644	2.5407941410108634
-0.8258258258258259	3.430039775716461	2.9982870963851216
-0.8158158158158159	4.2926456589835436	3.5849882476562795
-0.8058058058058059	5.499809526404583	4.349089768231348
-0.7957957957957958	7.233125703781067	5.359282537996941
-0.7857857857857858	9.772437651965362	6.71160309265357
-0.7757757757757757	13.49233161247803	8.531977320160102
-0.7657657657657657	18.637785148814512	10.95670777260619
-0.7557557557557557	24.4174848547588	14.043414360728805
-0.7457457457457457	27.78127277838844	17.535018493942218
-0.7357357357357357	25.82379452541015	20.528796552982676
-0.7257257257257257	20.387914696373382	21.638943025209976
-0.7157157157157157	14.9614755974531	20.218767970916073
-0.7057057057057057	10.87919825408239	17.138646756089305
-0.6956956956956957	8.060058307535591	13.746774102606807
-0.6856856856856857	6.13427506562396	10.813146009075398
-0.6756756756756757	4.797406025622087	8.521572054818717
-0.6656656656656657	3.8465351586926912	6.797725473147024
-0.6556556556556556	3.1528923829854483	5.510488404503701
-0.6456456456456456	2.6347867963367957	4.543073850006656
-0.6356356356356356	2.2395152634507975	3.8070867461959326
-0.6256256256256256	1.9323024474566317	3.239216771476182
-0.6156156156156156	1.6896550809750006	2.7948387012583353
-0.6056056056056056	1.4953370436080284	2.4424677482980206
-0.5955955955955956	1.3378885893754886	2.159698327691812
-0.5855855855855856	1.209064959533745	1.9303953821222413
-0.5755755755755756	1.102832219667937	1.742788179596305
-0.5655655655655656	1.0147078212638332	1.58817930244829
-0.5555555555555556	0.9413189942194956	1.4600652306018413
-0.5455455455455456	0.8801017080515031	1.3535316628815461
-0.5355355355355356	0.8290922300112753	1.2648333079792398
-0.5255255255255256	0.786780936722929	1.1910988367439628
-0.5155155155155156	0.7520088650993045	1.1301219094199082
-0.5055055055055055	0.7238942847390274	1.0802123737622047
-0.4954954954954955	0.7017809414126395	1.0400903852441108
-0.4854854854854855	0.685202509935694	1.008811968840958
-0.4754754754754755	0.6738597840844909	0.9857184831781419
-0.46546546546546547	0.6676085899628803	0.970405255796906
-0.45545545545545546	0.6664575904272914	0.9627068055930792
-0.44544544544544545	0.670576250600546	0.9626979070548187
-0.43543543543543545	0.6803144501192545	0.9707115883088624
-0.42542542542542544	0.6962367905099461	0.9873773264385608
-0.41541541541541543	0.7191768993077515	1.0136856623909563
-0.40540540540540543	0.750320542658692	1.0510899186848044
-0.3953953953953954	0.791332128253773	1.1016629029897105
-0.38538538538538536	0.8445490774302374	1.1683386930634712
-0.37537537537537535	0.9132861973019061	1.255291204181599
-0.36536536536536535	1.002324957060698	1.3685410654702463
-0.35535535535535534	1.1187261542958697	1.516959024395263
-0.34534534534534533	1.2732341110698584	1.713989205613683
-0.3353353353353353	1.4828206479067323	1.980747457814714
-0.3253253253253253	1.7755649516442102	2.3519089647910265
-0.3153153153153153	2.2006920883016394	2.8876782352585386
-0.3053053053053053	2.851111153625009	3.700261673118974
-0.2952952952952953	3.920058302947228	5.019074893295203
-0.2852852852852853	5.866762165430321	7.376120821260688
-0.2752752752752753	10.018267769580214	12.250594555375196
-0.2652652652652653	21.647085969531734	25.11631952363096
-0.2552552552552553	79.967529935049	79.9106716493142
-0.24524524524524524	659.122319201796	492.6267985589286
-0.23523523523523523	63.362869473369614	95.00670464862104
-0.22522522522522523	17.37509840679703	25.02621162062083
-0.21521521521521522	7.769336817751663	10.868271153311545
-0.20520520520520522	4.334988823609984	5.951529165128895
-0.19519519519519518	2.7445401009278947	3.7185209495802933
-0.18518518518518517	1.886655205789912	2.5306387345609687
-0.17517517517517517	1.3748814175487682	1.8294074213885108
-0.16516516516516516	1.046972437127507	1.3838341265039573
-0.15515515515515516	0.8253955993284117	1.0848007931911754
-0.14514514514514515	0.6694152529708419	0.8755041332746911
-0.13513513513513514	0.5560182788191411	0.7240972725748257
-0.12512512512512514	0.47143681583672675	0.6116494677233617
-0.11511511511511512	0.40704346509173917	0.526363399702558
-0.10510510510510511	0.357222231492876	0.46059649395781216
-0.09509509509509509	0.3182001544992041	0.409236016550856
-0.08508508508508508	0.287375243012507	0.3687692566402379
-0.07507507507507508	0.26291423013998044	0.33672956231890494
-0.06506506506506507	0.24350357769390793	0.31135482695020095
-0.055055055055055056	0.2281909138241604	0.2913708017723613
-0.04504504504504504	0.21628169432868305	0.27585033388891683
-0.035035035035035036	0.2072706781324207	0.2641202940287303
-0.025025025025025027	0.20079605281451382	0.25569942402430634
-0.015015015015015015	0.19660880837646566	0.250256930826083
-0.005005005005005005	0.19455281073438824	0.24758559202696884
0.005005005005005005	0.19455281073438796	0.24758559202696787
0.015015015015015015	0.1966088083764618	0.2502569308260814
0.025025025025025027	0.20079605281450913	0.25569942402430323
0.035035035035035036	0.20727067813241581	0.26412029402872594
0.04504504504504504	0.21628169432867242	0.27585033388891445
0.055055055055055056	0.22819091382414722	0.2913708017723578
0.06506506506506507	0.24350357769389458	0.31135482695019095
0.07507507507507508	0.26291423013996124	0.3367295623188967
0.08508508508508508	0.2873752430124806	0.36876925664022897
0.09509509509509509	0.3182001544991707	0.40923601655083686
0.10510510510510511	0.3572222314928387	0.46059649395780017
0.11511511511511512	0.40704346509168343	0.5263633997025267
0.12512512512512514	0.47143681583665586	0.6116494677233254
0.13513513513513514	0.5560182788190766	0.7240972725747917
0.14514514514514515	0.6694152529707438	0.8755041332746438
0.15515515515515516	0.8253955993282477	1.0848007931910857
0.16516516516516516	1.0469724371272566	1.383834126503846
0.17517517517517517	1.3748814175484425	1.8294074213883347
0.18518518518518517	1.8866552057894026	2.530638734560724
0.19519519519519518	2.744540100926925	3.7185209495798914
0.20520520520520522	4.334988823608379	5.951529165128059
0.21521521521521522	7.76933681774753	10.868271153310445
0.22522522522522523	17.375098406785145	25.02621162061769
0.23523523523523523	63.362869473298474	95.00670464859274
0.24524524524524524	659.1223192016324	492.62679855902485
0.2552552552552553	79.96752993512834	79.91067164932736
0.2652652652652653	21.64708596953836	25.11631952363076
0.2752752752752753	10.018267769582136	12.250594555374908
0.2852852852852853	5.86676216543071	7.376120821260719
0.2952952952952953	3.920058302947258	5.019074893294928
0.3053053053053053	2.851111153624832	3.7002616731187055
0.3153153153153153	2.2006920883014005	2.8876782352585213
0.3253253253253253	1.7755649516438867	2.351908964790866
0.3353353353353353	1.4828206479063004	1.9807474578144793
0.34534534534534533	1.2732341110695438	1.7139892056134989
0.35535535535535534	1.1187261542955753	1.5169590243950477
0.36536536536536535	1.0023249570603925	1.3685410654700567
0.37537537537537535	0.91328619730158	1.255291204181417
0.38538538538538536	0.8445490774298946	1.1683386930633086
0.3953953953953954	0.791332128253446	1.1016629029895413
0.40540540540540543	0.7503205426583247	1.0510899186846174
0.41541541541541543	0.7191768993073945	1.0136856623907957
0.42542542542542544	0.6962367905096004	0.9873773264383812
0.43543543543543545	0.6803144501188899	0.970711588308659
0.44544544544544545	0.6705762506001496	0.9626979070546187
0.45545545545545546	0.6664575904268789	0.9627068055928399
0.46546546546546547	0.6676085899624219	0.9704052557966579
0.4754754754754755	0.6738597840839943	0.9857184831778768
0.4854854854854855	0.685202509935174	1.0088119688406694
0.4954954954954955	0.7017809414120578	1.0400903852437924
0.5055055055055055	0.7238942847383877	1.0802123737618634
0.5155155155155156	0.7520088650986007	1.1301219094195114
0.5255255255255256	0.7867809367221467	1.191098836743532
0.5355355355355356	0.8290922300103892	1.2648333079787473
0.5455455455455456	0.8801017080505018	1.3535316628809908
0.5555555555555556	0.9413189942183403	1.4600652306011894
0.5655655655655656	1.0147078212625056	1.5881793024475344
0.5755755755755756	1.1028322196663822	1.7427881795954128
0.5855855855855856	1.2090649595319007	1.9303953821211965
0.5955955955955956	1.3378885893733077	2.1596983276905437
0.6056056056056056	1.4953370436053923	2.442467748296469
0.6156156156156156	1.6896550809717668	2.7948387012564155
0.6256256256256256	1.9323024474526	3.2392167714737568
0.6356356356356356	2.2395152634456994	3.8070867461928337
0.6456456456456456	2.634786796330215	4.543073850002632
0.6556556556556556	3.15289238297676	5.510488404498426
0.6656656656656657	3.8465351586809504	6.797725473139982
0.6756756756756757	4.797406025605786	8.521572054809333
0.6856856856856857	6.13427506560074	10.813146009063045
0.6956956956956957	8.06005830750173	13.746774102591345
0.7057057057057057	10.879198254032303	17.138646756072976
0.7157157157157157	14.961475597381781	20.218767970904118
0.7257257257257257	20.387914696285378	21.638943025209084
0.7357357357357357	25.823794525342567	20.528796552993583
0.7457457457457457	27.781272778398016	17.535018493959203
0.7557557557557557	24.41748485483454	14.043414360745672
0.7657657657657657	18.637785148899752	10.95670777261976
0.7757757757757757	13.492331612544476	8.531977320170585
0.7857857857857858	9.772437652011929	6.711603092661493
0.7957957957957958	7.233125703812906	5.359282538002848
0.8058058058058059	5.499809526426701	4.349089768235778
0.8158158158158159	4.292645658999341	3.584988247659702
0.8258258258258259	3.4300397757279857	2.9982870963878003
0.8358358358358359	2.79755472937853	2.5407941410129724
0.8458458458458459	2.3225817792505885	2.178704966614513
0.8558558558558559	1.958141830395577	1.8881052569192553
0.8658658658658659	1.673115330146211	1.6518669354635298
0.8758758758758759	1.446389579027465	1.4575512793559073
0.8858858858858859	1.2633100404628972	1.2959963242213028
0.8958958958958959	1.1134866380056077	1.1603596289953784
0.9059059059059059	0.9894078974188287	1.0454630123686999
0.9159159159159159	0.8855460208697805	0.9473385452952766
0.9259259259259259	0.797766610970365	0.8629099194439105
0.9359359359359359	0.7229314669113625	0.7897659118924636
0.9459459459459459	0.6586262584107434	0.7259972716379163
0.955955955955956	0.6029705473243967	0.6700778277418804
0.965965965965966	0.5544831074892221	0.6207768130672718
0.975975975975976	0.5119850147636672	0.5770934877367631
0.985985985985986	0.47452894692852476	0.5382078772057683
0.995995995995996	0.44134694158245213	0.5034432839734977
1.006006006006006	0.41181133260464076	0.4722374917133338
1.016016016016016	0.3854052169735404	0.4441204509613519
1.026026026026026	0.36169989641686995	0.41869684348448394
1.0360360360360361	0.3403374808447694	0.39563235169704764
1.0460460460460461	0.32101735184196534	0.37464276566465476
1.0560560560560561	0.3034855411005079	0.3554852807684093
1.0660660660660661	0.2875263303438795	0.33795149944702096
1.0760760760760761	0.2729555588987267	0.3218617680636784
1.0860860860860861	0.2596152546022511	0.30706056697760126
1.0960960960960962	0.24736929808331576	0.29341273682094854
1.1061061061061062	0.23609989982517798	0.28080037278543085
1.1161161161161162	0.22570472087515797	0.26912025568367515
1.1261261261261262	0.21609450655804294	0.25828171673998374
1.1361361361361362	0.20719113157207047	0.2482048547108574
1.1461461461461462	0.19892597689347644	0.2388190406634913
1.1561561561561562	0.19123857578548295	0.23006165874837334
1.1661661661661662	0.18407547920294248	0.2218770414760205
1.1761761761761762	0.17738930096025665	0.21421556601117483
1.1861861861861862	0.17113791089120148	0.20703288432661865
1.1961961961961962	0.16528375039874357	0.20028926509058995
1.2062062062062062	0.1597932496612206	0.19394902918083592
1.2162162162162162	0.15463632962437193	0.18798006394522274
1.2262262262262262	0.149785974989502	0.18235340393033028
1.2362362362362362	0.14521786687693683	0.17704286790693535
1.2462462462462462	0.14091006583231	0.17202474373503637
1.2562562562562563	0.13684273745130307	0.16727751401081187
1.2662662662662663	0.13299791420496	0.16278161658543872
1.2762762762762763	0.1293592881134763	0.15851923499008957
1.2862862862862863	0.12591202978947785	0.15447411458128046
1.2962962962962963	0.12264263008936978	0.15063140086732058
1.3063063063063063	0.11953876120378089	0.14697749701418408
1.3163163163163163	0.11658915450878672	0.14349993797767635
1.3263263263263263	0.11378349290719503	0.1401872790841684
1.3363363363363363	0.11111231572928267	0.13702899719748393
1.3463463463463463	0.10856693454669068	0.1340154028747187
1.3563563563563563	0.10613935849190544	0.13113756213806846
1.3663663663663663	0.10382222787652923	0.12838722667935487
1.3763763763763763	0.10160875507117388	0.1257567714750504
1.3863863863863863	0.09949267175320846	0.12323913892684742
1.3963963963963963	0.09746818175047203	0.12082778875965357
1.4064064064064064	0.09552991881263624	0.11851665300916059
1.4164164164164164	0.09367290873041254	0.11630009551684399
1.4264264264264264	0.09189253529826834	0.11417287542411611
1.4364364364364364	0.09018450968131217	0.11213011422074771
1.4464464464464464	0.0885448428025637	0.11016726595769738
1.4564564564564564	0.08696982041488664	0.10828009028176229
1.4664664664664664	0.0854559805632585	0.10646462799071522
1.4764764764764764	0.0840000931787556	0.10471717884315267
1.4864864864864864	0.08259914157684585	0.10303428138853975
1.4964964964964964	0.08125030565937721	0.10141269460987896
1.5065065065065064	0.07995094664313837	0.09984938119517636
1.5165165165165164	0.07869859315842893	0.09834149227451632
1.5265265265265264	0.07749092857872145	0.09688635347782174
1.5365365365365364	0.07632577945835203	0.09548145218417918
1.5465465465465464	0.0752011049686536	0.09412442584767272
1.5565565565565564	0.0741149872351881	0.09281305129708148
1.5665665665665667	0.07306562248906597	0.09154523491755134
1.5765765765765767	0.07205131295493984	0.09031900363213795
1.5865865865865867	0.07107045940616435	0.08913249660944736
1.5965965965965967	0.0701215543251676	0.08798395763132992
1.6066066066066067	0.06920317561330314	0.08687172806118879
1.6166166166166167	0.06831398080023786	0.08579424035933397
1.6266266266266267	0.06745270170798923	0.08475001209739054
1.6366366366366367	0.06661813952917525	0.08373764042809008
1.6466466466466467	0.06580916028307014	0.08275579697137815
1.6566566566566567	0.06502469061662411	0.08180322308127128
1.6666666666666667	0.06426371392078344	0.0808787254613597
1.6766766766766767	0.06352526673527023	0.07998117209988967
1.6866866866866868	0.06280843541754866	0.07910948849802933
1.6966966966966968	0.06211235305398328	0.07826265416730649
1.7067067067067068	0.06143619659320537	0.0774396993745304
1.7167167167167168	0.060779184183571706	0.07663970211428364
1.7267267267267268	0.06014057269824619	0.07586178529102061
1.7367367367367368	0.0595196554328845	0.07510511409425656
1.7467467467467468	0.05891575996228897	0.07436889355187147
1.7567567567567568	0.058328246143554516	0.07365236624781503
1.7667667667667668	0.057756504254370025	0.07295481019165695
1.7767767767767768	0.057199953256062856	0.0722755368285456
1.7867867867867868	0.05665803917192072	0.0716138891790689
1.7967967967967968	0.056130233572076214	0.07096924009933926
1.8068068068068068	0.05561603215704691	0.07034099065257397
1.8168168168168168	0.05511495343258711	0.06972856858397448
1.8268268268268268	0.054626537469176346	0.06913142689149228
1.8368368368368369	0.05415034474003386	0.06854904248564295
1.8468468468468469	0.05368595503196434	0.06798091493205516
1.8568568568568569	0.05323296642388034	0.06742656527094927
1.8668668668668669	0.05279099432819294	0.06688553490818923
1.8768768768768769	0.052359670590719984	0.06635738457299604
1.8868868868868869	0.051938642644975566	0.06584169333775527
1.896896896896897	0.051527572717175035	0.06533805769569954
1.906906906906907	0.05112613707846218	0.06484609069261191
1.916916916916917	0.05073402534116241	0.06436542110891369
1.926926926926927	0.050350939796132144	0.06389569268885191
1.936936936936937	0.04997659478846859	0.06343656341365321
1.946946946946947	0.04961071612903224	0.06298770481584252
1.956956956956957	0.04925304053948653	0.0625488013320251
1.966966966966967	0.04890331512861448	0.062119549691717506
1.976976976976977	0.04856129689799358	0.06169965833990867
1.986986986986987	0.04822675227507222	0.061288846891260226
1.996996996996997	0.0478994566719673	0.060886845613937875
2.007007007007007	0.04757919406835363	0.060493394941288164
2.017017017017017	0.04726575661693896	0.06010824500960779
2.027027027027027	0.046958944270158585	0.0597311552204299
2.037037037037037	0.046658564426741794	0.059361893825869476
2.047047047047047	0.04636443159701125	0.05900023753560394
2.057057057057057	0.04607636708570388	0.058645971144231424
2.067067067067067	0.045794198691345496	0.05829888717779774
2.0770770770770772	0.04551776042114188	0.057958785558363146
2.0870870870870872	0.04524689222047913	0.05762547328554697
2.0970970970970972	0.044981439716217576	0.057298764134115505
2.1071071071071072	0.04472125397293304	0.05697847836662257
2.1171171171171173	0.0444661912613664	0.0566644424603214
2.1271271271271273	0.04421611283842593	0.05635648884747873
2.1371371371371373	0.043970884738027904	0.05605445566838207
2.1471471471471473	0.04373037757220086	0.05575818653631179
2.1571571571571573	0.04349446634187323	0.055467530313824925
2.1671671671671673	0.043263030256800644	0.05518234089971989
2.1771771771771773	0.04303595256413017	0.05490247702611988
2.1871871871871873	0.04281312038514134	0.05462780206510293
2.1971971971971973	0.042594424559688406	0.054358183844376726
2.2072072072072073	0.042379759497965214	0.054093494471533964
2.2172172172172173	0.04216902303918136	0.053833610166381884
2.2272272272272273	0.04196211631676934	0.053578411100987836
2.2372372372372373	0.04175894362980542	0.05332778124697766
2.2472472472472473	0.04155941232030309	0.05308160822975263
2.2572572572572573	0.04136343265605683	0.052839783189235004
2.2672672672672673	0.04117091771879043	0.05260220064684264
2.2772772772772774	0.04098178329728619	0.05236875837833323
2.2872872872872874	0.04079594778527568	0.05213935729226129
2.2972972972972974	0.04061333208385617	0.05191390131374745
2.3073073073073074	0.04043385950815078	0.05169229727328253
2.3173173173173174	0.04025745569807112	0.05147445480034404
2.3273273273273274	0.040084048532928296	0.05126028622155619
2.3373373373373374	0.03991356804971733	0.051049706463216944
2.3473473473473474	0.03974594636489806	0.05084263295792001
2.3573573573573574	0.03958111759949839	0.0506389855551237
2.3673673673673674	0.03941901780736735	0.050438686435442345
2.3773773773773774	0.039259584906459435	0.05024166002851717
2.3873873873873874	0.03910275861294878	0.050047832934255805
2.3973973973973974	0.03894848037810945	0.04985713384732086
2.4074074074074074	0.03879669332776095	0.04966949348468523
2.4174174174174174	0.03864734220421236	0.04948484451612335
2.4274274274274275	0.038500373310544	0.049303121497512356
2.4374374374374375	0.038355734457168104	0.04912426080678766
2.4474474474474475	0.03821337491050974	0.048948200582459786
2.4574574574574575	0.038073245343754454	0.04877488066456266
2.4674674674674675	0.037935297789526645	0.0486042425379064
2.4774774774774775	0.03779948559447088	0.0484362292775757
2.4874874874874875	0.03766576337556868	0.048270785496520544
2.4974974974974975	0.03753408697819577	0.04810785729519117
2.5075075075075075	0.037404413435785704	0.04794739221309178
2.5175175175175175	0.03727670093104118	0.04778933918219105
2.5275275275275275	0.03715090875865258	0.04763364848211029
2.5375375375375375	0.037026997289413	0.04748027169698487
2.5475475475475475	0.03690492793570617	0.04732916167395636
2.5575575575575575	0.03678466311828255	0.04718027248321536
2.5675675675675675	0.036666166234293994	0.04703355937952053
2.5775775775775776	0.03654940162650006	0.046888978765142406
2.5875875875875876	0.03643433455361869	0.04674648815416688
2.5975975975975976	0.03632093116178472	0.04660604613809485
2.6076076076076076	0.03620915845702341	0.046467612352703816
2.6176176176176176	0.03609898427875506	0.046331147446092
2.6276276276276276	0.03599037727423158	0.04619661304787717
2.6376376376376376	0.03588330687391367	0.046063971739500296
2.6476476476476476	0.035777743267722185	0.04593318702556343
2.6576576576576576	0.03567365738212893	0.04580422330620706
2.6676676676676676	0.035571020858069485	0.045677045850439295
2.6776776776776776	0.03546980602962199	0.045551620770400474
2.6876876876876876	0.03536998590345028	0.045427914996534584
2.6976976976976976	0.03527153413893856	0.045305896253596684
2.7077077077077076	0.03517442502904112	0.045185533037509724
2.7177177177177176	0.03507863348176721	0.04506679459299112
2.7277277277277276	0.03498413500232589	0.044949650891965
2.7377377377377377	0.034890905675858	0.04483407261268401
2.7477477477477477	0.0347989221507692	0.0447200311195645
2.7577577577577577	0.03470816162261685	0.044607498443701696
2.7677677677677677	0.03461860181854585	0.0444964472640207
2.7777777777777777	0.03453022098223582	0.044386850889075256
2.7877877877877877	0.034442997859357914	0.044278683239418776
2.7977977977977977	0.034356911683505874	0.04417191883058609
2.8078078078078077	0.03427194216259646	0.04406653275660082
2.8178178178178177	0.03418806946570668	0.04396250067404588
2.8278278278278277	0.03410527421035207	0.043859798786630946
2.8378378378378377	0.03402353745016258	0.04375840383026773
2.8478478478478477	0.03394284066297117	0.04365829305861722
2.8578578578578577	0.03386316573927692	0.043559444229099124
2.8678678678678677	0.03378449497107614	0.04346183558935302
2.8778778778778777	0.03370681104104885	0.043365445864114234
2.8878878878878878	0.03363009701209433	0.043270254242509375
2.8978978978978978	0.033554336317188925	0.043176240365755965
2.9079079079079078	0.03347951274956362	0.043083384315230455
2.9179179179179178	0.033405610453184575	0.04299166660091727
2.9279279279279278	0.03333261391354226	0.0429010681502082
2.937937937937938	0.03326050794870865	0.042811570297051585
2.947947947947948	0.03318927770067711	0.04272315477142634
2.957957957957958	0.033118908626972594	0.04263580368914427
2.967967967967968	0.03304938649250212	0.04254949954194738
2.977977977977978	0.032980697361674305	0.04246422518792157
2.987987987987988	0.032912827590734856	0.042379963842185286
2.997997997997998	0.03284576382034774	0.04229669906785389
3.008008008008008	0.03277949296838986	0.042214414767291784
3.018018018018018	0.03271400222296452	0.042133095173598735
3.028028028028028	0.03264927903561998	0.04205272484236154
3.038038038038038	0.03258531111477073	0.041973288643646266
3.048048048048048	0.0325220864193061	0.041894771754219316
3.058058058058058	0.03245959315239166	0.041817159650001635
3.068068068068068	0.03239781975545053	0.0417404380987329
3.078078078078078	0.032336754902314614	0.041664593152856755
3.088088088088088	0.03227638749355029	0.04158961114259863
3.098098098098098	0.0322167066509437	0.04151547866925271
3.108108108108108	0.03215770171214149	0.04144218259865247
3.118118118118118	0.03209936222545152	0.04136971005482715
3.1281281281281283	0.03204167794478447	0.041298048413840126
3.1381381381381384	0.031984638824740716	0.04122718529779686
3.1481481481481484	0.031928235015832945	0.04115710856902124
3.1581581581581584	0.03187245685985025	0.041087806324397805
3.1681681681681684	0.03181729488533631	0.04101926688986129
3.1781781781781784	0.03176273980321066	0.040951478815045204
3.1881881881881884	0.03170878250250059	0.040884430868085075
3.1981981981981984	0.03165541404618891	0.04081811203054534
3.2082082082082084	0.03160262566718418	0.04075251149249705
3.2182182182182184	0.031550408764391885	0.0406876186477271
3.2282282282282284	0.031498754898898265	0.04062342308908329
3.2382382382382384	0.031447655790252486	0.04055991460391742
3.2482482482482484	0.031397103312859616	0.040497083169698515
3.2582582582582584	0.03134708949245277	0.040434918949691624
3.2682682682682684	0.031297606502676205	0.040373412288789344
3.2782782782782784	0.031248646661748675	0.040312553709433714
3.2882882882882885	0.031200202429222605	0.04025233390765174
3.2982982982982985	0.031152266402821125	0.04019274374919684
3.3083083083083085	0.031104831315370438	0.040133774265790643
3.3183183183183185	0.031057890031791806	0.04007541665145509
3.3283283283283285	0.031011435546198694	0.04001766225895346
3.3383383383383385	0.03096546097904396	0.03996050259630653
3.3483483483483485	0.030919959574360254	0.039903929323420725
3.3583583583583585	0.030874924697060328	0.0398479342487767
3.3683683683683685	0.03083034983030673	0.039792509326222414
3.3783783783783785	0.030786228572959505	0.03973764665183962
3.3883883883883885	0.030742554637075186	0.039683338460891115
3.3983983983983985	0.030699321845476548	0.03962957712484359
3.4084084084084085	0.03065652412938301	0.0395763551484693
3.4184184184184185	0.030614155526104903	0.039523665167017316
3.4284284284284285	0.03057221017678215	0.03947149994345155
3.4384384384384385	0.030530682324190896	0.03941985236576601
3.4484484484484486	0.030489566310612188	0.039368715444364044
3.4584584584584586	0.030448856575725686	0.03931808230949403
3.4684684684684686	0.03040854765458862	0.039267946208758314
3.4784784784784786	0.030368634175639328	0.03921830050468156
3.4884884884884886	0.030329110858765176	0.039169138672335437
3.4984984984984986	0.03028997251340761	0.03912045429701419
3.5085085085085086	0.030251214036719723	0.039072241071984176
3.5185185185185186	0.030212830411765267	0.03902449279627299
3.5285285285285286	0.030174816705763958	0.038977203372517186
3.5385385385385386	0.03013716806837338	0.03893036680485826
3.5485485485485486	0.030099879730021567	0.03888397719689704
3.5585585585585586	0.030062947000267074	0.038838028749684825
3.5685685685685686	0.030026365266210324	0.03879251575977236
3.5785785785785786	0.0299901299909334	0.03874743261729775
3.5885885885885886	0.029954236711980563	0.03870277380412491
3.5985985985985987	0.029918681039879477	0.03865853389202185
3.6086086086086087	0.02988345865668326	0.038614707540882906
3.6186186186186187	0.029848565314560847	0.03857128949699091
3.6286286286286287	0.029813996834414092	0.03852827459132393
3.6386386386386387	0.029779749104526427	0.038485657737895085
3.6486486486486487	0.029745818079242398	0.0384434339321337
3.6586586586586587	0.02971219977768172	0.03840159824930471
3.6686686686686687	0.029678890282478814	0.03836014584296338
3.6786786786786787	0.02964588573855338	0.03831907194344288
3.6886886886886887	0.029613182351904015	0.03827837185637931
3.6986986986986987	0.029580776388440266	0.03823804096126814
3.7087087087087087	0.02954866417282845	0.03819807471005528
3.7187187187187187	0.029516842087369016	0.03815846862575476
3.7287287287287287	0.029485306570906707	0.038119218301106844
3.7387387387387387	0.029454054117747815	0.038080319397255424
3.7487487487487487	0.029423081276615658	0.03804176764245967
3.7587587587587588	0.029392384649629514	0.03800355883083826
3.7687687687687688	0.02936196089129634	0.03796568882113317
3.7787787787787788	0.02933180670752867	0.037928153535505715
3.7887887887887888	0.029301918854694742	0.037890948958359774
3.798798798798799	0.029272294138669858	0.037854071135187115
3.808808808808809	0.029242929413926262	0.03781751617143971
3.818818818818819	0.02921382158263518	0.0377812802314294
3.828828828828829	0.02918496759378417	0.037745359537243374
3.838838838838839	0.029156364442321607	0.0377097503676927
3.848848848848849	0.02912800916831648	0.03767444905727811
3.858858858858859	0.029099898856140345	0.037639451995179526
3.868868868868869	0.029072030633650787	0.037604755624259835
3.878878878878879	0.029044401671415674	0.03757035644010886
3.888888888888889	0.02901700918193771	0.037536250990082766
3.898898898898899	0.028989850418900787	0.037502435872383784
3.908908908908909	0.02896292267642892	0.03746890773514985
3.918918918918919	0.0289362232883714	0.037435663275566244
3.928928928928929	0.028909749627584597	0.037402699238992324
3.938938938938939	0.028883499105248803	0.03737001241811168
3.948948948948949	0.028857469170184197	0.03733759965209753
3.958958958958959	0.028831657308185606	0.037305457825790436
3.968968968968969	0.028806061041381142	0.03727358386890798
3.978978978978979	0.028780677927582855	0.03724197475524915
3.988988988988989	0.02875550555967324	0.03721062750193283
3.998998998998999	0.028730541564987562	0.037179539168648
4.009009009009009	0.028705783604720442	0.037148706856909956
4.019019019019019	0.02868122937333745	0.037118127709343654
4.029029029029029	0.028656876597999568	0.03708779890897649
4.039039039039039	0.02863272303800091	0.0370577176785407
4.049049049049049	0.028608766484223253	0.03702788127980234
4.059059059059059	0.028585004758585306	0.036998287012888396
4.069069069069069	0.02856143571352457	0.03696893221563877
4.079079079079079	0.028538057231469228	0.036939814262967725
4.089089089089089	0.028514867224339376	0.03691093056623786
4.099099099099099	0.02849186363304007	0.03688227857264456
4.109109109109109	0.02846904442697871	0.03685385576461385
4.119119119119119	0.02844640760358246	0.03682565965921711
4.129129129129129	0.02842395118783759	0.03679768780758879
4.1391391391391394	0.02840167323181475	0.03676993779436137
4.1491491491491495	0.028379571814236997	0.03674240723711124
4.1591591591591595	0.028357645040018455	0.03671509378580766
4.1691691691691695	0.028335891039847814	0.036687995122289624
4.1791791791791795	0.028314307969752782	0.03666110895973169
4.1891891891891895	0.028292894010685393	0.03663443304213439
4.1991991991991995	0.028271647368117693	0.03660796514382257
4.2092092092092095	0.028250566271634626	0.03658170306894499
4.2192192192192195	0.028229648974549035	0.0365556446509991
4.2292292292292295	0.028208893753505937	0.036529787752345576
4.2392392392392395	0.028188298908113082	0.03650413026374905
4.2492492492492495	0.028167862760566945	0.03647867010391828
4.2592592592592595	0.028147583655289028	0.03645340521905803
4.2692692692692695	0.02812745995856471	0.03642833358242398
4.2792792792792795	0.028107490058202074	0.03640345319389978
4.2892892892892895	0.02808767236318142	0.03637876207956772
4.2992992992992995	0.02806800530331815	0.036354258291290256
4.3093093093093096	0.028048487328936157	0.036329939906308104
4.31931931931932	0.02802911691053682	0.03630580502683169
4.32932932932933	0.02800989253848868	0.03628185177965867
4.33933933933934	0.02799081272270741	0.03625807831577879
4.34934934934935	0.027971875992350532	0.03623448280999531
4.35935935935936	0.02795308089552032	0.036211063460563096
4.36936936936937	0.027934425998962967	0.0361878184888097
4.37937937937938	0.02791590988777994	0.036164746138788846
4.38938938938939	0.02789753116514517	0.036141844676924516
4.3993993993994	0.027879288452022023	0.03611911239165839
4.40940940940941	0.027861180386889957	0.0360965475931253
4.41941941941942	0.02784320562547506	0.03607414861280743
4.42942942942943	0.027825362840487602	0.03605191380321511
4.43943943943944	0.027807650721355874	0.03602984153756134
4.44944944944945	0.027790067973975145	0.0360079302094465
4.45945945945946	0.027772613320460927	0.035986178232556086
4.46946946946947	0.02775528549889142	0.03596458404034521
4.47947947947948	0.02773808326307533	0.035943146085746905
4.48948948948949	0.027721005382313643	0.03592186284088077
4.4994994994995	0.027704050641159092	0.03590073279675519
4.50950950950951	0.027687217839196174	0.03587975446299661
4.51951951951952	0.02767050579080899	0.035858926367563014
4.52952952952953	0.027653913324963444	0.035838247056470436
4.53953953953954	0.02763743928498935	0.035817715093531446
4.54954954954955	0.027621082528365176	0.03579732906008194
4.55955955955956	0.027604841926513704	0.03577708755473266
4.56956956956957	0.027588716364589143	0.03575698919310472
4.57957957957958	0.027572704741275714	0.03573703260758401
4.58958958958959	0.027556805968595853	0.0357172164470781
4.5995995995996	0.027541018971704818	0.03569753937676674
4.60960960960961	0.027525342688703203	0.03567800007787048
4.61961961961962	0.027509776070450853	0.035658597247418045
4.62962962962963	0.027494318080375543	0.03563932959801126
4.63963963963964	0.02747896769429328	0.035620195857604786
4.64964964964965	0.02746372390022933	0.03560119476928105
4.65965965965966	0.027448585698240838	0.035582325091033554
4.66966966966967	0.02743355210024585	0.035563585595554836
4.67967967967968	0.027418622129848184	0.035544975070020836
4.68968968968969	0.027403794822173373	0.035526492315888385
4.6996996996997	0.027389069223707763	0.03550813614869172
4.70970970970971	0.027374444392126114	0.03548990539783552
4.71971971971972	0.027359919396141852	0.03547179890640772
4.72972972972973	0.02734549331534532	0.03545381553097718
4.73973973973974	0.02733116524005677	0.03543595414141516
4.74974974974975	0.027316934271164533	0.03541821362069029
4.75975975975976	0.027302799519983156	0.03540059286470111
4.76976976976977	0.027288760108105863	0.03538309078208606
4.77977977977978	0.027274815167261615	0.03536570629405053
4.78978978978979	0.027260963839169965	0.03534843833418711
4.7997997997998	0.027247205275403277	0.035331285848304146
4.80980980980981	0.02723353863725569	0.03531424779426119
4.81981981981982	0.027219963095595236	0.035297323141795275
4.82982982982983	0.02720647783074511	0.03528051087236091
4.83983983983984	0.02719308203234562	0.0352638099789699
4.84984984984985	0.027179774899226742	0.03524721946602717
4.85985985985986	0.027166555639282323	0.03523073834918336
4.86986986986987	0.02715342346934798	0.03521436565517209
4.87987987987988	0.02714037761507633	0.03519810042166375
4.88988988988989	0.02712741731081566	0.035181941697115575
4.8998998998999	0.02711454179949845	0.03516588854062788
4.90990990990991	0.02710175033251664	0.03514994002179526
4.91991991991992	0.027089042169610004	0.03513409522056679
4.92992992992993	0.02707641657875593	0.03511835322710849
4.93993993993994	0.027063872836056598	0.035102713141663563
4.94994994994995	0.027051410225629385	0.035087174074421065
4.95995995995996	0.027039028039498515	0.03507173514537413
4.96996996996997	0.027026725577492482	0.035056395484201634
4.97997997997998	0.02701450214713771	0.0350411542301289
4.98998998998999	0.02700235706355583	0.03502601053180419
5.0	0.026990289649364185	0.035010963547177754
