-5.0	0.002108400003924391	-0.00225811316179735
-4.98998998998999	0.0023147081596694543	-0.0029427723280004013
-4.97997997997998	0.0025549440506359455	-0.003923447359109095
-4.96996996996997	0.002837015588533224	-0.005389655168533522
-4.95995995995996	0.0031712776219354364	-0.007707368737213411
-4.94994994994995	0.0035715001568895205	-0.011657638403387106
-4.93993993993994	0.0040563149024701985	-0.019154594657301734
-4.92992992992993	0.004651430570016963	-0.035960241852248505
-4.91991991991992	0.005393121911457428	-0.08657542310220472
-4.90990990990991	0.0063339037780701015	-0.3927174613859582
-4.8998998998999	0.007552106327451459	-31.778244038711378
-4.88988988988989	0.00916874726476032	-0.2990624151197554
-4.87987987987988	0.011378824014566498	-0.08398644733735364
-4.86986986986987	0.014513043705179996	-0.03965787989214049
-4.85985985985986	0.019169204451206987	-0.02334952743199396
-4.84984984984985	0.026519986076363456	-0.01553982858494548
-4.83983983983984	0.03913063117289689	-0.011180767153841911
-4.82982982982983	0.0635420034034878	-0.008490037793159674
-4.81981981981982	0.12082981434931662	-0.006706293211035542
-4.80980980980981	0.3136575263049691	-0.005459125263530211
-4.7997997997998	2.057259666501751	-0.004550364210981234
-4.78978978978979	5.664280056373195	-0.0038660004168702463
-4.77977977977978	0.4423602031507386	-0.003336564549450323
-4.76976976976977	0.1485164872834571	-0.002917707041304909
-4.75975975975976	0.07362009803737801	-0.002580000257006882
-4.74974974974975	0.04387353623526934	-0.0023032722551326232
-4.73973973973974	0.029122788045193304	-0.0020733060474473802
-4.72972972972973	0.020753071658815243	-0.0018798380285937556
-4.71971971971972	0.015552293504915956	-0.0017153015321430848
-4.70970970970971	0.012101765634192302	-0.00157401403772326
-4.6996996996997	0.009696205019414945	-0.0014516372963776798
-4.68968968968969	0.007952847528371073	-0.0013448102409941585
-4.67967967967968	0.006649391390140747	-0.0012508941143978649
-4.66966966966967	0.005649556672032314	-0.001167792159394236
-4.65965965965966	0.004866026669355214	-0.001093819876137113
-4.64964964964965	0.004240760833472475	-0.001027610215378881
-4.63963963963964	0.003733959854974798	-0.0009680433171953235
-4.62962962962963	0.003317595129202923	-0.0009141937606793535
-4.61961961961962	0.002971465847575483	-0.0008652904828729093
-4.60960960960961	0.0026807151771378675	-0.0008206859809749929
-4.5995995995996	0.0024342195636554076	-0.0007798323976288862
-4.58958958958959	0.002223517226717584	-0.0007422627637122071
-4.57957957957958	0.0020420790138707457	-0.000707576143677073
-4.56956956956957	0.001884802076404407	-0.0006754257585181459
-4.55955955955956	0.001747651813805865	-0.0006455093986470416
-4.54954954954955	0.001627404465918956	-0.0006175616077622099
-4.53953953953954	0.0015214592724279814	-0.0005913472427969474
-4.52952952952953	0.0014276995142107809	-0.0005666561053156166
-4.51951951951952	0.001344388421963348	-0.0005432984065417308
-4.50950950950951	0.0012700903009862303	-0.0005211008763296103
-4.4994994994995	0.001203610125581286	-0.0004999033639940081
-4.48948948948949	0.0011439468212748605	-0.00047955580305249657
-4.47947947947948	0.001090256802158312	-0.00045991543208411385
-4.46946946946947	0.001041825269598633	-0.00044084417454867003
-4.45945945945946	0.00099804344070682	-0.0004222060881666333
-4.44944944944945	0.0009583903472495903	-0.0004038647946988832
-4.43943943943944	0.000922418186503624	-0.00038568079909341265
-4.42942942942943	0.0008897404540980216	-0.00036750859700602177
-4.41941941941942	0.000860022271593454	-0.000349193455638831
-4.40940940940941	0.0008329724576517353	-0.0003305677301229088
-4.3993993993994	0.00080833699321736	-0.00031144654535175453
-4.38938938938939	0.0007858936082895362	-0.00029162262834730497
-4.37937937937938	0.0007654472763004236	-0.0002708600136425415
-4.36936936936937	0.0007468264470611815	-0.00024888625667050953
-4.35935935935936	0.0007298798838969093	-0.0002253826701358409
-4.34934934934935	0.0007144739976381254	-0.00019997192652753277
-4.33933933933934	0.0007004905911234762	-0.00017220213048210672
-4.32932932932933	0.0006878249445274321	-0.00014152611875928572
-4.31931931931932	0.0006763841849257993	-0.00010727424495760391
-4.3093093093093096	0.0006660858940306105	-6.861817164717369e-5
-4.2992992992992995	0.0006568569162486159	-2.452209508291911e-5
-4.2892892892892895	0.0006486323361528885	2.6323833995848227e-5
-4.2792792792792795	0.0006413545996271396	8.559569447659407e-5
-4.2692692692692695	0.0006349727576207936	0.00015546541903704609
-4.2592592592592595	0.0006294418148386153	0.00023878617469883485
-4.2492492492492495	0.000624722168778004	0.00033936248018854654
-4.2392392392392395	0.0006207791268690625	0.00046235204191487383
-4.2292292292292295	0.000617582491561139	0.0006148775813544176
-4.2192192192192195	0.0006151062048380079	0.0008069831070983192
-4.2092092092092095	0.000613328044990404	0.0010531737313205394
-4.1991991991991995	0.0006122293698161814	0.0013749813921927752
-4.1891891891891895	0.0006117949012360643	0.001805413149396217
-4.1791791791791795	0.0006120125473187105	0.0023970319667249813
-4.1691691691691695	0.0006128732583236876	0.0032374778379891454
-4.1591591591591595	0.0006143709141849682	0.0044813718960038116
-4.1491491491491495	0.0006165022412254229	0.006421676458118483
-4.1391391391391394	0.0006192667565903441	0.009667594145571886
-4.129129129129129	0.0006226667392540939	0.015657388640596438
-4.119119119119119	0.0006267072269206602	0.02847603759674216
-4.109109109109109	0.0006313960385986435	0.0637712496309373
-4.099099099099099	0.0006367438229558685	0.23046933584299148
-4.089089089089089	0.0006427641330680115	11.62799998875924
-4.079079079079079	0.0006494735285322877	0.48054398229444223
-4.069069069069069	0.0006568917063837774	0.10406668741662227
-4.059059059059059	0.0006650416627365618	0.04534151843967109
-4.049049049049049	0.000673949887556812	0.025720214884103577
-4.039039039039039	0.0006836465956133131	0.016776043145947158
-4.029029029029029	0.0006941659972463429	0.011930888503113066
-4.019019019019019	0.0007055466133469875	0.008999511930509437
-4.009009009009009	0.0007178316398458657	0.007084094641152883
-3.998998998998999	0.0007310693679400305	0.005759507911746781
-3.988988988988989	0.0007453136674748389	0.004802790639934627
-3.978978978978979	0.0007606245422923162	0.004087606996149225
-3.968968968968969	0.0007770687679649219	0.003537892295866848
-3.958958958958959	0.0007947206242538235	0.0031055514327881137
-3.948948948948949	0.0008136627369678732	0.0027589220685688104
-3.938938938938939	0.0008339870467085516	0.002476442440968581
-3.928928928928929	0.0008557959252894582	0.00224300010477529
-3.918918918918919	0.000879203464759092	0.0020477367796718168
-3.908908908908909	0.0009043369688602078	0.0018826804779560557
-3.898898898898899	0.0009313386829564878	0.0017418662197701733
-3.888888888888889	0.0009603678057257803	0.0016207552063937536
-3.878878878878879	0.0009916028353792298	0.0015158417940432478
-3.868868868868869	0.0010252443143786852	0.0014243817828917687
-3.858858858858859	0.0010615180510260293	0.0013442009318028025
-3.848848848848849	0.0011006789140799915	0.0012735576536418893
-3.838838838838839	0.0011430153190137918	0.0012110430046435694
-3.828828828828829	0.0011888545530198327	0.001155506790230914
-3.818818818818819	0.0012385691220535295	0.0011060022505744722
-3.808808808808809	0.0012925843496777655	0.0010617441551350928
-3.798798798798799	0.001351387517230257	0.0010220767042762812
-3.7887887887887888	0.0014155389125656372	0.000986448691308535
-3.7787787787787788	0.0014856852561455824	0.0009543941008329476
-3.7687687687687688	0.0015625761068052695	0.0009255168207060942
-3.7587587587587588	0.001647084027104216	0.0008994784972688655
-3.7487487487487487	0.0017402295253937483	0.0008759888144181235
-3.7387387387387387	0.0018432121123057063	0.0008547976577973573
-3.7287287287287287	0.0019574492460682946	0.0008356887570474368
-3.7187187187187187	0.0020846255422118094	0.0008184744958875218
-3.7087087087087087	0.0022267554592191657	0.0008029916511513313
-3.6986986986986987	0.0023862638483584174	0.0007890978763569655
-3.6886886886886887	0.0025660904311233324	0.0007766687853964678
-3.6786786786786787	0.002769826685685251	0.0007655955232762188
-3.6686686686686687	0.003001897161558287	0.0007557827344412166
-3.6586586586586587	0.003267802499583522	0.0007471468574617878
-3.6486486486486487	0.0035744493769126104	0.0007396146892085857
-3.6386386386386387	0.003930604814258162	0.0007331221730372319
-3.6286286286286287	0.004347531448532812	0.0007276133735868445
-3.6186186186186187	0.004839891096137434	0.0007230396089146965
-3.6086086086086087	0.005427054363927147	0.000719358715139988
-3.5985985985985987	0.0061350390629947215	0.0007165344238776444
-3.5885885885885886	0.006999447711702966	0.0007145358364356166
-3.5785785785785786	0.008070039073620186	0.0007133369811348856
-3.5685685685685686	0.009418061505549422	0.0007129164430414524
-3.5585585585585586	0.011148433512733699	0.0007132570573170006
-3.5485485485485486	0.0134208112388934	0.0007143456586434107
-3.5385385385385386	0.01648780594089542	0.0007161728813320924
-3.5285285285285286	0.0207683805586906	0.0007187330047419487
-3.5185185185185186	0.026998956933611977	0.000722023841243003
-3.5085085085085086	0.036572738510339355	0.000726046663265829
-3.4984984984984986	0.052391958727828244	0.0007308061678185035
-3.4884884884884886	0.08135662883150277	0.0007363104771160529
-3.4784784784784786	0.143387273337977	0.0007425711748958388
-3.4684684684684686	0.3176214635787228	0.0007496033785413649
-3.4584584584584586	1.2128116490723775	0.0007574258475341181
-3.4484484484484486	114.19903896865603	0.0007660611300892694
-3.4384384384384385	1.4218500784397574	0.0007755357495540936
-3.4284284284284285	0.3440854669453743	0.0007858804339200304
-3.4184184184184185	0.15125438695888901	0.0007971303918716706
-3.4084084084084085	0.08468776765493531	0.0008093256397509117
-3.3983983983983985	0.05410875938009141	0.0008225113853515764
-3.3883883883883885	0.03757783099521987	0.0008367384751011521
-3.3783783783783785	0.02764389663259556	0.0008520639125723761
-3.3683683683683685	0.021212807736806696	0.0008685514584737755
-3.3583583583583585	0.016812621491774565	0.0008862723229091317
-3.3483483483483485	0.013670543528418505	0.0009053059645896258
-3.3383383383383385	0.011349225188348688	0.0009257410124813691
-3.3283283283283285	0.009586078591093434	0.0009476763305502443
-3.3183183183183185	0.008215714533139006	0.0009712222480682571
-3.3083083083083085	0.0071297602726777464	0.0009965019845955508
-3.2982982982982985	0.006254801792734732	0.0010236533029514372
-3.2882882882882885	0.005539675766215115	0.0010528304315151776
-3.2782782782782784	0.004947841744489072	0.0010842063053421397
-3.2682682682682684	0.004452639480433961	0.00111797518652512
-3.2582582582582584	0.004034248419166855	0.0011543557373738034
-3.2482482482482484	0.0036776853537848	0.0011935946369444322
-3.2382382382382384	0.003371454044157068	0.0012359708521166655
-3.2282282282282284	0.003106615016644039	0.0012818007009722122
-3.2182182182182184	0.0028761325065668948	0.0013314438798853298
-3.2082082082082084	0.002674408041878542	0.0013853106688513372
-3.1981981981981984	0.0024969421058421383	0.0014438705843361922
-3.1881881881881884	0.0023400852059824186	0.0015076628214722718
-3.1781781781781784	0.0022008523339013568	0.0015773089196593451
-3.1681681681681684	0.0020767830171483062	0.0016535282089601704
-3.1581581581581584	0.0019658345952476156	0.00173715675687835
-3.1481481481481484	0.0018663000025065588	0.0018291707510601494
-3.1381381381381384	0.0017767438313983767	0.001930715544862943
-3.1281281281281283	0.0016959521750008547	0.0020431419887493476
-3.118118118118118	0.0016228929567815888	0.002168052212622117
-3.108108108108108	0.0015566843148613681	0.002307357775113577
-3.098098098098098	0.0014965692250678716	0.0024633541510673367
-3.088088088088088	0.001441894994773193	0.0026388170196198703
-3.078078078078078	0.0013920965881227335	0.002837127961863964
-3.068068068068068	0.0013466829862211207	0.0030624402987271793
-3.058058058058058	0.001305225967455758	0.003319900414694251
-3.048048048048048	0.0012673508297767872	0.0036159468428303425
-3.038038038038038	0.0012327286805473721	0.003958719974711228
-3.028028028028028	0.0012010699988786538	0.004358631752152561
-3.018018018018018	0.0011721192364468913	0.004829170924901412
-3.008008008008008	0.0011456502701703856	0.005388062139581615
-2.997997997997998	0.0011214625570360928	0.0060589683642102085
-2.987987987987988	0.0010993778703955103	0.006874048470577163
-2.977977977977978	0.00107923751990733	0.007877898565533474
-2.967967967967968	0.0010608999755265696	0.009133803769935823
-2.957957957957958	0.0010442388303599863	0.01073398856533584
-2.947947947947948	0.0010291410489182563	0.012817079562587793
-2.937937937937938	0.0010155054566435172	0.015599221721969527
-2.9279279279279278	0.0010032414341227737	0.019432563679295654
-2.9179179179179178	0.0009922677856652865	0.02492252377174902
-2.9079079079079078	0.0009825117568742375	0.033182490468669404
-2.8978978978978978	0.0009739081800395624	0.04644633520309807
-2.8878878878878878	0.0009663987295532972	0.06975390521835186
-2.8778778778778777	0.0009599312723499737	0.11655077275305556
-2.8678678678678677	0.0009544593007582861	0.23348658223051083
-2.8578578578578577	0.0009499414370582065	0.6844696661147193
-2.8478478478478477	0.0009463410006622357	8.02036038641156
-2.8378378378378377	0.000943625630260771	3.5899247828494176
-2.8278278278278277	0.0009417669543466718	0.5205865936755657
-2.8178178178178177	0.0009407403045708166	0.19827622288299562
-2.8078078078078077	0.0009405244671985976	0.10383002769548051
-2.7977977977977977	0.0009411014686262617	0.0638499559698686
-2.7877877877877877	0.0009424563915344887	0.04327902386429173
-2.7777777777777777	0.0009445772188182922	0.03132149311552355
-2.7677677677677677	0.0009474547028225931	0.023763703823388018
-2.7577577577577577	0.0009510822578662462	0.018685740687231757
-2.7477477477477477	0.0009554558744060566	0.01511123401434896
-2.7377377377377377	0.0009605740534260521	0.012501037005503758
-2.7277277277277276	0.000966437760026935	0.010537708354489143
-2.7177177177177176	0.0009730503953768211	0.009024471694784863
-2.7077077077077076	0.0009804177864665999	0.007834085594358796
-2.6976976976976976	0.0009885481933371058	0.006881314514125103
-2.6876876876876876	0.0009974523336198113	0.006107324380584775
-2.6776776776776776	0.0010071434245622966	0.005470445090607276
-2.6676676676676676	0.0010176372427674505	0.0049404952049704265
-2.6576576576576576	0.0010289522022400713	0.004495181231156768
-2.6476476476476476	0.0010411094514674413	0.0041177479789735235
-2.6376376376376376	0.0010541329905453352	0.0037954067846063958
-2.6276276276276276	0.0010680498095842212	0.003518260634861899
-2.6176176176176176	0.0010828900499347555	0.003278554447333157
-2.6076076076076076	0.0010986871900756177	0.0030701427688855335
-2.5975975975975976	0.0011154782583026285	0.002888105713240291
-2.5875875875875876	0.00113330407477908	0.0027284677724077598
-2.5775775775775776	0.0011522095259473718	0.0025879891784618245
-2.5675675675675675	0.0011722438746804792	0.0024640091901188374
-2.5575575575575575	0.00119346111029615	0.0023543270486323783
-2.5475475475475475	0.001215920342961523	0.0022571106047347108
-2.5375375375375375	0.0012396862479478131	0.002170825508127701
-2.5275275275275275	0.0012648295659490746	0.0020941798422366123
-2.5175175175175175	0.00129142766665698	0.002026080476572765
-2.5075075075075075	0.0013195651840204974	0.0019655983925724327
-2.4974974974974975	0.0013493347328954928	0.0019119409414412919
-2.4874874874874875	0.0013808377184441366	0.0018644295016386075
-2.4774774774774775	0.0014141852514853131	0.001822481374933146
-2.4674674674674675	0.0014494991852590379	0.001785595034848827
-2.4574574574574575	0.0014869132917146508	0.0017533380446130228
-2.4474474474474475	0.0015265745985817976	0.0017253371160253098
-2.4374374374374375	0.0015686449122491253	0.001701269896374467
-2.4274274274274275	0.0016133025560407595	0.0016808581588886832
-2.4174174174174174	0.0016607443588865251	0.001663862141149976
-2.4074074074074074	0.0017111879360460173	0.0016500758276618138
-2.3973973973973974	0.001764874311442315	0.0016393230148134218
-2.3873873873873874	0.001822070940996657	0.0016314540281425977
-2.3773773773773774	0.00188307520817837	0.0016263429878675922
-2.3673673673673674	0.0019482184776313356	0.0016238855386208602
-2.3573573573573574	0.0020178708107452255	0.0016239969759260975
-2.3473473473473474	0.0020924464693200156	0.0016266107151702168
-2.3373373373373374	0.0021724103612559766	0.0016316770594582612
-2.3273273273273274	0.002258285616862827	0.001639162232147189
-2.3173173173173174	0.0023506625280616173	0.001649047646650431
-2.3073073073073074	0.0024502091377886005	0.001661329393400583
-2.2972972972972974	0.002557683837006524	0.0016760179285339354
-2.2872872872872874	0.0026739504162628337	0.001693137954408521
-2.2772772772772774	0.002799996133846837	0.0017127284864427623
-2.2672672672672673	0.002936953511767198	0.001734843104747946
-2.2572572572572573	0.0030861267651343723	0.0017595503936853134
-2.2472472472472473	0.0032490240257737426	0.0017869345762031418
-2.2372372372372373	0.003427396858741787	0.0018170963545117796
-2.2272272272272273	0.0036232890210324614	0.0018501539732915448
-2.2172172172172173	0.003839097018137113	0.0018862445266347424
-2.2072072072072073	0.004077645837716774	0.0019255255363042475
-2.1971971971971973	0.004342284368733606	0.001968176835260699
-2.1871871871871873	0.004637006579212166	0.0020144027985379473
-2.1771771771771773	0.004966606717733363	0.002064434973377901
-2.1671671671671673	0.005336879911754131	0.00211853517137283
-2.1571571571571573	0.005754883998574094	0.002176999099610049
-2.1471471471471473	0.006229284921516735	0.0022401606247616896
-2.1371371371371373	0.0067708176232655634	0.0023083967843279683
-2.1271271271271273	0.007392908780800147	0.002382133685384469
-2.1171171171171173	0.008112529747002243	0.002461853463091939
-2.1071071071071072	0.008951382354750324	0.0025481025109908837
-2.0970970970970972	0.009937574762944944	0.0026415012458278486
-2.0870870870870872	0.011108033230796552	0.002742755733581297
-2.0770770770770772	0.012512043738649942	0.002852671584710538
-2.067067067067067	0.014216571480209297	0.0029721706314581654
-2.057057057057057	0.016314456452338106	0.0031023110351971134
-2.047047047047047	0.018937409936499366	0.00324431164778247
-2.037037037037037	0.022277317018384188	0.003399581681015914
-2.027027027027027	0.02662251575728628	0.003569757042871653
-2.017017017017017	0.03242241604691468	0.0037567451038723657
-2.007007007007007	0.040408899084521145	0.003962780200388387
-1.996996996996997	0.051839592683680234	0.004190492918094659
-1.986986986986987	0.06902589539917894	0.004442997204699982
-1.976976976976977	0.09660166011013821	0.004724000752162227
-1.966966966966967	0.14501016300010725	0.005037946030205671
-1.956956956956957	0.24206918969815078	0.005390192096471011
-1.946946946946947	0.4840469323894752	0.005787251234553978
-1.936936936936937	1.41267091880391	0.006237100162596839
-1.926926926926927	16.148309458392703	0.006749593930093482
-1.916916916916917	7.6608645307579435	0.007337023135852884
-1.906906906906907	1.094829803058301	0.00801487412603682
-1.896896896896897	0.41544243919727103	0.00880288129684367
-1.8868868868868869	0.21716405985846784	0.009726507195438648
-1.8768768768768769	0.13340173812712422	0.010819061376449961
-1.8668668668668669	0.09036120277170569	0.01212479364710185
-1.8568568568568569	0.06536870273233923	0.013703509598028494
-1.8468468468468469	0.04958704748107841	0.01563762893467613
-1.8368368368368369	0.03899366605877077	0.018043284156593772
-1.8268268268268268	0.0315444275950233	0.021088336282832795
-1.8168168168168168	0.026111252962634193	0.025022711623832537
-1.8068068068068068	0.022030284484463744	0.03023172216268574
-1.7967967967967968	0.0188901949882844	0.037334657792222885
-1.7867867867867868	0.016425122509334835	0.04737856512845952
-1.7767767767767768	0.014457050976402604	0.06224878830710866
-1.7667667667667668	0.012863162222126572	0.08562512653771347
-1.7567567567567568	0.011556515662956363	0.1255021349989014
-1.7467467467467468	0.010474182024305782	0.20206276772749374
-1.7367367367367368	0.009569716952838175	0.3793122633181415
-1.7267267267267268	0.008808251110524558	0.9595655702449434
-1.7167167167167168	0.008163206741889972	5.710558999253526
-1.7067067067067068	0.007614053043872263	24.781386172269382
-1.6966966966966968	0.007144741208442064	1.5658500530130006
-1.6866866866866868	0.0067425939037256645	0.5086934975340884
-1.6766766766766767	0.00639750460487696	0.2492353618838253
-1.6666666666666667	0.00610135198377983	0.14788085550998992
-1.6566566566566567	0.005847566017381072	0.09810556169279419
-1.6466466466466467	0.0056308027496325104	0.07005145947538016
-1.6366366366366367	0.005446697960622285	0.05271175790303672
-1.6266266266266267	0.005291678897915062	0.0412622014983381
-1.6166166166166167	0.005162819270395919	0.03331778826043097
-1.6066066066066067	0.005057726872410849	0.02758968095816197
-1.5965965965965967	0.004974456119744276	0.023331932412158148
-1.5865865865865867	0.0049114398441941175	0.020088591300659018
-1.5765765765765767	0.004867436176782241	0.01756829972548813
-1.5665665665665667	0.004841487429714827	0.01557788971044855
-1.5565565565565564	0.0048328886852895565	0.013985264620341333
-1.5465465465465464	0.004841164399424797	0.012697685692858484
-1.5365365365365364	0.004866051786981738	0.011648569112165542
-1.5265265265265264	0.004907490117319611	0.010789186018218011
-1.5165165165165164	0.0049656153419557645	0.010083291643740463
-1.5065065065065064	0.005040759725066338	0.009503561051986959
-1.4964964964964964	0.0051334563699435756	0.009029171086135828
-1.4864864864864864	0.005244448745942426	0.008644128247685519
-1.4764764764764764	0.005374705535015516	0.00833609338865241
-1.4664664664664664	0.005525441348680593	0.008095544524229635
-1.4564564564564564	0.005698144130881986	0.00791517459164602
-1.4464464464464464	0.005894610377989735	0.007789455907351307
-1.4364364364364364	0.006116989697212649	0.007714325559306034
-1.4264264264264264	0.006367840719273979	0.007686960786645693
-1.4164164164164164	0.006650201020988572	0.007705623409839859
-1.4064064064064064	0.0069676745544364005	0.007769559345093378
-1.3963963963963963	0.00732454120018643	0.007878944287683006
-1.3863863863863863	0.0077258945739504025	0.008034870517382588
-1.3763763763763763	0.008177816279205597	0.008239372979781613
-1.3663663663663663	0.008687597646469956	0.008495495721241517
-1.3563563563563563	0.009264023977578154	0.00880740274004183
-1.3463463463463463	0.009917741936634627	0.009180540703129797
-1.3363363363363363	0.010661738782354695	0.009621865165622407
-1.3263263263263263	0.011511973827248907	0.010140147445832854
-1.3163163163163163	0.012488219733735938	0.010746386899490382
-1.3063063063063063	0.013615197039696813	0.011454364121623444
-1.2962962962962963	0.014924124570252429	0.012281386309188003
-1.2862862862862863	0.016454869318231178	0.013249299376704231
-1.2762762762762763	0.018258975875371026	0.014385876866710572
-1.2662662662662663	0.020404011826096562	0.015726750592808023
-1.2562562562562563	0.022979925163933587	0.01731813478957767
-1.2462462462462462	0.02610855315029129	0.01922073609032513
-1.2362362362362362	0.029958202900979967	0.021515474904985475
-1.2262262262262262	0.0347666480882082	0.0243120417615977
-1.2162162162162162	0.04087858823134456	0.027762012596987955
-1.2062062062062062	0.04880898191154871	0.03207952330500072
-1.1961961961961962	0.05935489169897706	0.03757492326343058
-1.1861861861861862	0.07380346571657811	0.044711626019970606
-1.1761761761761762	0.09434354061665262	0.05420640396812704
-1.1661661661661662	0.1249451719165052	0.06721566202815484
-1.1561561561561562	0.17343073255620933	0.08570352475519381
-1.1461461461461462	0.25701493770877243	0.11322690080493351
-1.1361361361361362	0.4199775743721355	0.15677966419759648
-1.1261261261261262	0.8070221939678209	0.23170970837626698
-1.1161161161161162	2.1428229178421088	0.37733207051126383
-1.1061061061061062	15.420340569559519	0.721269616809801
-1.0960960960960962	29.23112212355291	1.8942880746637238
-1.0860860860860861	2.668077156445619	13.03344761629683
-1.0760760760760761	0.9206473495230019	29.42099573731015
-1.0660660660660661	0.4613596299003606	2.501237837690859
-1.0560560560560561	0.2764371830786426	0.8522162984719771
-1.0460460460460461	0.18401365159520341	0.4249353722773662
-1.0360360360360361	0.1312982885690499	0.2539830370228431
-1.026026026026026	0.09841840917536816	0.16884675301388205
-1.016016016016016	0.07653991186849152	0.12039853760761333
-1.006006006006006	0.061250399289483844	0.09022725245112764
-0.995995995995996	0.05014666154433295	0.07017325660858996
-0.985985985985986	0.04182903050343636	0.05616996094505451
-0.975975975975976	0.0354374947225364	0.04600618785075687
-0.965965965965966	0.030419989241401588	0.038395797069649296
-0.955955955955956	0.02640896351009984	0.03254936671456053
-0.9459459459459459	0.02315203721146801	0.02796058451036838
-0.9359359359359359	0.020471259957315448	0.02429260467558274
-0.9259259259259259	0.018238244158367115	0.02131427167060562
-0.9159159159159159	0.0163584773207414	0.018862685163507156
-0.9059059059059059	0.014761135982614543	0.016820368212410067
-0.8958958958958959	0.013392301854724164	0.01510087332122237
-0.8858858858858859	0.0122103408351964	0.013639441965321953
-0.8758758758758759	0.011182691257435165	0.012386787150191503
-0.8658658658658659	0.010283590784896192	0.011304860228534901
-0.8558558558558559	0.00949244104569776	0.010363909910550619
-0.8458458458458459	0.008792613427161696	0.009540401568598597
-0.8358358358358359	0.00817056508256161	0.008815520804839298
-0.8258258258258259	0.00761517636069782	0.008174081033842866
-0.8158158158158159	0.007117248468661729	0.007603715060731611
-0.8058058058058059	0.0066691185645701275	0.007094269305895444
-0.7957957957957958	0.006264361923629369	0.006637344633386024
-0.7857857857857858	0.0058975593722121605	0.006225944592275223
-0.7757757757757757	0.0055641141409206105	0.005854203284573751
-0.7657657657657657	0.005260106489413983	0.0055171729058310325
-0.7557557557557557	0.0049821774554535915	0.0052106564587973405
-0.7457457457457457	0.004727435245723711	0.004931074986992038
-0.7357357357357357	0.004493379365220672	0.004675361420404622
-0.7257257257257257	0.004277838744998231	0.0044408751066575755
-0.7157157157157157	0.004078920992406326	0.004225332545562886
-0.7057057057057057	0.0038949705360589097	0.004026750908814662
-0.6956956956956957	0.003724533927364287	0.003843401716845497
-0.6856856856856857	0.0035663309335320385	0.00367377263741938
-0.6756756756756757	0.0034192303430571063	0.003516535818239322
-0.6656656656656657	0.0032822296256512927	0.003370521506557084
-0.6556556556556556	0.0031544377604833082	0.0032346959704558564
-0.6456456456456456	0.0030350606809837997	0.0031081429382675343
-0.6356356356356356	0.002923388890232631	0.0029900479295750138
-0.6256256256256256	0.0028187868847747086	0.0028796849741426003
-0.6156156156156156	0.00272068409115224	0.0027764053116015887
-0.6056056056056056	0.0026285670729251946	0.0026796277413054827
-0.5955955955955956	0.002541972808580864	0.002588830352508384
-0.5855855855855856	0.0024604828754391343	0.0025035434137114614
-0.5755755755755756	0.0023837184026206416	0.0024233432390928177
-0.5655655655655656	0.0023113356790467974	0.0023478468815209225
-0.5555555555555556	0.0022430223210858718	0.0022767075272126496
-0.5455455455455456	0.002178493919820171	0.0022096104879814372
-0.5355355355355356	0.002117491100556173	0.0021462697040589324
-0.5255255255255256	0.002059776937680335	0.0020864246844705314
-0.5155155155155156	0.002005134676629262	0.002029837823516277
-0.5055055055055055	0.0019533657219991535	0.0019762920414237947
-0.4954954954954955	0.0019042878568680374	0.001925588705192253
-0.4854854854854855	0.0018577336634875879	0.0018775457922534668
-0.4754754754754755	0.0018135491197618283	0.0018319962650765042
-0.46546546546546547	0.0017715923495177954	0.0017887866295140313
-0.45545545545545546	0.0017317325076614525	0.0017477756535297807
-0.44544544544544545	0.0016938487838498654	0.001708833226266653
-0.43543543543543545	0.0016578295105380235	0.0016718393402106874
-0.42542542542542544	0.0016235713631314991	0.001636683181501175
-0.41541541541541543	0.0015909786415537195	0.0016032623155016379
-0.40540540540540543	0.0015599626239617332	0.0015714819564510007
-0.3953953953953954	0.0015304409844653297	0.0015412543114319817
-0.38538538538538536	0.0015023372677572878	0.0015124979901908542
-0.37537537537537535	0.001475580414444881	0.00148513747341575
-0.36536536536536535	0.0014501043315961577	0.0014591026329833648
-0.35535535535535534	0.0014258475037018524	0.0014343282984998142
-0.34534534534534533	0.0014027526398282368	0.0014107538651566194
-0.3353353353353353	0.0013807663531944683	0.001388322938514485
-0.3253253253253253	0.0013598388698929302	0.0013669830123520575
-0.3153153153153153	0.001339923763808277	0.0013466851761622636
-0.3053053053053053	0.0013209777151395846	0.001327383849296615
-0.2952952952952953	0.0013029602902236734	0.0013090365390696528
-0.2852852852852853	0.0012858337405996388	0.0012916036204609989
-0.2752752752752753	0.0012695628194948768	0.0012750481353162291
-0.2652652652652653	0.0012541146140877093	0.0012593356091738124
-0.2552552552552553	0.0012394583921122204	0.0012444338840487698
-0.24524524524524524	0.0012255654614748892	0.0012303129656888066
-0.23523523523523523	0.0012124090417517394	0.0012169448839817925
-0.22522522522522523	0.001199964146488214	0.0012043035653202798
-0.21521521521521522	0.0011882074753979907	0.001192364715876333
-0.20520520520520522	0.001177117315590211	0.0011811057148267416
-0.19519519519519518	0.0011666734511041772	0.001170505516683657
-0.18518518518518517	0.0011568570800415073	0.0011605445619636257
-0.17517517517517517	0.0011476507387096794	0.0011512046955241269
-0.16516516516516516	0.0011390382322298942	0.0011424690919403663
-0.15515515515515516	0.0011310045710933012	0.0011343221873741708
-0.14514514514514515	0.001123535913258654	0.001126749617458202
-0.13513513513513514	0.001116619511363033	0.0011197381607238677
-0.12512512512512514	0.0011102436647113523	0.0011132756872034885
-0.11511511511511512	0.0011043976757072597	0.0011073511118400642
-0.10510510510510511	0.001099071810463547	0.0011019543523776575
-0.09509509509509509	0.0010942572633051571	0.0010970762914795085
-0.08508508508508508	0.0010899461249636274	0.0010927087427833075
-0.07507507507507508	0.0010861313542563466	0.0010888444207052036
-0.06506506506506507	0.0010828067530606548	0.0010854769137808977
-0.055055055055055056	0.0010799669444507753	0.0010826006613689847
-0.04504504504504504	0.0010776073538283596	0.0010802109335838978
-0.035035035035035036	0.0010757241929762605	0.0010783038143157998
-0.025025025025025027	0.0010743144469019428	0.0010768761872398044
-0.015015015015015015	0.0010733758634026847	0.001075925724724849
-0.005005005005005005	0.0010729069453024335	0.0010754508795835964
0.005005005005005005	0.0010729069453032313	0.0010754508795841255
0.015015015015015015	0.0010733758634009587	0.001075925724725206
0.025025025025025027	0.0010743144469012467	0.0010768761872402154
0.035035035035035036	0.0010757241929738907	0.001078303814316362
0.04504504504504504	0.0010776073538254153	0.0010802109335847545
0.055055055055055056	0.0010799669444477502	0.0010826006613691085
0.06506506506506507	0.0010828067530581915	0.001085476913780935
0.07507507507507508	0.0010861313542528544	0.0010888444207059127
0.08508508508508508	0.0010899461249602768	0.0010927087427835861
0.09509509509509509	0.0010942572633021704	0.001097076291479122
0.10510510510510511	0.001099071810461267	0.0011019543523790676
0.11511511511511512	0.0011043976757055623	0.0011073511118408145
0.12512512512512514	0.0011102436647089837	0.0011132756872049316
0.13513513513513514	0.0011166195113616957	0.001119738160724
0.14514514514514515	0.0011235359132572124	0.0011267496174600083
0.15515515515515516	0.0011310045710919865	0.0011343221873756368
0.16516516516516516	0.001139038232228911	0.0011424690919403452
0.17517517517517517	0.0011476507387079497	0.0011512046955253498
0.18518518518518517	0.0011568570800395551	0.0011605445619646746
0.19519519519519518	0.001166673451103229	0.0011705055166863247
0.20520520520520522	0.0011771173155890472	0.001181105714829701
0.21521521521521522	0.001188207475396299	0.0011923647158788306
0.22522522522522523	0.001199964146487144	0.001204303565322069
0.23523523523523523	0.0012124090417511698	0.0012169448839843284
0.24524524524524524	0.0012255654614735346	0.0012303129656916689
0.2552552552552553	0.0012394583921109838	0.0012444338840520003
0.2652652652652653	0.0012541146140875703	0.0012593356091781893
0.2752752752752753	0.0012695628194938486	0.0012750481353209745
0.2852852852852853	0.001285833740598937	0.0012916036204663416
0.2952952952952953	0.0013029602902215472	0.0013090365390750517
0.3053053053053053	0.0013209777151382228	0.0013273838493028265
0.3153153153153153	0.001339923763807527	0.0013466851761685865
0.3253253253253253	0.001359838869892041	0.0013669830123606598
0.3353353353353353	0.0013807663531930786	0.0013883229385238376
0.34534534534534533	0.001402752639827	0.0014107538651683073
0.35535535535535534	0.00142584750370138	0.0014343282985121689
0.36536536536536535	0.0014501043315954768	0.0014591026329965398
0.37537537537537535	0.00147558041444388	0.0014851374734302324
0.38538538538538536	0.0015023372677563148	0.001512497990207936
0.3953953953953954	0.0015304409844635646	0.0015412543114509403
0.40540540540540543	0.0015599626239608576	0.0015714819564729898
0.41541541541541543	0.0015909786415517874	0.0016032623155253516
0.42542542542542544	0.0016235713631291362	0.0016366831815272803
0.43543543543543545	0.0016578295105364109	0.0016718393402404632
0.44544544544544545	0.0016938487838484477	0.0017088332262996274
0.45545545545545546	0.0017317325076593672	0.0017477756535674274
0.46546546546546547	0.001771592349516127	0.001788786629555517
0.4754754754754755	0.0018135491197594368	0.0018319962651246369
0.4854854854854855	0.0018577336634855582	0.001877545792307914
0.4954954954954955	0.0019042878568653122	0.0019255887052547394
0.5055055055055055	0.0019533657219972067	0.0019762920414944612
0.5155155155155156	0.002005134676626648	0.0020298378235972378
0.5255255255255256	0.002059776937676886	0.0020864246845623156
0.5355355355355356	0.0021174911005520567	0.002146269704164519
0.5455455455455456	0.002178493919816471	0.0022096104881014953
0.5555555555555556	0.0022430223210822553	0.0022767075273490726
0.5655655655655656	0.002311335679042792	0.002347846881675551
0.5755755755755756	0.0023837184026166912	0.0024233432392704946
0.5855855855855856	0.002460482875433737	0.0025035434139145845
0.5955955955955956	0.0025419728085764115	0.0025888303527411326
0.6056056056056056	0.0026285670729189045	0.0026796277415725945
0.6156156156156156	0.002720684091145337	0.0027764053119081933
0.6256256256256256	0.0028187868847678616	0.0028796849744947765
0.6356356356356356	0.0029233888902253377	0.002990047929983184
0.6456456456456456	0.003035060680974501	0.0031081429387334407
0.6556556556556556	0.0031544377604736744	0.003234695970995556
0.6656656656656657	0.0032822296256395417	0.003370521507178345
0.6756756756756757	0.003419230343045186	0.0035165358189620027
0.6856856856856857	0.0035663309335196704	0.003673772638259232
0.6956956956956957	0.0037245339273496896	0.0038434017178186736
0.7057057057057057	0.003894970536043306	0.004026750909950762
0.7157157157157157	0.004078920992388825	0.004225332546884957
0.7257257257257257	0.004277838744978495	0.004440875108200509
0.7357357357357357	0.004493379365199371	0.004675361422214948
0.7457457457457457	0.004727435245698948	0.004931074989114889
0.7557557557557557	0.004982177455425362	0.005210656461293533
0.7657657657657657	0.005260106489382845	0.005517172908771181
0.7757757757757757	0.005564114140885892	0.005854203288043328
0.7857857857857858	0.005897559372173743	0.006225944596382075
0.7957957957957958	0.0062643619235861325	0.006637344638261797
0.8058058058058059	0.006669118564518381	0.007094269311701693
0.8158158158158159	0.007117248468606269	0.00760371506766251
0.8258258258258259	0.007615176360635733	0.008174081042146963
0.8358358358358359	0.008170565082489303	0.008815520814823036
0.8458458458458459	0.00879261342707917	0.009540401580648455
0.8558558558558559	0.009492441045602103	0.010363909925153344
0.8658658658658659	0.010283590784785345	0.011304860246310599
0.8758758758758759	0.011182691257307538	0.01238678717193127
0.8858858858858859	0.01221034083504829	0.013639441992062977
0.8958958958958959	0.01339230185455306	0.015100873354306554
0.9059059059059059	0.014761135982416407	0.01682036825361329
0.9159159159159159	0.01635847732051061	0.018862685215180017
0.9259259259259259	0.018238244158096533	0.02131427173597409
0.9359359359359359	0.02047125995699498	0.024292604759044087
0.9459459459459459	0.023152037211098264	0.02796058461806944
0.955955955955956	0.026408963509660384	0.03254936685524951
0.965965965965966	0.030419989240885688	0.03839579725609906
0.975975975975976	0.035437494721931306	0.046006188102133555
0.985985985985986	0.04182903050272996	0.056169961291004385
0.995995995995996	0.0501466615435266	0.07017325709691653
1.006006006006006	0.06125039928857539	0.09022725316284479
1.016016016016016	0.07653991186750987	0.12039853868893399
1.026026026026026	0.09841840917450613	0.16884675475192143
1.0360360360360361	0.13129828856872378	0.25398304005130595
1.0460460460460461	0.1840136515966202	0.4249353782569876
1.0560560560560561	0.27643718308538057	0.8522163131736474
1.0660660660660661	0.4613596299254998	2.5012378961340445
1.0760760760760761	0.9206473496281282	29.420997227691128
1.0860860860860861	2.668077157159449	13.033447454946433
1.0960960960960962	29.23112215680227	1.894288086942597
1.1061061061061062	15.420340553206108	0.7212696258847664
1.1161161161161162	2.1428229167713093	0.3773320768225384
1.1261261261261262	0.8070221936641482	0.23170971310085436
1.1361361361361362	0.4199775742340332	0.1567796679636634
1.1461461461461462	0.25701493762970434	0.11322690395511474
1.1561561561561562	0.17343073250420354	0.08570352749011964
1.1661661661661662	0.12494517187907027	0.067215664473517
1.1761761761761762	0.09434354058792288	0.05420640620720682
1.1861861861861862	0.0738034656934465	0.0447116281108753
1.1961961961961962	0.05935489167964571	0.03757492524847885
1.2062062062062062	0.04880898189492513	0.03207952521636031
1.2162162162162162	0.04087858821669611	0.02776201446003952
1.2262262262262262	0.03476664807504636	0.024312043597143097
1.2362362362362362	0.029958202888964426	0.021515476730720233
1.2462462462462462	0.02610855313915487	0.019220737921861835
1.2562562562562563	0.022979925153488127	0.017318136641167027
1.2662662662662663	0.020404011816193616	0.015726752477889062
1.2762762762762763	0.018258975865898867	0.014385878798349277
1.2862862862862863	0.016454869309083478	0.013249301367965002
1.2962962962962963	0.01492412456135829	0.012281388373459457
1.3063063063063063	0.013615197030991217	0.01145436627289664
1.3163163163163163	0.012488219725156909	0.01074638915264398
1.3263263263263263	0.011511973818751676	0.010140149816948083
1.3363363363363363	0.010661738773891068	0.009621867672283926
1.3463463463463463	0.009917741928168435	0.009180543364796637
1.3563563563563563	0.00926402396906469	0.008807405578428094
1.3663663663663663	0.008687597637880405	0.00849549876076825
1.3763763763763763	0.008177816270500305	0.008239376248136589
1.3863863863863863	0.007725894565099329	0.008034874046129006
1.3963963963963963	0.007324541191157495	0.007878948113062105
1.4064064064064064	0.0069676745451936785	0.007769563508929407
1.4164164164164164	0.006650201011497309	0.007705627960671703
1.4264264264264264	0.006367840709498798	0.00768696578114064
1.4364364364364364	0.006116989687118992	0.007714331063991894
1.4464464464464464	0.005894610367535474	0.007789462000788206
1.4564564564564564	0.005698144120027364	0.007915181367170666
1.4664664664664664	0.005525441337384029	0.008095552093465202
1.4764764764764764	0.005374705523232537	0.008336101885970169
1.4864864864864864	0.0052444487336194695	0.008644137836056037
1.4964964964964964	0.00513345635702764	0.009029181964801446
1.5065065065065064	0.005040759711500846	0.009503573466584854
1.5165165165165164	0.004965615327677436	0.010083305900011946
1.5265265265265264	0.004907490102260802	0.010789202500609222
1.5365365365365364	0.004866051771066439	0.01164858830971276
1.5465465465465464	0.004841164382570611	0.012697708235559187
1.5565565565565564	0.004832888667405452	0.013985291331492674
1.5665665665665667	0.004841487410702638	0.015577921683492056
1.5765765765765767	0.004867436156532796	0.017568338439667222
1.5865865865865867	0.004911439822588299	0.0200886388001169
1.5965965965965967	0.004974456096646914	0.023331991592301433
1.6066066066066067	0.005057726847678585	0.027589756041447734
1.6166166166166167	0.005162819243865897	0.03331788562293409
1.6266266266266267	0.005291678869411278	0.04126233118551401
1.6366366366366367	0.005446697929950641	0.052711936599155206
1.6466466466466467	0.0056308027165800625	0.07005171682422812
1.6566566566566567	0.00584756598171402	0.09810595527894082
1.6666666666666667	0.006101351945243695	0.14788151192390472
1.6766766766766767	0.00639750456320005	0.24923661544365652
1.6866866866866868	0.0067425938586217204	0.5086965431866954
1.6966966966966968	0.007144741159612976	1.5658627598246204
1.7067067067067068	0.007614052991017319	24.781895278920512
1.7167167167167168	0.008163206684729217	5.7105307267558345
1.7267267267267268	0.008808251048824415	0.9595660596534324
1.7367367367367368	0.009569716886466859	0.3793130511816062
1.7467467467467468	0.010474181953309432	0.2020633570390568
1.7567567567567568	0.011556515587701783	0.12550257427939226
1.7667667667667668	0.012863162143521826	0.0856254663513772
1.7767767767767768	0.014457050896280835	0.062249060865999385
1.7867867867867868	0.01642512243111342	0.04737879053150654
1.7967967967967968	0.018890194918108515	0.03733484897012995
1.8068068068068068	0.02203028443327831	0.030231887749938145
1.8168168168168168	0.026111252950031496	0.025022857591764897
1.8268268268268268	0.03154442765674464	0.021088466891489428
1.8368368368368369	0.03899366626211528	0.018043402529254494
1.8468468468468469	0.049587047958484634	0.01563773741666191
1.8568568568568569	0.06536870376085492	0.013703609987953369
1.8668668668668669	0.09036120498202023	0.012124887350535421
1.8768768768768769	0.13340174313507241	0.010819149510357997
1.8868868868868869	0.21716407259087922	0.00972659066119416
1.896896896896897	0.4154424794971192	0.008802960832062535
1.906906906906907	1.0948300055749192	0.008014950342228846
1.916916916916917	7.660868830444757	0.007337096546138867
1.926926926926927	16.14829465940837	0.006749664970062721
1.936936936936937	1.4126704710641662	0.0062371692060960195
1.946946946946947	0.4840468309524699	0.005787318605845091
1.956956956956957	0.24206914950252803	0.005390258079735068
1.966966966966967	0.1450101422444017	0.005038010877034563
1.976976976976977	0.09660164760588345	0.004724064687540035
1.986986986986987	0.06902588706808006	0.004443060431769774
1.996996996996997	0.051839586726095545	0.00419055562213029
2.007007007007007	0.04040889459529066	0.003962842551966125
2.017017017017017	0.032422412525287235	0.0037568072615735584
2.027027027027027	0.02662251290528217	0.003569819155586177
2.037037037037037	0.022277314648259657	0.0033996438897275836
2.047047047047047	0.01893740792435207	0.003244374087323417
2.057057057057057	0.016314454713192688	0.003102373835612588
2.067067067067067	0.014216569953913837	0.0029722339192906956
2.0770770770770772	0.012512042381406399	0.002852735484075296
2.0870870870870872	0.011108032009984524	0.002742820367193121
2.0970970970970972	0.009937573653746607	0.002641566735940856
2.1071071071071072	0.008951381337952822	0.002548168980246756
2.1171171171171173	0.008112528807477594	0.002461921035334038
2.1271271271271273	0.0073929079064667365	0.0023822024864140843
2.1371371371371373	0.0067708168043536495	0.0023084669426629285
2.1471471471471473	0.006229284150020755	0.0022402322724281876
2.1571571571571573	0.0057548832678719995	0.0021770723728347227
2.1671671671671673	0.005336879216314906	0.0021186102113757953
2.1771771771771773	0.004966606052881873	0.0020645119271608045
2.1871871871871873	0.004637005940971749	0.002014481819630959
2.1971971971971973	0.0043422837536901075	0.0019682580846285573
2.2072072072072073	0.004077645242916644	0.0019256091832287657
2.2172172172172173	0.0038390964410096044	0.0018863307496235736
2.2272272272272273	0.0036232884593139707	0.0018502429611600573
2.2372372372372373	0.003427396310437004	0.001817188307424236
2.2472472472472473	0.003249023489102225	0.0017870297068911572
2.2572572572572573	0.003086126238505178	0.0017596489287511527
2.2672672672672673	0.002936952993739173	0.0017349452860305407
2.2772772772772774	0.0027999956231139654	0.0017128345726252917
2.2872872872872874	0.0026739499116317624	0.0016932482227334992
2.2972972972972974	0.0025576833373819503	0.0016761326766379628
2.3073073073073074	0.002450208642152248	0.0016614489414885456
2.3173173173173174	0.0023506620354655063	0.0016491723397706077
2.3273273273273274	0.002258285126421238	0.0016392924428419145
2.3373373373373374	0.0021724098721319822	0.0016318131906800995
2.3473473473473474	0.002092445980718603	0.0016267532035042604
2.3573573573573574	0.0020178703219058784	0.0016241462953707588
2.3673673673673674	0.001948217987825354	0.001624042204643062
2.3773773773773774	0.0018830747167034247	0.0016265075622169589
2.3873873873873874	0.0018220704471648395	0.0016316271241517996
2.3973973973973974	0.0017648738145835488	0.00163950530352131
2.4074074074074074	0.0017111874355025226	0.0016502680447853923
2.4174174174174174	0.001660743854007285	0.001664065095079634
2.4274274274274275	0.0016133020461809398	0.0016810727399457419
2.4374374374374375	0.001568644396764885	0.0017014970874583652
2.4474474474474475	0.0015265740768279916	0.0017255780050180003
2.4574574574574575	0.001486912763039256	0.0017535938387001045
2.4674674674674675	0.0014494986490073663	0.0017858670774985237
2.4774774774774775	0.0014141847069941615	0.0018227711657071224
2.4874874874874875	0.0013808371650351635	0.0018647387196007918
2.4974974974974975	0.0013493341698757656	0.0019122714730982122
2.5075075075075075	0.0013195646106816514	0.0019659523650190887
2.5175175175175175	0.0012914270822772674	0.0020264602974990257
2.5275275275275275	0.0012648289697791864	0.002094588248214389
2.5375375375375375	0.0012396856392160988	0.0021712656233096347
2.5475475475475475	0.0012159197208680373	0.002257586012775415
2.5575575575575575	0.0011934604740156513	0.0023548418815322026
2.5675675675675675	0.001172243223354812	0.0024645682385591424
2.5775775775775776	0.0011522088586801817	0.0025885980304812175
2.5875875875875876	0.001133303390648261	0.0027291329887683146
2.5975975975975976	0.0011154775563312538	0.0028888350516844516
2.6076076076076076	0.0010986864692526658	0.003070945474015446
2.6176176176176176	0.0010828893091993797	0.0032794416293842553
2.6276276276276276	0.0010680490478275262	0.0035192457710092008
2.6376376376376376	0.0010541322066044822	0.0037965063911575276
2.6476476476476476	0.0010411086441207001	0.004118982526286792
2.6576576576576576	0.0010289513702040377	0.0044965764089903715
2.6676676676676676	0.0010176363846945995	0.0049420837032177435
2.6776776776776776	0.001007142539035364	0.005472269155057808
2.6876876876876876	0.0009974514191415673	0.006109439560684765
2.6976976976976976	0.0009885472483329057	0.006883795292739134
2.7077077077077076	0.0009804168092795722	0.007837034076970282
2.7177177177177176	0.0009730493842517765	0.009028031438755633
2.7277277277277276	0.000966436713114444	0.010542087165674252
2.7377377377377377	0.000960572968771907	0.012506546073602973
2.7477477477477477	0.0009554547499427925	0.015118358366184663
2.7577577577577577	0.0009510810914088234	0.018695273385198795
2.7677677677677677	0.0009474534920570805	0.023777019653398266
2.7777777777777777	0.0009445759613010497	0.031341155986527376
2.7877877877877877	0.0009424550846711791	0.043310288115797006
2.7977977977977977	0.0009411001096703067	0.06390504622515435
2.8078078078078077	0.0009405230532399103	0.10394303677654075
2.8178178178178177	0.0009407388325253614	0.19857343463226396
2.8278278278278277	0.0009417654209443308	0.5218575951107746
2.8378378378378377	0.000943624032034038	3.6131119719203957
2.8478478478478477	0.0009463393339316293	7.942999059587125
2.8578578578578577	0.0009499396979226512	0.6823970422672808
2.8678678678678677	0.0009544574850804602	0.23305064186718083
2.8778778778778777	0.0009599293757400124	0.11638680133571001
2.8878878878878878	0.0009663967473549059	0.06967206600706424
2.8978978978978978	0.0009739061073197342	0.046397926303117044
2.9079079079079078	0.0009825095884024601	0.03315039287529865
2.9179179179179178	0.0009922655159031154	0.024899418722091823
2.9279279279279278	0.0010032390572075735	0.019414871001844053
2.937937937937938	0.0010155029663753985	0.015585008036911164
2.947947947947948	0.0010291384387471486	0.012805218390117293
2.957957957957958	0.0010442360933801977	0.010723782699875367
2.967967967967968	0.001060897104469542	0.00912479986283165
2.977977977977978	0.0010792345071305859	0.007869789413956538
2.987987987987988	0.0010993747078979048	0.006866618445904158
2.997997997997998	0.0011214592364648984	0.006052061413813836
3.008008008008008	0.00114564678284507	0.005381562231278291
3.018018018018018	0.0011721155733967043	0.004822989661532221
3.028028028028028	0.0012010661508954146	0.004352700279022215
3.038038038038038	0.001232724638269707	0.003952983544478423
3.048048048048048	0.0012673465838033539	0.0036103610752193345
3.058058058058058	0.0013052215085002988	0.003314428664870056
3.068068068068068	0.0013466783053225444	0.0030570517683993765
3.078078078078078	0.0013920916769260695	0.002831796318452093
3.088088088088088	0.001441889845919227	0.0026335193692153206
3.098098098098098	0.0014965638326850945	0.0024580702623076835
3.108108108108108	0.0015566786752472827	0.0023020694833467592
3.118118118118118	0.001622887069282091	0.002162742955653591
3.1281281281281283	0.0016959460432047452	0.0020377964396181237
3.1381381381381384	0.0017767374646865414	0.0019253193169448792
3.1481481481481484	0.001866293418156975	0.001823710157761863
3.1581581581581584	0.0019658278212146777	0.0017316186121437297
3.1681681681681684	0.002076776095815564	0.0016478996594181776
3.1781781781781784	0.002200845327123706	0.001571577300553909
3.1881881881881884	0.0023400782019376617	0.00150181553067685
3.1981981981981984	0.002496935228383884	0.0014378949701488223
3.2082082082082084	0.0026744014633799055	0.001379193928021919
3.2182182182182184	0.0028761264657801403	0.0013251729631089029
3.2282282282282284	0.0031066098436780256	0.0012753622234901502
3.2382382382382384	0.0033714501958751176	0.0012293510075727088
3.2482482482482484	0.0036776834644748446	0.001186779112945541
3.2582582582582584	0.004034249374174353	0.0011473296313194322
3.2682682682682684	0.004452644524630699	0.0011107229204402496
3.2782782782782784	0.004947852644836043	0.0010767115386410959
3.2882882882882885	0.005539695060013209	0.0010450759704620516
3.2982982982982985	0.00625483317481735	0.0010156210060766188
3.3083083083083085	0.0071298092139724005	0.0009881726627283135
3.3183183183183185	0.008215789296513917	0.0009625755581002219
3.3283283283283285	0.009586191953036269	0.00093869066184572
3.3383383383383385	0.011349397466142741	0.00091639336475899
3.3483483483483485	0.013670808137139268	0.00089557181598852
3.3583583583583585	0.016813035682020777	0.0008761254872645475
3.3683683683683685	0.021213474670346465	0.0008579639296381963
3.3783783783783785	0.02764501437692001	0.000841005695207503
3.3883883883883885	0.037579812323377745	0.0008251773992075448
3.3983983983983985	0.05411256435248296	0.0008104129032881275
3.4084084084084085	0.08469600290948291	0.0007966526031501753
3.4184184184184185	0.15127600685831788	0.0007838428062271515
3.4284284284284285	0.3441666723476639	0.0007719351879738945
3.4384384384384385	1.4225916368941183	0.0007608863164396698
3.4484484484484486	113.98384433206084	0.0007506572367658263
3.4584584584584586	1.2121239233431604	0.0007412131081382927
3.4684684684684686	0.31752148568242455	0.000732522887505827
3.4784784784784786	0.14335456606459557	0.0007245590546801774
3.4884884884884886	0.08134159701439726	0.0007172973740097862
3.4984984984984986	0.05238362587149896	0.0007107166897602187
3.5085085085085086	0.03656753677599302	0.0007047987511830603
3.5185185185185186	0.026995432704359015	0.0006995280653350266
3.5285285285285286	0.02076584567300064	0.0006948917750584895
3.5385385385385386	0.01648589766021779	0.0006908795607136601
3.5485485485485486	0.013419322255052223	0.0006874835639973525
3.5585585585585586	0.011147237627237802	0.0006846983328369544
3.5685685685685686	0.009417077902273913	0.0006825207869026716
3.5785785785785786	0.008069213801491634	0.0006809502029559176
3.5885885885885886	0.006998743481002521	0.0006799882199328176
3.5985985985985987	0.006134429329386213	0.0006796388642359499
3.6086086086086087	0.005426519747975015	0.0006799085950434632
3.6186186186186187	0.0048394171351793325	0.0006808063708004519
3.6286286286286287	0.004347107139497697	0.0006823437377290638
3.6386386386386387	0.003930221642522052	0.000684534941629292
3.6486486486486487	0.0035741006529754096	0.0006873970645083423
3.6586586586586587	0.0032674828960365387	0.0006909501885259012
3.6686686686686687	0.0030016023834978397	0.0006952175887808184
3.6786786786786787	0.0027695532319560075	0.0007002259587111366
3.6886886886886887	0.0025658354185852388	0.0007060056708579138
3.6986986986986987	0.0023860248806685134	0.0007125910767208627
3.7087087087087087	0.0022265305275908235	0.0007200208505162882
3.7187187187187187	0.0020844129493519576	0.0007283383814686319
3.7287287287287287	0.001957247547344254	0.0007375922199973726
3.7387387387387387	0.0018430200696782134	0.0007478365840665536
3.7487487487487487	0.0017400460710599386	0.0007591319324581833
3.7587587587587588	0.001646908234501606	0.00077154561122849
3.7687687687687688	0.0015624071673420157	0.0007851525805896369
3.7787787787787788	0.0014855224603663128	0.0008000362284554471
3.7887887887887888	0.001415381634762595	0.0008162892751807054
3.798798798798799	0.0013512352028410936	0.0008340147709695755
3.808808808808809	0.0012924365048587244	0.0008533271823564173
3.818818818818819	0.0012384253050252748	0.0008743535534406357
3.828828828828829	0.001188714366814062	0.0008972347119021893
3.838838838838839	0.0011428784054020535	0.0009221264632616597
3.848848848848849	0.001100544948423942	0.000949200671578229
3.858858858858859	0.0010613867379222293	0.0009786460541794653
3.868868868868869	0.0010251153839320472	0.001010668399834752
3.878878878878879	0.000991476040026026	0.0010454897253067582
3.888888888888889	0.0009602429174792232	0.0010833455633299616
3.898898898898899	0.0009312154910464137	0.0011244790317149625
3.908908908908909	0.0009042152776824627	0.0011691294061534259
3.918918918918919	0.0008790830920767424	0.0012175113079082075
3.928928928928929	0.0008556767006891625	0.0012697777567116418
3.938938938938939	0.0008338688102108036	0.001325955138238288
3.948948948948949	0.000813545337835666	0.0013858284150853302
3.958958958958959	0.0007946039199262822	0.0014487361424669674
3.968968968968969	0.0007769526231200885	0.0015131972470514045
3.978978978978979	0.0007605088280012723	0.0015762128378687408
3.988988988988989	0.0007451982604711665	0.0016319130368359692
3.998998998998999	0.0007309541499496335	0.0016688134471812398
4.009009009009009	0.0007177164969957042	0.0016639259297533432
4.019019019019019	0.0007054314356366845	0.001569162412822932
4.029029029029029	0.0006940506780736207	0.0012768345720309447
4.039039039039039	0.0006835310313469573	0.0005203003608486239
4.049049049049049	0.0006738339771583217	-0.0014678183779962548
4.059059059059059	0.000664925307419832	-0.007496341730610859
4.069069069069069	0.0006567748093210939	-0.03360900225843007
4.079079079079079	0.0006493559945749571	-0.3991237897196107
4.089089089089089	0.0006426458685333226	-0.6144817004910589
4.099099099099099	0.0006366247354186373	-0.0793582840133045
4.109109109109109	0.0006312760367296757	-0.033743650771186094
4.119119119119119	0.0006265862203604915	-0.02002081520535684
4.129129129129129	0.0006225446385085237	-0.013883955975804252
4.1391391391391394	0.0006191434729900812	-0.01053014745123033
4.1491491491491495	0.0006163776868865961	-0.008460897315994574
4.1591591591591595	0.0006142450020550063	-0.007076530447126246
4.1691691691691695	0.0006127459022432676	-0.006095514689663648
4.1791791791791795	0.0006118836621611478	-0.005370023090515373
4.1891891891891895	0.0006116644031023452	-0.004815711930188648
4.1991991991991995	0.0006120971762856655	-0.004381270251741196
4.2092092092092095	0.0006131940754973815	-0.004033848749740313
4.2192192192192195	0.0006149703811056626	-0.003751525966011015
4.2292292292292295	0.0006174447381709675	-0.003519161523924441
4.2392392392392395	0.0006206393719560117	-0.0033259926201835797
4.2492492492492495	0.000624580344916967	-0.0031641791142651542
4.2592592592592595	0.000629297860074654	-0.0030278896439454293
4.2692692692692695	0.0006348266167641966	-0.002912708985773012
4.2792792792792795	0.00064120622580652	-0.00281524293491938
4.2892892892892895	0.0006484816927011828	-0.00273284839767778
4.2992992992992995	0.0006567039789725132	-0.002663445036299215
4.3093093093093096	0.0006659306539437679	-0.0026053813236192706
4.31931931931932	0.000676226651592471	-0.0025573376981415864
4.32932932932933	0.0006876651500215267	-0.002518255520603332
4.33933933933934	0.0007003285948952772	-0.0024872843043853778
4.34934934934935	0.0007143098923499515	-0.002463742111526036
4.35935935935936	0.0007297138025230984	-0.0024470855880332066
4.36936936936937	0.0007466585714960446	-0.0024368871721794708
4.37937937937938	0.0007652778478334545	-0.0024328177253228568
4.38938938938939	0.0007857229404026476	-0.00243463333442404
4.3993993993994	0.0008081654872301189	-0.002442165381735482
4.40940940940941	0.0008328006219115575	-0.0024553132307090536
4.41941941941942	0.0008598507451130771	-0.0024740390566889282
4.42942942942943	0.0008895700357646195	-0.0024983644890628166
4.43943943943944	0.0009222498713105369	-0.002528368835605244
4.44944944944945	0.0009582253714322481	-0.0025641887418700387
4.45945945945946	0.0009978833382231023	-0.002606019209391713
4.46946946946947	0.0010416719431847114	-0.002654115954344578
4.47947947947948	0.0010901126131545218	-0.002708799147139926
4.48948948948949	0.0011438147038425252	-0.00277045862841515
4.4994994994995	0.001203493732832057	-0.002839560757070185
4.50950950950951	0.0012699941931788735	-0.00291665711311337
4.51951951951952	0.0013443183106239525	-0.0030023953571972285
4.52952952952953	0.0014276625811945804	-0.0030975326446195874
4.53953953953954	0.0015214645904183873	-0.003202952108751646
4.54954954954955	0.001627463557644804	-0.003319683083967986
4.55955955955956	0.0017477794029779063	-0.003448925927720157
4.56956956956957	0.0018850171068586343	-0.0035920825599161017
4.57957957957958	0.002042406048739124	-0.003750794169847891
4.58958958958959	0.002223988393781748	-0.0039269879886423675
4.5995995995996	0.00243487729782324	-0.004122935626786875
4.60960960960961	0.0026816161460789024	-0.0043413262921365315
4.61961961961962	0.0029726866665870572	-0.004585359329367828
4.62962962962963	0.003319240838457717	-0.004858862081713099
4.63963963963964	0.003736176760738471	-0.005166441270212556
4.64964964964965	0.004243756423735119	-0.005513679207649259
4.65965965965966	0.004870101337129409	-0.00590739066519275
4.66966966966967	0.005655155810018231	-0.0063559627920557
4.67967967967968	0.006657193994902196	-0.006869810259956045
4.68968968968969	0.007963923189239256	-0.007461992557030307
4.6996996996997	0.009712305813507176	-0.008149063029224751
4.70970970970971	0.012125901130166317	-0.008952254808008622
4.71971971971972	0.015589946209564606	-0.00989916568802705
4.72972972972973	0.020815002917087794	-0.011026197388296294
4.73973973973974	0.029232294606253543	-0.01238216185914016
4.74974974974975	0.04408831066125857	-0.014033739962171707
4.75975975975976	0.07411410428462104	-0.016073966512835214
4.76976976976977	0.15001177715551012	-0.018635824683532982
4.77977977977978	0.4504798673090638	-0.021914796972558957
4.78978978978979	6.05603751615085	-0.02620781543713661
4.7997997997998	1.9726025029678904	-0.031983810862871186
4.80980980980981	0.30823481920724466	-0.04001896024367265
4.81981981981982	0.11946932478569909	-0.051674515887663135
4.82982982982983	0.06300034569470782	-0.0695188481532142
4.83983983983984	0.03885809094981124	-0.09888299131760057
4.84984984984985	0.026361983873899392	-0.1523706029464854
4.85985985985986	0.019068483327669885	-0.26598357790324934
4.86986986986987	0.01444431989113924	-0.5789499742479297
4.87987987987988	0.011329475909774237	-2.0440077840424093
4.88988988988989	0.009131876040815386	-14.695429494909181
4.8998998998999	0.00752366812896769	-2.060507539461031
4.90990990990991	0.006311392771222009	-0.5676207119591339
4.91991991991992	0.005374913418780296	-0.25529215477739214
4.92992992992993	0.004636430869834374	-0.14346888126684743
4.93993993993994	0.0040437639817259355	-0.0914177523517659
4.94994994994995	0.0035608553722352655	-0.06313190628305088
4.95995995995996	0.003162142334032723	-0.046105998114478734
4.96996996996997	0.0028290938766380434	-0.03508588770195648
4.97997997997998	0.002548011116252034	-0.02755535346705376
4.98998998998999	0.0023085904754252687	-0.022188150667207744
5.0	0.0021029616891680668	-0.018232018342575103
