-5.0	0.08853885210694523	0.00038593113967569153
-4.98998998998999	0.14595491585677503	0.00038610856271049633
-4.97997997997998	0.2888025577822381	0.00038672959173699755
-4.96996996996997	0.8369496158612697	0.0003877920048624816
-4.95995995995996	8.873946753507802	0.0003892955411819344
-4.94994994994995	3.5968624703060392	0.00039124188623232366
-4.93993993993994	0.5715619662438545	0.0003936346758527388
-4.92992992992993	0.21820611137860296	0.00039647951822545407
-4.91991991991992	0.11325736920009909	0.0003997840345466232
-4.90990990990991	0.06878904489756833	0.0004035579187549022
-4.8998998998999	0.045978055513852194	0.00040781301719378587
-4.88988988988989	0.03278129071496708	0.00041256342944810654
-4.87987987987988	0.02448684342122269	0.000417825631871185
-4.86986986986987	0.018947473110973757	0.00042361862576275233
-4.85985985985986	0.015072421744592139	0.00042996411257802716
-4.84984984984985	0.012260512737351653	0.0004368866990996243
-4.83983983983984	0.010158628907535912	0.00044441413602537344
-4.82982982982983	0.00854847930264937	0.00045257759412951616
-4.81981981981982	0.007289333292429937	0.0004614119829529901
-4.80980980980981	0.006287219202666185	0.0004709563178744052
-4.7997997997998	0.005477488162494798	0.00048125414254890586
-4.78978978978979	0.004814508365509009	0.000492354014961567
-4.77977977977978	0.0042653444853886025	0.000504310066967242
-4.76976976976977	0.0038057551216949164	0.0005171826489971315
-4.75975975975976	0.003417586165446062	0.00053103907392463
-4.74974974974975	0.003087030767409775	0.0005459544769031699
-4.73973973973974	0.0028034419857603985	0.000562012811153197
-4.72972972972973	0.002558506468154401	0.0005793080040010022
-4.71971971971972	0.0023456591087891525	0.0005979453024205863
-4.70970970970971	0.0021596617001659628	0.0006180428435200225
-4.6996996996997	0.001996295174501573	0.000639733493270539
-4.68968968968969	0.0018521317945409958	0.0006631670063327693
-4.67967967967968	0.0017243644490119497	0.0006885125719747649
-4.66966966966967	0.0016106772895926576	0.0007159618263444435
-4.65965965965966	0.0015091466720446854	0.0007457324305932077
-4.64964964964965	0.0014181645676001947	0.0007780723390887611
-4.63963963963964	0.0013363788149801101	0.0008132649133438672
-4.62962962962963	0.001262646119346738	0.0008516350782679196
-4.61961961961962	0.0011959947894558413	0.0008935567699050456
-4.60960960960961	0.0011355949791182493	0.0009394619934310681
-4.5995995995996	0.001080734758586405	0.0009898519010129955
-4.58958958958959	0.0010308007495178518	0.0010453104207227444
-4.57957957957958	0.0009852623582311704	0.0011065211295958454
-4.56956956956957	0.0009436588648816254	0.0011742882838224038
-4.55955955955956	0.0009055887944494283	0.0012495632179501935
-4.54954954954955	0.0008707011212008553	0.001333477737846238
-4.53953953953954	0.0008386879553493329	0.0014273867065635383
-4.52952952952953	0.0008092784341806984	0.00153292283177247
-4.51951951951952	0.0007822335969543639	0.001652067818234022
-4.50950950950951	0.0007573420675258379	0.0017872457172515893
-4.4994994994995	0.0007344164029990652	0.0019414467514205671
-4.48948948948949	0.0007132899941161454	0.0021183935345602477
-4.47947947947948	0.000693814424725408	0.002322767118652199
-4.46946946946947	0.000675857214623784	0.002560518796377328
-4.45945945945946	0.0006592998840523767	0.002839306947084559
-4.44944944944945	0.0006440362887722078	0.0031691196817977565
-4.43943943943944	0.0006299711838110401	0.0035631793805702195
-4.42942942942943	0.000617018981091117	0.004039284954456856
-4.41941941941942	0.0006051026720241578	0.004621851702843607
-4.40940940940941	0.0005941528906696937	0.005345095980018382
-4.3993993993994	0.0005841070974530989	0.0062581622319238485
-4.38938938938939	0.0005749088663840768	0.007433674045813919
-4.37937937937938	0.0005665072613460269	0.00898259479647806
-4.36936936936937	0.0005588562893162165	0.011081337378513871
-4.35935935935936	0.0005519144204921087	0.014024179720599713
-4.34934934934935	0.0005456441661955613	0.01833206928065928
-4.33933933933934	0.0005400117074550511	0.024999500978099293
-4.32932932932933	0.0005349865677614655	0.03612305685084281
-4.31931931931932	0.0005305413245150184	0.05677157327716884
-4.3093093093093096	0.0005266513546827161	0.10195884077630735
-4.2992992992992995	0.0005232946104536609	0.23411308007999734
-4.2892892892892895	0.0005204514216023549	0.9922879510475883
-4.2792792792792795	0.0005181043215501776	71.49080039238929
-4.2692692692692695	0.0005162378946088883	0.7803238209391393
-4.2592592592592595	0.0005148386421649314	0.20850803951140037
-4.2492492492492495	0.0005138948660226857	0.09490335001390808
-4.2392392392392395	0.0005133965670879972	0.05411746530868344
-4.2292292292292295	0.0005133353583540774	0.03498050490379674
-4.2192192192192195	0.000513704390628612	0.02449451623293369
-4.2092092092092095	0.0005144982903642919	0.01813308722937624
-4.1991991991991995	0.0005157131083941695	0.013985361347014544
-4.1891891891891895	0.0005173462793052865	0.011131536967587171
-4.1791791791791795	0.0005193965905561365	0.00908437850903012
-4.1691691691691695	0.0005218641610698497	0.0075662000452010655
-4.1591591591591595	0.0005247504289416362	0.006409322090131969
-4.1491491491491495	0.0005280581480993819	0.00550762976836651
-4.1391391391391394	0.0005317913937182214	0.0047913092809386435
-4.129129129129129	0.0005359555766352474	0.004212902360116146
-4.119119119119119	0.0005405574663448541	0.0037392337946747125
-4.109109109109109	0.0005456052234865675	0.0033465462229859445
-4.099099099099099	0.0005511084414522059	0.003017464320636133
-4.089089089089089	0.0005570781979979746	0.0027390424070137098
-4.079079079079079	0.0005635271171594843	0.0025014750641611885
-4.069069069069069	0.0005704694421578176	0.0022972253758370307
-4.059059059059059	0.0005779211201169607	0.0021204230443740858
-4.049049049049049	0.0005858998996279269	0.001966440948734409
-4.039039039039039	0.0005944254419187144	0.0018315921413472056
-4.029029029029029	0.000603519447430391	0.0017129096626534212
-4.019019019019019	0.0006132057987846206	0.0016079842758083339
-4.009009009009009	0.0006235107223035701	0.001514843339455945
-3.998998998998999	0.0006344629697422806	0.0014318593158197997
-3.988988988988989	0.0006460940227908614	0.001357679907571898
-3.978978978978979	0.0006584383229363816	0.0012911741711029631
-3.968968968968969	0.0006715335296507467	0.0012313905631309804
-3.958958958958959	0.00068542081074297	0.0011775239935720534
-3.948948948948949	0.0007001451686317208	0.0011288897413120837
-3.938938938938939	0.0007157558076438313	0.0010849026469159566
-3.928928928928929	0.000732306547617665	0.0010450603972088888
-3.918918918918919	0.0007498562903471912	0.001008930007920495
-3.908908908908909	0.0007684695463467743	0.0009761368245744681
-3.898898898898899	0.000788217030527384	0.0009463555201972323
-3.888888888888889	0.0008091763371447491	0.0009193026869702923
-3.878878878878879	0.0008314327057932773	0.0008947307082561041
-3.868868868868869	0.0008550798926181941	0.000872422665212385
-3.858858858858859	0.0008802211632060307	0.0008521880842340003
-3.848848848848849	0.0009069704266404348	0.0008338593714169249
-3.838838838838839	0.0009354535341209552	0.0008172888113396698
-3.828828828828829	0.0009658097694826477	0.0008023460316665879
-3.818818818818819	0.0009981935646090484	0.0007889158542118547
-3.808808808808809	0.0010327764791840512	0.0007768964680502619
-3.798798798798799	0.0010697494921324674	0.0007661978723508668
-3.7887887887887888	0.0011093256618839842	0.0007567405460855481
-3.7787787787787788	0.0011517432246602615	0.0007484543094857136
-3.7687687687687688	0.0011972692152313203	0.0007412773482936118
-3.7587587587587588	0.001246203712753987	0.0007351553769450763
-3.7487487487487487	0.001298884838357125	0.000730040920829656
-3.7387387387387387	0.0013556946600969174	0.0007258927012478149
-3.7287287287287287	0.0014170661984448094	0.0007226751093894227
-3.7187187187187187	0.0014834917731131024	0.0007203577579458176
-3.7087087087087087	0.0015555329926036524	0.0007189151009640102
-3.6986986986986987	0.0016338327666904219	0.0007183261140499393
-3.6886886886886887	0.0017191298236476538	0.000718574028494423
-3.6786786786786787	0.0018122763473637116	0.0007196461139941262
-3.6686686686686687	0.001914259524627571	0.0007215335056129054
-3.6586586586586587	0.0020262280255971873	0.0007242310716084991
-3.6486486486486487	0.002149524751656142	0.0007277373194329114
-3.6386386386386387	0.002285727604863878	0.000732054337861006
-3.6286286286286287	0.002436700605912588	0.0007371877740148578
-3.6186186186186187	0.0026046584750670436	0.0007431468444647038
-3.6086086086086087	0.0027922488860389577	0.0007499443802155638
-3.5985985985985987	0.0030026581444567227	0.0007575969060227766
-3.5885885885885886	0.0032397482367382195	0.0007661247549146345
-3.5785785785785786	0.0035082363615337024	0.0007755522194733228
-3.5685685685685686	0.003813932688703246	0.0007859077420215445
-3.5585585585585586	0.004164058972487024	0.0007972241464545587
-3.5485485485485486	0.00456768104112155	0.0008095389153272744
-3.5385385385385386	0.005036304169066495	0.0008228945164644827
-3.5285285285285286	0.005584705406981803	0.0008373387843632476
-3.5185185185185186	0.006232117114941147	0.0008529253627373648
-3.5085085085085086	0.0070039418627764706	0.0008697142156712816
-3.4984984984984986	0.007934289918152506	0.0008877722164033035
-3.4884884884884886	0.00906982321754942	0.0009071738243185705
-3.4784784784784786	0.01047573519067334	0.000928001862765121
-3.4684684684684686	0.012245338766847727	0.0009503484126690553
-3.4584584584584586	0.014515983434172307	0.0009743158396858736
-3.4484484484484486	0.01749656838667474	0.0010000179760447435
-3.4384384384384385	0.021517416314198266	0.0010275814822803542
-3.4284284284284285	0.027125971825118587	0.0010571474189833617
-3.4184184184184185	0.03528361072826781	0.001088873064714788
-3.4084084084084085	0.04780698826162111	0.0011229340235311407
-3.3983983983983985	0.06847455955814787	0.0011595266745920512
-3.3883883883883885	0.10624991673583295	0.0011988710273699713
-3.3783783783783785	0.18692495675710794	0.0012412140598220404
-3.3683683683683685	0.4123608438586102	0.0012868336338923336
-3.3583583583583585	1.5549008565907056	0.0013360431042203481
-3.3483483483483485	134.72363758838816	0.0013891967628119537
-3.3383383383383385	1.9253458122920064	0.00144669629659245
-3.3283283283283285	0.45907340500378113	0.0015089984779794187
-3.3183183183183185	0.20075674981928865	0.0015766243642490638
-3.3083083083083085	0.11207604780779479	0.0016501703527784714
-3.2982982982982985	0.0714571183470402	0.0017303215319043293
-3.2882882882882885	0.049538826628146536	0.0018178678880399807
-3.2782782782782784	0.036384266196899044	0.0019137240885904992
-3.2682682682682684	0.02787634447453878	0.002018953770894388
-3.2582582582582584	0.022059617842937515	0.002134799548861912
-3.2482482482482484	0.017908676652826763	0.002262720328305092
-3.2382382382382384	0.014843752594161085	0.0024044380380091233
-3.2282282282282284	0.012517010524577783	0.002561996592517508
-3.2182182182182184	0.010709505625066899	0.002737836886789299
-3.2082082082082084	0.009277848163739543	0.002934893004731601
-3.1981981981981984	0.008124947204666914	0.003156716786995389
-3.1881881881881884	0.007183165857299088	0.0034076407298209363
-3.1781781781781784	0.0064042158948576225	0.003692993311826218
-3.1681681681681684	0.005752877553180686	0.004019386958202483
-3.1581581581581584	0.005202974972713386	0.004395108057215589
-3.1481481481481484	0.00473472676828868	0.0048306525560687505
-3.1381381381381384	0.00433295983604434	0.005339472718765796
-3.1281281281281283	0.003985879310994852	0.005939035839510403
-3.118118118118118	0.0036842052354120075	0.0066523532448992465
-3.108108108108108	0.0034205561182972972	0.007510234412426335
-3.098098098098098	0.0031890018761396043	0.008554687582571033
-3.088088088088088	0.0029847349838210678	0.009844185142947071
-3.078078078078078	0.002803825421618173	0.01146206099311914
-3.068068068068068	0.0026430358786853282	0.013530365033650495
-3.058058058058058	0.0024996808598211078	0.016233638610824216
-3.048048048048048	0.002371518171375459	0.019861645389848775
-3.038038038038038	0.0022566645572148713	0.02489052236599207
-3.028028028028028	0.002153529536009255	0.032147567335976665
-3.018018018018018	0.0020607630909288462	0.04317490313824616
-3.008008008008008	0.001977213997994553	0.06112232277430076
-2.997997997997998	0.0019018963950174677	0.09327436902220643
-2.987987987987988	0.001833962784916766	0.15979783488672225
-2.977977977977978	0.001772682101081935	0.3351700325194753
-2.967967967967968	0.001717421783884646	1.101975077972744
-2.957957957957958	0.0016676330571139815	27.92530405841201
-2.947947947947948	0.001622838773671452	2.6936951463259335
-2.937937937937938	0.0015826233372163096	0.5228835213265829
-2.9279279279279278	0.0015466243109689673	0.21486945523027798
-2.9179179179179178	0.001514525405865845	0.1164733659021701
-2.9079079079079078	0.0014860506028036185	0.07303339755547213
-2.8978978978978978	0.0014609592125807095	0.050116019270969224
-2.8878878878878878	0.001439041715629933	0.03657168128154215
-2.8778778778778777	0.0014201162539681127	0.02790968370202441
-2.8678678678678677	0.0014040256720358713	0.022038956793352837
-2.8578578578578577	0.00139063502231387	0.01787897258615621
-2.8478478478478477	0.0013798294673702252	0.014825709770815486
-2.8378378378378377	0.0013715125225335111	0.012520060165416095
-2.8278278278278277	0.001365604593738966	0.010737659170594209
-2.8178178178178177	0.001362041773736003	0.00933247999489833
-2.8078078078078077	0.0013607748667161758	0.008206170363631714
-2.7977977977977977	0.0013617686176659051	0.007290530800672405
-2.7877877877877877	0.001365001127631405	0.006537070814405827
-2.7777777777777777	0.001370463440522871	0.005910554522064443
-2.7677677677677677	0.0013781592911377484	0.00538488463287582
-2.7577577577577577	0.0013881050073693572	0.004940404491943141
-2.7477477477477477	0.0014003295630146092	0.0045620861891019545
-2.7377377377377377	0.0014148747806627256	0.004238287181290142
-2.7277277277277276	0.0014317956871059947	0.0039598804080021414
-2.7177177177177176	0.0014511610270486902	0.00371963504535772
-2.7077077077077076	0.0014730539438807446	0.0035117687156158935
-2.6976976976976976	0.0014975728400642267	0.003331619050408829
-2.6876876876876876	0.0015248324332728434	0.0031753996759570167
-2.6776776776776776	0.0015549650290257028	0.0030400167960485855
-2.6676676676676676	0.001588122035389233	0.0029229298683344195
-2.6576576576576576	0.0016244757511684267	0.002822044775686888
-2.6476476476476476	0.001664221465871155	0.002735631234687585
-2.6376376376376376	0.0017075799178539717	0.002662258491450966
-2.6276276276276276	0.0017548001668558227	0.002600744971414322
-2.6176176176176176	0.001806162948749763	0.0025501186969797106
-2.6076076076076076	0.0018619845950649402	0.0025095861111882737
-2.5975975975975976	0.0019226216169439822	0.0024785075453698435
-2.5875875875875876	0.0019884760752895713	0.002456378010729203
-2.5775775775775776	0.0020600018853230108	0.00244281232391096
-2.5675675675675675	0.002137712237281039	0.0024375338272004253
-2.5575575575575575	0.0022221883567838966	0.0024403661575605152
-2.5475475475475475	0.0023140898808480716	0.0024512276720355356
-2.5375375375375375	0.002414167192134022	0.002470128261969831
-2.5275275275275275	0.0025232761388057773	0.0024971683946234747
-2.5175175175175175	0.0026423956759081503	0.00253254031517254
-2.5075075075075075	0.0027726491042832173	0.00257653143114889
-2.4974974974974975	0.002915329764919083	0.0026295299907874497
-2.4874874874874875	0.0030719322843746843	0.0026920332620364537
-2.4774774774774775	0.0032441907803406065	0.0027646585263076608
-2.4674674674674675	0.0034341258522705594	0.0028481573274781917
-2.4574574574574575	0.0036441027393697687	0.0029434335709829585
-2.4474474474474475	0.003876903780493928	0.0030515662615733987
-2.4374374374374375	0.004135819336997422	0.0031738379163818147
-2.4274274274274275	0.004424762753179413	0.0033117700132610775
-2.4174174174174174	0.004748416896826663	0.003467167261434503
-2.4074074074074074	0.005112422593831021	0.003642173052648257
-2.3973973973973974	0.005523623221366154	0.0038393392237261645
-2.3873873873873874	0.00599038543059969	0.004061714318205837
-2.3773773773773774	0.006523024330124598	0.004312955997066649
-2.3673673673673674	0.007134373899073891	0.004597475294755369
-2.3573573573573574	0.007840562213383863	0.0049206233159745085
-2.3473473473473474	0.00866208004937584	0.005288935129462223
-2.3373373373373374	0.009625276961735183	0.00571045166962473
-2.3273273273273274	0.010764492043885557	0.006195149399404524
-2.3173173173173174	0.01212514681850193	0.006755520909587285
-2.3073073073073074	0.013768330780918978	0.007407370128880717
-2.2972972972972974	0.01577776341656902	0.008170917729117728
-2.2872872872872874	0.018270651965950714	0.009072363027253493
-2.2772772772772774	0.02141515103360252	0.010146131164267063
-2.2672672672672673	0.025459444151043422	0.011438171912992182
-2.2572572572572573	0.030782208609830518	0.013010912491612351
-2.2472472472472473	0.03798451841033884	0.014950884674400115
-2.2372372372372373	0.0480671755179023	0.017380813261053094
-2.2272272272272273	0.06279791907815024	0.02047941785207323
-2.2172172172172173	0.08554210699159988	0.024515111441240803
-2.2072072072072073	0.12336933927095384	0.029905970784622364
-2.1971971971971973	0.19328815434183205	0.0373322854327367
-2.1871871871871873	0.345307452650621	0.0479618102862234
-2.1771771771771773	0.7846703011657586	0.06393789189768909
-2.1671671671671673	3.224722264022332	0.08954986988271799
-2.1571571571571573	272.28731836848584	0.13444094559636002
-2.1471471471471473	2.814294714912916	0.22420476257929814
-2.1371371371371373	0.7326786786663496	0.4468811503367027
-2.1271271271271273	0.3298547691740176	1.2917078046131014
-2.1171171171171173	0.1867520907278752	13.957098795982345
-2.1071071071071072	0.12000927415246566	7.625044881996655
-2.0970970970970972	0.08358428086223946	1.0497600679356798
-2.0870870870870872	0.06155141509518114	0.3944785389822022
-2.0770770770770772	0.04721821292961831	0.20506671591993944
-2.067067067067067	0.03737405925562813	0.12540171786398085
-2.057057057057057	0.030322700583876414	0.08456375307471155
-2.047047047047047	0.025099471748017188	0.06088060980791015
-2.037037037037037	0.02112290843104901	0.04593381666033206
-2.027027027027027	0.0180256022362846	0.03590020951763196
-2.017017017017017	0.01556615913741411	0.028840241932525382
-2.007007007007007	0.01358068091837853	0.023684906378807966
-1.996996996996997	0.011954720391323854	0.01980572269169869
-1.986986986986987	0.010606400593616028	0.016813577827213256
-1.976976976976977	0.009475893433842541	0.014457111340600232
-1.966966966966967	0.008518660163339109	0.012568084461552024
-1.956956956956957	0.007700991510181568	0.011030451272695993
-1.946946946946947	0.006996994937425513	0.009762068636593827
-1.936936936936937	0.006386516246217519	0.008703469356007644
-1.926926926926927	0.005853678456961228	0.007810744899996969
-1.916916916916917	0.005385837005045227	0.007050904271350616
-1.906906906906907	0.004972821004515174	0.006398771278005689
-1.896896896896897	0.004606374444908433	0.005834863868133029
-1.8868868868868869	0.004279739301640629	0.005343915705927542
-1.8768768768768769	0.003987340817253485	0.004913826949479056
-1.8668668668668669	0.0037245473070698903	0.004534907517222169
-1.8568568568568569	0.00348748498287633	0.004199323238522939
-1.8468468468468469	0.0032728938495359436	0.003900685023257192
-1.8368368368368369	0.003078014583530599	0.003633740348830797
-1.8268268268268268	0.0029004990081610152	0.0033941389452540904
-1.8168168168168168	0.0027383387032895853	0.003178252963318991
-1.8068068068068068	0.0025898076696548407	0.0029830376141402916
-1.7967967967967968	0.0024534159723711337	0.0028059221956830945
-1.7867867867867868	0.0023278720248890573	0.0026447241631974345
-1.7767767767767768	0.002212051720698902	0.0024975808380113826
-1.7667667667667668	0.0021049730278884854	0.002362894735017804
-1.7567567567567568	0.002005774968904822	0.0022392894910626634
-1.7467467467467468	0.0019137001413670955	0.0021255741085087296
-1.7367367367367368	0.001828080114205464	0.0020207137680623576
-1.7267267267267268	0.0017483231709800148	0.0019238058668218224
-1.7167167167167168	0.0016739039789795272	0.0018340602391174947
-1.7067067067067068	0.0016043548458235123	0.0017507827460010953
-1.6966966966966968	0.0015392582908337088	0.0016733615932494944
-1.6866866866866868	0.0014782407099288117	0.0016012558714281172
-1.6766766766766767	0.0014209669538980793	0.0015339859149182725
-1.6666666666666667	0.0013671356725765106	0.001471125157250618
-1.6566566566566567	0.001316475303718898	0.00141229322307345
-1.6466466466466467	0.0012687406065293432	0.0013571500467119482
-1.6366366366366367	0.0012237096569169485	0.0013053908465826762
-1.6266266266266267	0.0011811812355410488	0.0012567418159881436
-1.6166166166166167	0.0011409725509718097	0.0012109564159257854
-1.6066066066066067	0.0011029172497943357	0.0011678121756574338
-1.5965965965965967	0.0010668636729682676	0.001127107923052285
-1.5865865865865867	0.0010326733243102187	0.001088661379979041
-1.5765765765765767	0.0010002195220279756	0.0010523070687617768
-1.5665665665665667	0.0009693862087742249	0.0010178944845206418
-1.5565565565565564	0.0009400668992505432	0.0009852864955035776
-1.5465465465465464	0.0009121637474801379	0.0009543579394601671
-1.5365365365365364	0.0008855867184646232	0.0009249943890625931
-1.5265265265265264	0.0008602528510793707	0.0008970910634939988
-1.5165165165165164	0.0008360856008564207	0.0008705518667561414
-1.5065065065065064	0.0008130142529979703	0.0008452885360969758
-1.4964964964964964	0.0007909733970648324	0.0008212198863853354
-1.4864864864864864	0.0007699024561505609	0.0007982711382509363
-1.4764764764764764	0.0007497452640706954	0.0007763733195606214
-1.4664664664664664	0.0007304496851363926	0.0007554627312045593
-1.4564564564564564	0.000711967271645518	0.0007354804694179384
-1.4464464464464464	0.0006942529548500033	0.0007163719978921332
-1.4364364364364364	0.0006772647657550241	0.0006980867638391249
-1.4264264264264264	0.0006609635824820931	0.000680577852910222
-1.4164164164164164	0.0006453129013468068	0.0006638016785440898
-1.4064064064064064	0.0006302786291325454	0.0006477177018692165
-1.3963963963963963	0.0006158288943594725	0.000632288178770166
-1.3863863863863863	0.0006019338755925342	0.0006174779311534602
-1.3763763763763763	0.0005885656450344773	0.0006032541397844393
-1.3663663663663663	0.0005756980258770941	0.0005895861564256399
-1.3563563563563563	0.0005633064620460128	0.0005764453332169874
-1.3463463463463463	0.0005513678991259706	0.0005638048675379431
-1.3363363363363363	0.0005398606753708471	0.0005516396607443379
-1.3263263263263263	0.0005287644218577925	0.0005399261893999065
-1.3163163163163163	0.0005180599708729093	0.0005286423877304071
-1.3063063063063063	0.000507729271828814	0.0005177675402122268
-1.2962962962962963	0.0004977553139463548	0.0005072821833094711
-1.2862862862862863	0.0004881220551245526	0.0004971680154619982
-1.2762762762762763	0.0004788143564517926	0.0004874078145544748
-1.2662662662662663	0.00046981792179218634	0.00047798536217444815
-1.2562562562562563	0.00046111924207961586	0.00046888537399257003
-1.2462462462462462	0.00045270554384216886	0.0004600934357450789
-1.2362362362362362	0.000444564741626864	0.0004515959442848206
-1.2262262262262262	0.000436685393984016	0.00044338005325073526
-1.2162162162162162	0.0004290566627038551	0.0004354336229512303
-1.2062062062062062	0.0004216682750371514	0.00042774517409302926
-1.1961961961961962	0.0004145104886572904	0.00042030384500918975
-1.1861861861861862	0.0004075740591315406	0.00041309935209868424
-1.1761761761761762	0.00040085020969420564	0.0004061219532080324
-1.1661661661661662	0.00039433060316464207	0.00039936241368932683
-1.1561561561561562	0.000388007315789411	0.0003928119749282997
-1.1461461461461462	0.00038187281291294085	0.00038646232513876467
-1.1361361361361362	0.00037591992628745386	0.00038030557223103605
-1.1261261261261262	0.0003701418329293173	0.00037433421858712706
-1.1161161161161162	0.0003645320353812789	0.00036854113760636717
-1.1061061061061062	0.0003590843432884528	0.0003629195518494608
-1.0960960960960962	0.0003537928561717442	0.0003574630127040988
-1.0860860860860861	0.00034865194734530605	0.0003521653813975824
-1.0760760760760761	0.00034365624883920745	0.00034702081130152994
-1.0660660660660661	0.00033880063731259554	0.00034202373140574896
-1.0560560560560561	0.0003340802208414231	0.00033716883087322053
-1.0460460460460461	0.0003294903265366537	0.0003324510446061762
-1.0360360360360361	0.0003250264889370478	0.00032786553974920404
-1.026026026026026	0.00032068443911540263	0.0003234077030383043
-1.016016016016016	0.00031646009444327483	0.00031907312896634825
-1.006006006006006	0.00031234954898894286	0.000314857608686608
-0.995995995995996	0.0003083490644734715	0.0003107571196065271
-0.985985985985986	0.0003044550617868644	0.00030676781561677155
-0.975975975975976	0.00030066411297504194	0.00030288601793465673
-0.965965965965966	0.00029697293373284246	0.00029910820647719355
-0.955955955955956	0.0002933783762999106	0.00029543101178007276
-0.9459459459459459	0.0002898774227823908	0.00029185120737045916
-0.9359359359359359	0.0002864671788507195	0.00028836570261089065
-0.9259259259259259	0.00028314486780390755	0.0002849715359550865
-0.9159159159159159	0.00027990782494700256	0.00028166586858988573
-0.9059059059059059	0.0002767534922978849	0.00027844597844957765
-0.8958958958958959	0.0002736794135915533	0.00027530925457344533
-0.8858858858858859	0.00027068322954024014	0.000272253191777417
-0.8758758758758759	0.00026776267336495527	0.0002692753856263088
-0.8658658658658659	0.00026491556656633547	0.00026637352769255413
-0.8558558558558559	0.00026213981492043717	0.0002635454010693087
-0.8458458458458459	0.0002594334046886635	0.0002607888761309709
-0.8358358358358359	0.00025679439902849305	0.00025810190653051765
-0.8258258258258259	0.0002542209345901262	0.0002554825254098768
-0.8158158158158159	0.00025171121829653927	0.00025292884180521606
-0.8058058058058059	0.00024926352427934547	0.0002504390372638986
-0.7957957957957958	0.0002468761909903989	0.0002480113626188534
-0.7857857857857858	0.00024454761843532575	0.00024564413493850356
-0.7757757757757757	0.00024227626557076908	0.00024333573465068072
-0.7657657657657657	0.00024006064781862476	0.00024108460279250723
-0.7557557557557557	0.0002378993347136018	0.00023888923841452873
-0.7457457457457457	0.0002357909476525553	0.0002367481961160155
-0.7357357357357357	0.00023373415777927978	0.00023466008370283005
-0.7257257257257257	0.0002317276839494695	0.0002326235599661703
-0.7157157157157157	0.00022977029080579857	0.00023063733256862206
-0.7057057057057057	0.00022786078695000343	0.0002287001560363625
-0.6956956956956957	0.00022599802318591737	0.00022681082985274788
-0.6856856856856857	0.00022418089087577326	0.00022496819664394964
-0.6756756756756757	0.0002224083203392652	0.000223171140452323
-0.6656656656656657	0.00022067927936234293	0.0002214185850940545
-0.6556556556556556	0.00021899277174641988	0.0002197094925967147
-0.6456456456456456	0.0002173478359480318	0.00021804286170724112
-0.6356356356356356	0.00021574354377118136	0.0002164177264829214
-0.6256256256256256	0.00021417899911972669	0.00021483315493084853
-0.6156156156156156	0.00021265333681263102	0.00021328824772669645
-0.6056056056056056	0.00021116572144579056	0.00021178213698781761
-0.5955955955955956	0.00020971534631546133	0.0002103139851026094
-0.5855855855855856	0.00020830143238286281	0.0002088829836170774
-0.5755755755755756	0.00020692322728619496	0.00020748835217080882
-0.5655655655655656	0.0002055800044018226	0.00020612933748024402
-0.5555555555555556	0.00020427106194780353	0.0002048052123703802
-0.5455455455455456	0.0002029957221148288	0.00020351527485674832
-0.5355355355355356	0.0002017533302534776	0.00020225884725429174
-0.5255255255255256	0.00020054325408898222	0.00020103527534034603
-0.5155155155155156	0.00019936488296615998	0.00019984392754988827
-0.5055055055055055	0.0001982176271400384	0.00019868419420684865
-0.4954954954954955	0.000197100917078922	0.00019755548678745776
-0.4854854854854855	0.00019601420282321983	0.00019645723722374518
-0.4754754754754755	0.00019495695334837603	0.00019538889723295187
-0.46546546546546547	0.00019392865596846713	0.00019434993767312168
-0.45545545545545546	0.00019292881576599925	0.00019333984793654853
-0.44544544544544545	0.00019195695503857653	0.00019235813536353023
-0.43543543543543545	0.00019101261278195875	0.00019140432468141123
-0.42542542542542544	0.00019009534417648808	0.00019047795747680215
-0.41541541541541543	0.00018920472012426244	0.00018957859167798103
-0.40540540540540543	0.00018834032677640558	0.00018870580107302546
-0.3953953953953954	0.00018750176509837972	0.00018785917484058742
-0.38538538538538536	0.00018668865045783897	0.0001870383171063715
-0.37537537537537535	0.00018590061221038635	0.00018624284651666241
-0.36536536536536535	0.00018513729333049654	0.00018547239583229598
-0.35535535535535534	0.00018439835003561871	0.00018472661154145449
-0.34534534534534533	0.00018368345143656198	0.0001840051534873764
-0.3353353353353353	0.00018299227921031734	0.00018330769451415703
-0.3253253253253253	0.00018232452727019768	0.00018263392012982463
-0.3153153153153153	0.0001816799014721818	0.0001819835281835603
-0.3053053053053053	0.0001810581193136623	0.00018135622855871574
-0.2952952952952953	0.00018045890966095131	0.00018075174287746618
-0.2852852852852853	0.00017988201248644712	0.0001801698042244799
-0.2752752752752753	0.0001793271786084082	0.0001796101568769776
-0.2652652652652653	0.00017879416946508327	0.0001790725560555485
-0.2552552552552553	0.0001782827568630944	0.0001785567676784316
-0.24524524524524524	0.00017779272278642817	0.00017806256813511208
-0.23523523523523523	0.00017732385916882878	0.00017758974406951243
-0.22522522522522523	0.00017687596771021494	0.00017713809216949138
-0.21521521521521522	0.000176448859684296	0.00017670741897592726
-0.20520520520520522	0.0001760423557610889	0.0001762975406932482
-0.19519519519519518	0.0001756562858502089	0.00017590828301725352
-0.18518518518518517	0.00017529048893357503	0.00017553948096827638
-0.17517517517517517	0.00017494481291620393	0.00017519097873416577
-0.16516516516516516	0.0001746191144992919	0.0001748626295267697
-0.15515515515515516	0.00017431325903580108	0.00017455429544266604
-0.14514514514514515	0.00017402712041574464	0.0001742658473355004
-0.13513513513513514	0.00017376058094620834	0.00017399716469247947
-0.12512512512512514	0.00017351353124778744	0.00017374813552838373
-0.11511511511511512	0.0001732858701651258	0.00017351865627813598
-0.10510510510510511	0.00017307750465315785	0.00017330863170195979
-0.09509509509509509	0.0001728883497245379	0.0001731179747997143
-0.08508508508508508	0.00017271832833875447	0.0001729466067307476
-0.07507507507507508	0.00017256737136669135	0.00017279445673947045
-0.06506506506506507	0.00017243541751174848	0.0001726614620925228
-0.055055055055055056	0.00017232241325249037	0.00017254756802459977
-0.04504504504504504	0.00017222831280554735	0.00017245272768379868
-0.035035035035035036	0.0001721530780775232	0.00017237690209175196
-0.025025025025025027	0.00017209667864427912	0.00017232006010803132
-0.015015015015015015	0.00017205909170467978	0.0001722821784011573
-0.005005005005005005	0.00017204030205347437	0.00017226324142797605
0.005005005005005005	0.00017204030207087345	0.000172263241419373
0.015015015015015015	0.00017205909173195015	0.00017228217835813225
0.025025025025025027	0.00017209667866984032	0.0001723200600256089
0.035035035035035036	0.00017215307809352452	0.00017237690205375495
0.04504504504504504	0.00017222831281433028	0.00017245272766944173
0.055055055055055056	0.00017232241325812182	0.00017254756801810374
0.06506506506506507	0.00017243541751814904	0.00017266146208878657
0.07507507507507508	0.0001725673713719653	0.0001727944567373836
0.08508508508508508	0.000172718328341345	0.00017294660672920498
0.09509509509509509	0.00017288834972502536	0.00017311797479992579
0.10510510510510511	0.00017307750465557958	0.00017330863170095256
0.11511511511511512	0.00017328587016548634	0.00017351865627812448
0.12512512512512514	0.0001735135312503956	0.0001737481355283749
0.13513513513513514	0.00017376058094772435	0.00017399716469289415
0.14514514514514515	0.00017402712041788112	0.0001742658473352597
0.15515515515515516	0.00017431325903869782	0.0001745542954431976
0.16516516516516516	0.00017461911450112455	0.00017486262952664427
0.17517517517517517	0.00017494481291761184	0.000175190978734368
0.18518518518518517	0.00017529048893325376	0.00017553948096858113
0.19519519519519518	0.0001756562858507733	0.0001759082830174679
0.20520520520520522	0.00017604235576231122	0.00017629754069356298
0.21521521521521522	0.0001764488596845746	0.00017670741897646207
0.22522522522522523	0.00017687596771104438	0.00017713809216991701
0.23523523523523523	0.00017732385917006735	0.0001775897440700576
0.24524524524524524	0.00017779272278695748	0.0001780625681354172
0.2552552552552553	0.0001782827568642302	0.00017855676767858885
0.2652652652652653	0.00017879416946443567	0.00017907255605628547
0.2752752752752753	0.0001793271786099784	0.00017961015687780607
0.2852852852852853	0.0001798820124857876	0.00018016980422531743
0.2952952952952953	0.00018045890966144194	0.00018075174287806065
0.3053053053053053	0.0001810581193132743	0.00018135622855941
0.3153153153153153	0.00018167990147210998	0.00018198352818469
0.3253253253253253	0.00018232452726955287	0.00018263392013104178
0.3353353353353353	0.0001829922792096489	0.00018330769451476472
0.34534534534534533	0.0001836834514368552	0.00018400515348851785
0.35535535535535534	0.00018439835003578481	0.00018472661154319344
0.36536536536536535	0.00018513729333092857	0.00018547239583315093
0.37537537537537535	0.00018590061221183862	0.00018624284651721332
0.38538538538538536	0.00018668865045734016	0.00018703831710730409
0.3953953953953954	0.00018750176509909545	0.00018785917484168265
0.40540540540540543	0.00018834032677694868	0.00018870580107413113
0.41541541541541543	0.000189204720125277	0.00018957859167907242
0.42542542542542544	0.00019009534417759416	0.0001904779574787758
0.43543543543543545	0.00019101261278131848	0.00019140432468359002
0.44544544544544545	0.0001919569550394505	0.00019235813536500586
0.45545545545545546	0.00019292881576569694	0.00019333984793918458
0.46546546546546547	0.0001939286559688844	0.00019434993767541585
0.4754754754754755	0.0001949569533491221	0.00019538889723486478
0.4854854854854855	0.00019601420282365923	0.0001964572372275905
0.4954954954954955	0.0001971009170795093	0.00019755548679015143
0.5055055055055055	0.00019821762713987962	0.00019868419420977922
0.5155155155155156	0.00019936488296763653	0.00019984392755305913
0.5255255255255256	0.00020054325409030868	0.0002010352753442421
0.5355355355355356	0.00020175333025424625	0.00020225884725831537
0.5455455455455456	0.00020299572211455034	0.00020351527486218868
0.5555555555555556	0.00020427106194854705	0.00020480521237645118
0.5655655655655656	0.0002055800044031708	0.00020612933748621965
0.5755755755755756	0.00020692322728676064	0.00020748835217848137
0.5855855855855856	0.00020830143238296776	0.00020888298362580664
0.5955955955955956	0.00020971534631568774	0.00021031398511186348
0.6056056056056056	0.0002111657214463831	0.00021178213699767724
0.6156156156156156	0.00021265333681228313	0.00021328824773746702
0.6256256256256256	0.00021417899912180188	0.0002148331549427339
0.6356356356356356	0.00021574354377221198	0.00021641772649612985
0.6456456456456456	0.00021734783594873624	0.00021804286172166153
0.6556556556556556	0.00021899277174730912	0.00021970949261192725
0.6656656656656657	0.00022067927936254595	0.00022141858511102037
0.6756756756756757	0.0002224083203417325	0.00022317114047092166
0.6856856856856857	0.0002241808908760491	0.00022496819666366057
0.6956956956956957	0.00022599802318655246	0.0002268108298746017
0.7057057057057057	0.0002278607869493597	0.0002287001560601042
0.7157157157157157	0.00022977029080727688	0.00023063733259549914
0.7257257257257257	0.0002317276839505835	0.0002326235599958479
0.7357357357357357	0.00023373415777989747	0.00023466008373491959
0.7457457457457457	0.00023579094765307414	0.0002367481961512266
0.7557557557557557	0.00023789933471356537	0.00023888923845261502
0.7657657657657657	0.00024006064781976477	0.00024108460283417667
0.7757757757757757	0.00024227626557255622	0.00024333573469687722
0.7857857857857858	0.00024454761843683014	0.00024564413498995253
0.7957957957957958	0.0002468761909911294	0.00024801136267346393
0.8058058058058059	0.00024926352428025815	0.0002504390373260294
0.8158158158158159	0.0002517112182960777	0.0002529288418733195
0.8258258258258259	0.00025422093459025815	0.0002554825254837411
0.8358358358358359	0.0002567943990285746	0.0002581019066121973
0.8458458458458459	0.00025943340468971327	0.00026078887622013293
0.8558558558558559	0.00026213981492192073	0.0002635454011668676
0.8658658658658659	0.00026491556656682997	0.00026637352779941033
0.8758758758758759	0.0002677626733644642	0.0002692753857426378
0.8858858858858859	0.0002706832295405664	0.00027225319190500255
0.8958958958958959	0.0002736794135924036	0.0002753092547142153
0.9059059059059059	0.0002767534922981001	0.0002784459786034315
0.9159159159159159	0.00027990782494668326	0.0002816658687584165
0.9259259259259259	0.0002831448678047543	0.00028497153614091093
0.9359359359359359	0.00028646717885230546	0.0002883657028146476
0.9459459459459459	0.0002898774227822485	0.000291851207592225
0.955955955955956	0.0002933783763004069	0.00029543101202431766
0.965965965965966	0.00029697293373321385	0.0002991082067448096
0.975975975975976	0.000300664112975493	0.00030288601822713295
0.985985985985986	0.0003044550617851083	0.0003067678159380958
0.995995995995996	0.00030834906447369713	0.0003107571199578311
1.006006006006006	0.00031234954898766226	0.00031485760907298317
1.016016016016016	0.0003164600944421365	0.0003190731293909914
1.026026026026026	0.0003206844391134382	0.0003234077035029024
1.0360360360360361	0.00032502648893510086	0.0003278655402591058
1.0460460460460461	0.00032949032653488365	0.0003324510451650193
1.0560560560560561	0.0003340802208388931	0.0003371688314836187
1.0660660660660661	0.00033880063731084634	0.0003420237320763621
1.0760760760760761	0.0003436562488347545	0.00034702081203731144
1.0860860860860861	0.0003486519473394892	0.0003521653822038187
1.0960960960960962	0.00035379285616645497	0.0003574630135895648
1.1061061061061062	0.0003590843432803487	0.0003629195528207935
1.1161161161161162	0.0003645320353735878	0.00036854113867095667
1.1261261261261262	0.0003701418329219455	0.00037433421975630336
1.1361361361361362	0.00037591992627814534	0.00038030557351325517
1.1461461461461462	0.0003818728129021607	0.0003864623265469258
1.1561561561561562	0.00038800731577826286	0.0003928119764741776
1.1661661661661662	0.00039433060315001596	0.0003993624153859253
1.1761761761761762	0.00040085020967801075	0.0004061219550729234
1.1861861861861862	0.00040757405911238844	0.00041309935414737825
1.1961961961961962	0.00041451048863627065	0.0004203038472590375
1.2062062062062062	0.0004216682750148334	0.00042774517656670634
1.2162162162162162	0.0004290566626797806	0.0004354336256703996
1.2262262262262262	0.00043668539395614415	0.00044338005623970484
1.2362362362362362	0.0004445647415948337	0.00045159594757339806
1.2462462462462462	0.0004527055438055358	0.00046009343936293353
1.2562562562562563	0.0004611192420394489	0.00046888537797371824
1.2662662662662663	0.00046981792174803427	0.0004779853665576699
1.2762762762762763	0.00047881435639947605	0.0004874078193821338
1.2862862862862863	0.0004881220550690491	0.0004971680207783274
1.2962962962962963	0.0004977553138796736	0.00050728218916932
1.3063063063063063	0.000507729271756835	0.0005177675466720999
1.3163163163163163	0.0005180599707924457	0.0005286423948518309
1.3263263263263263	0.0005287644217661021	0.0005399261972567058
1.3363363363363363	0.0005398606752694291	0.0005516396694137567
1.3463463463463463	0.0005513678990115963	0.0005638048771091297
1.3563563563563563	0.0005633064619192164	0.0005764453437885854
1.3663663663663663	0.0005756980257359173	0.000589586168105394
1.3763763763763763	0.0005885656448781354	0.0006032541526948614
1.3863863863863863	0.0006019338754160968	0.0006174779454308445
1.3963963963963963	0.0006158288941613283	0.0006322881945681738
1.4064064064064064	0.0006302786289121104	0.0006477177193565445
1.4164164164164164	0.000645312901103011	0.0006638016979121658
1.4264264264264264	0.0006609635822100614	0.0006805778743715956
1.4364364364364364	0.00067726476544777	0.0006980867876322482
1.4464464464464464	0.0006942529545072339	0.0007163720242842388
1.4564564564564564	0.0007119672712642182	0.000735480498709987
1.4664664664664664	0.0007304496847099638	0.0007554627637353411
1.4764764764764764	0.0007497452635932747	0.0007763733557099154
1.4864864864864864	0.0007699024556184935	0.0007982711784464876
1.4964964964964964	0.0007909733964718236	0.0008212199311108366
1.5065065065065064	0.0008130142523316698	0.0008452885858936173
1.5165165165165164	0.000836085600113838	0.000870551922237734
1.5265265265265264	0.0008602528502478063	0.0008970911253530722
1.5365365365365364	0.0008855867175361963	0.0009249944580871915
1.5465465465465464	0.0009121637464393267	0.0009543580165361742
1.5565565565565564	0.0009400668980833241	0.0009852865816384244
1.5665665665665667	0.0009693862074665171	0.0010178945808603952
1.5765765765765767	0.001000219520562293	0.0010523071766086088
1.5865865865865867	0.0010326733226660582	0.0010886615008140958
1.5965965965965967	0.0010668636711251365	0.001127108058563644
1.6066066066066067	0.0011029172477234584	0.0011678123277757448
1.6166166166166167	0.001140972548650296	0.0012109565868568834
1.6266266266266267	0.0011811812329302759	0.0012567420082573314
1.6366366366366367	0.0012237096539817608	0.0013053910630887024
1.6466466466466467	0.0012687406032237385	0.0013571502907846593
1.6566566566566567	0.0013164753000000334	0.0014122934985459307
1.6666666666666667	0.0013671356683845508	0.0014711254685477021
1.6766766766766767	0.0014209669491719794	0.0015339862671500343
1.6866866866866868	0.0014782407045944735	0.0016012562705128577
1.6966966966966968	0.0015392582848058386	0.0016733620460570688
1.7067067067067068	0.0016043548390053928	0.0017507832605209008
1.7167167167167168	0.0016739039712603979	0.0018340608246704784
1.7267267267267268	0.0017483231622377313	0.0019238065342989735
1.7367367367367368	0.001828080104287054	0.0020207145302314883
1.7467467467467468	0.001913700130106901	0.0021255749803759452
1.7567567567567568	0.002005774956100233	0.0022392904903218934
1.7667667667667668	0.0021049730133128764	0.0023628958825965894
1.7767767767767768	0.0022120517040795204	0.002497582158740502
1.7867867867867868	0.002327872005913717	0.0026447256866483694
1.7967967967967968	0.0024534159506750365	0.0028059239572100136
1.8068068068068068	0.0025898076448079405	0.00298303965617857
1.8168168168168168	0.0027383386747783602	0.0031782553370264866
1.8268268268268268	0.002900498975387135	0.003394141712587086
1.8368368368368369	0.003078014545779161	0.003633743585208032
1.8468468468468469	0.0032728938059619216	0.0039006888209773593
1.8568568568568569	0.0034874849324693434	0.004199327711197373
1.8668668668668669	0.003724547248611465	0.004534912805580613
1.8768768768768769	0.003987340749284208	0.004913833229039979
1.8868868868868869	0.004279739222388941	0.005343923197228714
1.896896896896897	0.004606374352217071	0.0058348728505422925
1.906906906906907	0.004972820895749888	0.006398782108593291
1.916916916916917	0.005385836876958838	0.0070509174109996695
1.926926926926927	0.005853678305533452	0.007810760950102068
1.936936936936937	0.0063865160664233105	0.008703489110866628
1.946946946946947	0.006996994722954286	0.00976209315957987
1.956956956956957	0.007700991253014421	0.01103048200924655
1.966966966966967	0.008518659853209985	0.012568123410590864
1.976976976976977	0.009475893057456266	0.014457161321419668
1.986986986986987	0.010606400133544126	0.01681364290719557
1.996996996996997	0.011954719824413547	0.01980580889530808
2.007007007007007	0.013580680213393391	0.02368502290961895
2.017017017017017	0.0155661582514969	0.028840403378736855
2.027027027027027	0.018025601109438003	0.035900440057569837
2.037037037037037	0.02112290697729525	0.045934158636304664
2.047047047047047	0.025099469840832347	0.06088114272266472
2.057057057057057	0.03032269803090354	0.08456464041279756
2.067067067067067	0.037374055752926454	0.12540334007661005
2.0770770770770772	0.04721820797350855	0.20507013150491074
2.0870870870870872	0.06155140779979115	0.39448765479742876
2.0970970970970972	0.08358426954465839	1.0497993205137024
2.1071071071071072	0.12000925526877512	7.6257910397837145
2.1171171171171173	0.18675205565010647	13.955313525919475
2.1271271271271273	0.32985469172740833	1.2916583815691214
2.1371371371371373	0.7326784430448179	0.44687164043137306
2.1471471471471473	2.814293140543557	0.22420164295301276
2.1571571571571573	272.2869326866711	0.13443965101339922
2.1671671671671673	3.2247235685302793	0.08954927038913142
2.1771771771771773	0.7846704082696079	0.06393760727824989
2.1871871871871873	0.3453074667029086	0.0479616858988935
2.1971971971971973	0.1932881517646909	0.037332249733578175
2.2072072072072073	0.12336933292717203	0.029905987459278856
2.2172172172172173	0.08554209996291369	0.024515160740642597
2.2272272272272273	0.06279791221508793	0.02047948846211573
2.2372372372372373	0.04806716904374651	0.0173808984432663
2.2472472472472473	0.037984512352684394	0.014950980304113397
2.2572572572572573	0.03078220293477751	0.013011016003436253
2.2672672672672673	0.025459438808496812	0.011438281707242018
2.2772772772772774	0.021415145972970097	0.010146246259719934
2.2872872872872874	0.018270647141122802	0.009072482851421303
2.2972972972972974	0.015777758787151822	0.008171041988168587
2.3073073073073074	0.013768326311966981	0.007407498725249592
2.3173173173173174	0.012125142479834842	0.0067556538890195875
2.3273273273273274	0.010764487809349424	0.006195286916608117
2.3373373373373374	0.009625272808459371	0.0057105939660721736
2.3473473473473474	0.00866207595720689	0.005289082519278653
2.3573573573573574	0.00784055816433789	0.004920776177371122
2.3673673673673674	0.007134369876936942	0.0045976340654221605
2.3773773773773774	0.00652302032009202	0.004313121172437071
2.3873873873873874	0.005990381418984046	0.004061886451971844
2.3973973973973974	0.0055236191953655905	0.0038395189301568622
2.4074074074074074	0.005112418541319322	0.0036423610104698886
2.4174174174174174	0.004748412806187368	0.003467364219149353
2.4274274274274275	0.004424758613138979	0.0033119767958465092
2.4374374374374375	0.0041358151365212155	0.0031740554334133823
2.4474474474474475	0.0038768995086498515	0.003051795516873546
2.4574574574574575	0.0036440983852442177	0.0029436756739203125
2.4674674674674675	0.003434121404855043	0.002848413506142832
2.4774774774774775	0.003244186228464266	0.002764930142805066
2.4874874874874875	0.003071927616605757	0.0026923218302574788
2.4974974974974975	0.002915324969479528	0.0026298371970530417
2.5075075075075075	0.0027726441689834088	0.002576859158209511
2.5175175175175175	0.0026423905880617236	0.0025328906701987783
2.5275275275275275	0.0025232708851449194	0.002497543741947733
2.5375375375375375	0.002414161758725367	0.0024705312614429174
2.5475475475475475	0.00231408425302017	0.0024516613241722645
2.5575575575575575	0.0022221825190203433	0.0024408338568335563
2.5675675675675675	0.0021377061731310634	0.002438039425200737
2.5775775775775776	0.0020599955773105438	0.0024433602045093542
2.5875875875875876	0.0019884695047835996	0.002456973179874303
2.5975975975975976	0.0019226147640473176	0.0024791557389182437
2.6076076076076076	0.0018619774385075078	0.0025102939249422983
2.6176176176176176	0.001806155465721654	0.002550893744361135
2.6276276276276276	0.001754792332865065	0.00260159607561304
2.6376376376376376	0.001707571706580257	0.0026631959209822294
2.6476476476476476	0.0016642128489547969	0.002736666993874586
2.6576576576576576	0.0016244666980293283	0.0028231929651787195
2.6676676676676676	0.0015881125130171234	0.002924207135645741
2.6776776776776776	0.0015549550017116222	0.0030414429026662847
2.6876876876876876	0.0015248218623621155	0.0031769982168584465
2.6976976976976976	0.001497561683658412	0.003333418374505008
2.7077077077077076	0.0014730421564984727	0.0035138031140286843
2.7177177177177176	0.0014511485592657775	0.0037219463003074363
2.7277277277277276	0.0014317824851555337	0.003962519833087761
2.7377377377377377	0.0014148607859654039	0.004241318339881314
2.7477477477477477	0.0014003147116886762	0.004565588561317459
2.7577577577577577	0.0013880892296517908	0.0049444784886480565
2.7677677677677677	0.0013781425107541594	0.005389658554060476
2.7777777777777777	0.0013704455739541475	0.0059161943727940106
2.7877877877877877	0.0013649820833383161	0.006543794404824966
2.7977977977977977	0.0013617482951541842	0.0072986284119806516
2.8078078078078077	0.0013607531555317617	0.008216035728814063
2.8178178178178177	0.0013620185522875388	0.009344657939151539
2.8278278278278277	0.001365579728009115	0.010752921018724325
2.8378378378378377	0.001371485864543994	0.012539527121776452
2.8478478478478477	0.0013798008535225335	0.014851062690457328
2.8578578578578577	0.0013906042714300051	0.017912825044393673
2.8678678678678677	0.0014039925831203924	0.022085555048828788
2.8778778778778777	0.0014200806036914215	0.027976307842989753
2.8878878878878878	0.0014390032553795887	0.036671683751348286
2.8978978978978978	0.0014609176650913554	0.050276119956597184
2.9079079079079078	0.0014860056582430713	0.07331371203784498
2.9179179179179178	0.0015144767173260179	0.11703363748834839
2.9279279279279278	0.0015465714891983293	0.2162586246175823
2.937937937937938	0.0015825659444885726	0.5280872941739158
2.947947947947948	0.0016227763165946791	2.7535353913643554
2.957957957957958	0.0016675649781995108	26.228466234868527
2.967967967967968	0.0017173474516162524	1.0873774582840785
2.977977977977978	0.0017726007981403223	0.33278326555443616
2.987987987987988	0.0018338736942192359	0.159039742144745
2.997997997997998	0.001901798583025552	0.09295068611099663
3.008008008008008	0.0019771063947266495	0.06095925551997952
3.018018018018018	0.0020606444659173806	0.04308381368856811
3.028028028028028	0.002153398469125764	0.03209310688754563
3.038038038038038	0.002256519403217721	0.024856463937958744
3.048048048048048	0.002371357016481861	0.0198397429818527
3.058058058058058	0.002499501468235236	0.016219366825375017
3.068068068068068	0.0026428356263100495	0.013521086185617613
3.078078078078078	0.002803601213228725	0.011456161500566187
3.088088088088088	0.0029844831489363164	0.009840638034437719
3.098098098098098	0.0031887180369479986	0.008552817357533878
3.108108108108108	0.0034202350206167112	0.007509584277726755
3.118118118118118	0.0036838405303866333	0.006652606965026513
3.1281281281281283	0.003985463270215314	0.005939970062597338
3.1381381381381384	0.004332482975554339	0.0053409269804729174
3.1481481481481484	0.004734177346208464	0.004832509889036175
3.1581581581581584	0.005202338309021207	0.004397282154284926
3.1681681681681684	0.005752135094731793	0.004021813492802799
3.1781781781781784	0.006403343909128614	0.003695623957665724
3.1881881881881884	0.007182133573451166	0.0034104389701929277
3.1981981981981984	0.008123714113413547	0.003159654933315315
3.2082082082082084	0.009276360003276769	0.0029379500461414374
3.2182182182182184	0.010707688254278343	0.0027409969199381507
3.2282282282282284	0.012514760284580751	0.002565247662174605
3.2382382382382384	0.014840920604095573	0.0024077712724746535
3.2482482482482484	0.017905042148936085	0.002266129288864129
3.2582582582582584	0.022054840646935896	0.002138279736526134
3.2682682682682684	0.027869875086352396	0.0020225022498191894
3.2782782782782784	0.03637516282996764	0.0019173391970357095
3.2882882882882885	0.04952534666917715	0.0018215490155551529
3.2982982982982985	0.07143568788811645	0.0017340689471143156
3.3083083083083085	0.11203818695437676	0.0016539850701730065
3.3183183183183185	0.20067730540934042	0.0015805080412995504
3.3283283283283285	0.45884222031559274	0.0015129533360832355
3.3383383383383385	1.923779403053757	0.001450725060862978
3.3483483483483485	135.06424656364194	0.0013933026169971072
3.3583583583583585	1.5553648286409687	0.0013402296578409636
3.3683683683683685	0.41237080318426383	0.0012911048994219759
3.3783783783783785	0.18691022740166766	0.0012455744382001005
3.3883883883883885	0.10623533603525896	0.001203325300564623
3.3983983983983985	0.06846238062871464	0.0011640800042271378
3.4084084084084085	0.047796959094692296	0.001127591954842352
3.4184184184184185	0.035275250108097504	0.0010936415352603582
3.4284284284284285	0.027118881804573617	0.0010620327717645404
3.4384384384384385	0.021511301674631483	0.0010325904829627188
3.4484484484484486	0.01749121373980644	0.0010051578341462794
3.4584584584584586	0.014511230451641799	0.0009795942336824975
3.4684684684684686	0.012241069329255285	0.0009557735190152645
3.4784784784784786	0.01047185970061732	0.0009335823889258171
3.4884884884884886	0.00906627258695589	0.0009129190459846384
3.4984984984984986	0.00793101004000252	0.0008936920191203913
3.5085085085085086	0.007000889747584596	0.0008758191411525096
3.5185185185185186	0.00622925814970991	0.0008592266602562445
3.5285285285285286	0.005582011380148872	0.000843848467635114
3.5385385385385386	0.005033751825654118	0.0008296254265243476
3.5485485485485486	0.004565251010571778	0.0008165047900211789
3.5585585585585586	0.004161734962188309	0.0008044396971847777
3.5685685685685686	0.003811700869720312	0.0007933887385580021
3.5785785785785786	0.003506084895092819	0.0007833155837159336
3.5885885885885886	0.0032376669053131896	0.0007741886646194953
3.5985985985985987	0.0030006380614007932	0.0007659809096740867
3.6086086086086087	0.002790282264625472	0.000758669524375337
3.6186186186186187	0.002602738443459275	0.0007522358151064371
3.6286286286286287	0.002434821057375822	0.000746665053628316
3.6386386386386387	0.002283883075682166	0.0007419463802841146
3.6486486486486487	0.002147710320866016	0.0007380727447570239
3.6586586586586587	0.0020244392319376824	0.0007350408837560337
3.6686686686686687	0.0019124922973779864	0.0007328513356509699
3.6786786786786787	0.001810526948346728	0.0007315084927275739
3.6886886886886887	0.0017173947981011684	0.0007310206923494062
3.6986986986986987	0.001632108901647257	0.0007314003490078869
3.7087087087087087	0.0015538172811791157	0.0007326641300387169
3.7187187187187187	0.0014817813837581465	0.0007348331785399788
3.7287287287287287	0.0014153584483042813	0.0007379333880350533
3.7387387387387387	0.0013539869917029174	0.0007419957344937449
3.7487487487487487	0.0012971747991964032	0.0007470566724902307
3.7587587587587588	0.0012444889371177022	0.00075315860385649
3.7687687687687688	0.0011955474080524967	0.0007603504288681659
3.7787787787787788	0.0011500121469725161	0.0007686881920163616
3.7887887887887888	0.0011075831175974937	0.0007782358369726558
3.798798798798799	0.0010679933160704675	0.0007890660882964403
3.808808808808809	0.0010310045258632682	0.0008012614810591927
3.818818818818819	0.0009964036979674463	0.0008149155640138323
3.828828828828829	0.000963999853135722	0.0008301343074232495
3.838838838838839	0.0009336214221316726	0.0008470377531857909
3.848848848848849	0.0009051139547045029	0.0008657619535561072
3.858858858858859	0.000878338140141258	0.0008864612547990127
3.868868868868869	0.0008531680920433083	0.0009093109954012928
3.878878878878879	0.0008294898579233522	0.0009345107046713838
3.888888888888889	0.0008072001207076694	0.0009622879086238162
3.898898898898899	0.00078620506460677	0.0009929026762551005
3.908908908908909	0.0007664193821905248	0.0010266530737166881
3.918918918918919	0.0007477654030470075	0.001063881737554335
3.928928928928929	0.0007301723275660373	0.0011049838356631423
3.938938938938939	0.0007135755517933222	0.0011504167592714897
3.948948948948949	0.0006979160714107	0.0012007119882782766
3.958958958958959	0.0006831399546192809	0.0012564897035805737
3.968968968968969	0.0006691978752884477	0.0013184768966513927
3.978978978978979	0.0006560446988151989	0.0013875299649965015
3.988988988988989	0.0006436391143950748	0.0014646631087176453
3.998998998998999	0.00063194330799706	0.0015510842933960751
4.009009009009009	0.0006209226714120285	0.001648241173210665
4.019019019019019	0.0006105455433018411	0.0017578802551677557
4.029029029029029	0.0006007829784352249	0.001882123853617945
4.039039039039039	0.0005916085423789206	0.0020235712214260937
4.049049049049049	0.0005829981285942123	0.0021854329441719374
4.059059059059059	0.0005749297959341228	0.0023717117149704646
4.069069069069069	0.0005673836243244609	0.0025874487280945807
4.079079079079079	0.000560341586969814	0.0028390643962866746
4.089089089089089	0.0005537874375275952	0.003134837037627184
4.099099099099099	0.0005477066110585946	0.003485587287868419
4.109109109109109	0.000542086137481641	0.0039056758647906947
4.119119119119119	0.0005369145666665529	0.004414490064989484
4.129129129129129	0.0005321819043691195	0.005038713061897465
4.1391391391391394	0.0005278795583114311	0.005815885217886087
4.1491491491491495	0.0005240002938679514	0.006800172018503205
4.1591591591591595	0.0005205381988188692	0.00807205175029353
4.1691691691691695	0.000517488657099989	0.009755291614018523
4.1791791791791795	0.0005148483309332175	0.012048225848199584
4.1891891891891895	0.0005126151516101886	0.01528496768775932
4.1991991991991995	0.0005107883185681203	0.020064405808744013
4.2092092092092095	0.000509368306971964	0.027548612649369593
4.2192192192192195	0.000508356883941299	0.04024237891300618
4.2292292292292295	0.000507757133655899	0.06439801872266583
4.2392392392392395	0.0005075734917083262	0.11949114433315888
4.2492492492492495	0.0005078117891420558	0.2944400164812446
4.2592592592592595	0.0005084793068645671	1.5876402778539858
4.2692692692692695	0.0005095848410633523	12.173939855696275
4.2792792792792795	0.0005111387804804124	0.5684164572746334
4.2892892892892895	0.0005131531968278284	0.1766419299268784
4.2992992992992995	0.0005156419492155469	0.08487775358394993
4.3093093093093096	0.0005186208042236715	0.04972993592799906
4.31931931931932	0.0005221075734678358	0.03265388927912225
4.32932932932933	0.0005261222701808647	0.02309195861953797
4.33933933933934	0.0005306872875345264	0.017205009401851736
4.34934934934935	0.0005358276010415931	0.013325713100831315
4.35935935935936	0.0005415709983323726	0.010635212809605327
4.36936936936937	0.0005479483396829426	0.008693204778870433
4.37937937937938	0.0005549938536195495	0.007245831244645848
4.38938938938939	0.0005627454724387317	0.006138386764790217
4.3993993993994	0.0005712452133190678	0.005272234946253673
4.40940940940941	0.0005805396115833189	0.00458208221473802
4.41941941941942	0.0005906802141214307	0.00402331449228279
4.42942942942943	0.000601724141930503	0.0035646090109847863
4.43943943943944	0.0006137347328856474	0.0031834516468507218
4.44944944944945	0.0006267822771668595	0.0028633236991909487
4.45945945945946	0.0006409448608516563	0.0025918836230247096
4.46946946946947	0.0006563093355771273	0.002359760992993467
4.47947947947948	0.0006729724357777122	0.002159737967409453
4.48948948948949	0.000691042069313348	0.0019861822363319986
4.4994994994995	0.0007106388124499563	0.0018346468812385562
4.50950950950951	0.0007318976465480372	0.0017015832742256413
4.51951951951952	0.0007549699815202239	0.0015841319439669297
4.52952952952953	0.0007800260210515861	0.0014799681192145442
4.53953953953954	0.0008072575365257527	0.0013871862039249552
4.54954954954955	0.0008368811319098176	0.0013042123614580917
4.55955955955956	0.0008691421003132183	0.0012297376558922013
4.56956956956957	0.000904318997881275	0.0011626664065934873
4.57957957957958	0.000942729090089423	0.0011020759256488433
4.58958958958959	0.0009847348653060802	0.0010471848595782207
4.5995995995996	0.0010307518600744096	0.0009973280970790167
4.60960960960961	0.0010812581054083369	0.0009519367322475
4.61961961961962	0.0011368055879241064	0.0009105219526227127
4.62962962962963	0.0011980342300533066	0.0008726619982879318
4.63963963963964	0.0012656890397896004	0.0008379915416207092
4.64964964964965	0.0013406412755394748	0.0008061929884543539
4.65965965965966	0.0014239147331164225	0.000776989314241922
4.66966966966967	0.00151671861634629	0.0007501381343364731
4.67967967967968	0.001620488939469191	0.0007254267721717273
4.68968968968969	0.001736941079174506	0.000702668139187396
4.6996996996997	0.001868137033344428	0.0006816972782531651
4.70970970970971	0.0020165722694631006	0.0006623684526277399
4.71971971971972	0.0021852889435848583	0.0006445526854283537
4.72972972972973	0.0023780250255498654	0.0006281356730896672
4.73973973973974	0.002599412918266028	0.0006130160107126535
4.74974974974975	0.0028552472191091197	0.0005991036787949986
4.75975975975976	0.003152850482072281	0.0005863187499670523
4.76976976976977	0.0035015801066274103	0.0005745902818842682
4.77977977977978	0.003913542022171754	0.0005638553682969099
4.78978978978979	0.00440461325881795	0.0005540583253058648
4.7997997997998	0.004995935795345573	0.0005451499937383282
4.80980980980981	0.005716146654858038	0.0005370871418717173
4.81981981981982	0.006604789097423876	0.0005298319553573947
4.82982982982983	0.007717676119146109	0.000523351603656592
4.83983983983984	0.009135592930165892	0.0005176178739445949
4.84984984984985	0.010978938186485938	0.000512606865206604
4.85985985985986	0.013433420155979219	0.0005082987365900934
4.86986986986987	0.016797465579862465	0.000504677505209272
4.87987987987988	0.02157510139036858	0.0005017308897405019
4.88988988988989	0.02867183268011954	0.0004994501970067753
4.8998998998999	0.03984784469242072	0.0004978302496306006
4.90990990990991	0.058901054547654506	0.0004968693536996879
4.91991991991992	0.09530839939486196	0.0004965693061648934
4.92992992992993	0.17849489428001297	0.0004969354423330801
4.93993993993994	0.44128940581152076	0.0004979767248742059
4.94994994994995	2.2905985332570795	0.0004997058764348443
4.95995995995996	15.972030333303083	0.0005021395589173842
4.96996996996997	0.9184588013906866	0.0005052986035261382
4.97997997997998	0.28937296671984364	0.0005092082968792144
4.98998998998999	0.14083337522282277	0.0005138987298875726
5.0	0.08363223963811524	0.0005194052174764029
