-5.0	8.980290277760706e-5	9.104661610259495e-5
-4.98998998998999	8.850015926611546e-5	8.96958969587874e-5
-4.97997997997998	8.722811067636663e-5	8.837804018028488e-5
-4.96996996996997	8.598577546477544e-5	8.709195200079575e-5
-4.95995995995996	8.477221151730517e-5	8.583658466137237e-5
-4.94994994994995	8.358651425156311e-5	8.461093403361397e-5
-4.93993993993994	8.242781482666804e-5	8.341403749671828e-5
-4.92992992992993	8.129527845758217e-5	8.224497181088187e-5
-4.91991991991992	8.01881028065557e-5	8.110285122843824e-5
-4.90990990990991	7.910551647485431e-5	7.998682563771438e-5
-4.8998998998999	7.80467775777769e-5	7.889607885173375e-5
-4.88988988988989	7.701117238930763e-5	7.782982697356045e-5
-4.87987987987988	7.599801405275393e-5	7.678731684882365e-5
-4.86986986986987	7.500664138796527e-5	7.576782464658405e-5
-4.85985985985986	7.403641771527758e-5	7.477065445411657e-5
-4.84984984984985	7.308672978887366e-5	7.379513699156121e-5
-4.83983983983984	7.215698674836096e-5	7.284062838325422e-5
-4.82982982982983	7.124661914503354e-5	7.190650900710182e-5
-4.81981981981982	7.035507800765617e-5	7.099218238225874e-5
-4.80980980980981	6.94818339672595e-5	7.009707412668422e-5
-4.7997997997998	6.862637640453082e-5	6.922063098477039e-5
-4.78978978978979	6.778821266037754e-5	6.83623198818325e-5
-4.77977977977978	6.696686727977725e-5	6.752162703220833e-5
-4.76976976976977	6.616188128574904e-5	6.669805711528213e-5
-4.75975975975976	6.537281149652365e-5	6.589113245002473e-5
-4.74974974974975	6.459922987205883e-5	6.510039226760723e-5
-4.73973973973974	6.384072288957159e-5	6.432539196219438e-5
-4.72972972972973	6.309689096414509e-5	6.35657024313534e-5
-4.71971971971972	6.23673478691201e-5	6.282090940504671e-5
-4.70970970970971	6.165172020572197e-5	6.209061283276369e-5
-4.6996996996997	6.094964689658969e-5	6.137442630457687e-5
-4.68968968968969	6.026077868942767e-5	6.067197647833079e-5
-4.67967967967968	5.958477769928497e-5	5.99829025500123e-5
-4.66966966966967	5.892131695412548e-5	5.930685574216916e-5
-4.65965965965966	5.827007997907176e-5	5.8643498840732706e-5
-4.64964964964965	5.763076039360123e-5	5.799250570349523e-5
-4.63963963963964	5.700306151189074e-5	5.7353560830171045e-5
-4.62962962962963	5.638669599026631e-5	5.6726358953995656e-5
-4.61961961961962	5.578138545592604e-5	5.611060463943776e-5
-4.60960960960961	5.518686018817552e-5	5.550601187766171e-5
-4.5995995995996	5.4602858784164295e-5	5.4912303759511385e-5
-4.58958958958959	5.402912784658907e-5	5.4329212092438265e-5
-4.57957957957958	5.346542170354972e-5	5.3756477088169235e-5
-4.56956956956957	5.2911502112736144e-5	5.3193847046237496e-5
-4.55955955955956	5.236713799176797e-5	5.264107803072638e-5
-4.54954954954955	5.183210516541219e-5	5.2097933606976795e-5
-4.53953953953954	5.1306186115171946e-5	5.156418453735105e-5
-4.52952952952953	5.0789169738267866e-5	5.1039608540067686e-5
-4.51951951951952	5.028085112360239e-5	5.052399001122265e-5
-4.50950950950951	4.978103132504169e-5	5.001711980298011e-5
-4.4994994994995	4.928951717040083e-5	4.951879497815978e-5
-4.48948948948949	4.880612103550862e-5	4.902881858514e-5
-4.47947947947948	4.833066067478754e-5	4.8546999460922463e-5
-4.46946946946947	4.786295901993927e-5	4.807315200061579e-5
-4.45945945945946	4.7402844009711294e-5	4.760709598868302e-5
-4.44944944944945	4.695014842065757e-5	4.714865637832933e-5
-4.43943943943944	4.650470969689314e-5	4.6697663151374577e-5
-4.42942942942943	4.606636980152696e-5	4.6253951109239305e-5
-4.41941941941942	4.5634975055391067e-5	4.5817359721448306e-5
-4.40940940940941	4.5210376003730114e-5	4.538773296988065e-5
-4.3993993993994	4.4792427266256197e-5	4.496491919077877e-5
-4.38938938938939	4.438098740804605e-5	4.454877092638228e-5
-4.37937937937938	4.397591881104779e-5	4.41391447852049e-5
-4.36936936936937	4.357708754957224e-5	4.373590130850678e-5
-4.35935935935936	4.3184363265886934e-5	4.333890483603226e-5
-4.34934934934935	4.27976190637784e-5	4.294802338210341e-5
-4.33933933933934	4.241673139363081e-5	4.2563128520245396e-5
-4.32932932932933	4.2041579943031125e-5	4.2184095257716416e-5
-4.31931931931932	4.167204754005977e-5	4.181080193360349e-5
-4.3093093093093096	4.130802005209176e-5	4.1443130104004694e-5
-4.2992992992992995	4.094938628826982e-5	4.108096444226829e-5
-4.2892892892892895	4.059603791354215e-5	4.072419263933879e-5
-4.2792792792792795	4.02478693573342e-5	4.037270530767167e-5
-4.2692692692692695	3.9904777724161685e-5	4.002639589632884e-5
-4.2592592592592595	3.956666271940154e-5	3.968516058733647e-5
-4.2492492492492495	3.9233426565151015e-5	3.9348898225998656e-5
-4.2392392392392395	3.8904973927259457e-5	3.9017510224251354e-5
-4.2292292292292295	3.8581211834889476e-5	3.869090049148268e-5
-4.2192192192192195	3.826204962150764e-5	3.8368975359038716e-5
-4.2092092092092095	3.794739884385573e-5	3.8051643495158335e-5
-4.1991991991991995	3.763717322378229e-5	3.7738815849609445e-5
-4.1891891891891895	3.73312885832679e-5	3.743040557188427e-5
-4.1791791791791795	3.70296627764623e-5	3.712632795205661e-5
-4.1691691691691695	3.6732215643705895e-5	3.682650035040101e-5
-4.1591591591591595	3.6438868937374215e-5	3.6530842147354765e-5
-4.1491491491491495	3.614954627780657e-5	3.623927468132514e-5
-4.1391391391391394	3.58641730971274e-5	3.595172116865401e-5
-4.129129129129129	3.558267658685925e-5	3.566810668286184e-5
-4.119119119119119	3.5304985647114294e-5	3.5388358085859955e-5
-4.109109109109109	3.503103083688236e-5	3.5112403965649525e-5
-4.099099099099099	3.4760744334236634e-5	3.484017460195246e-5
-4.089089089089089	3.449405987792394e-5	3.4571601914229794e-5
-4.079079079079079	3.4230912740639386e-5	3.430661941116781e-5
-4.069069069069069	3.397123966862335e-5	3.404516214715045e-5
-4.059059059059059	3.3714978856262365e-5	3.3787166674992534e-5
-4.049049049049049	3.346206989696901e-5	3.353257101843863e-5
-4.039039039039039	3.321245374634158e-5	3.328131460834752e-5
-4.029029029029029	3.2966072689705894e-5	3.303333827227687e-5
-4.019019019019019	3.272287029856052e-5	3.278858416095208e-5
-4.009009009009009	3.248279140382894e-5	3.2546995745238254e-5
-3.998998998998999	3.2245782054771495e-5	3.230851775992209e-5
-3.988988988988989	3.2011789490753475e-5	3.2073096173954125e-5
-3.978978978978979	3.178076210876404e-5	3.1840678160984244e-5
-3.968968968968969	3.1552649432189916e-5	3.161121206046238e-5
-3.958958958958959	3.132740208085167e-5	3.138464735532226e-5
-3.948948948948949	3.1104971745269543e-5	3.1160934625960114e-5
-3.938938938938939	3.088531114979942e-5	3.094002554464326e-5
-3.928928928928929	3.06683740424039e-5	3.072187281855391e-5
-3.918918918918919	3.045411514709685e-5	3.0506430188983732e-5
-3.908908908908909	3.024249015661165e-5	3.0293652386431528e-5
-3.898898898898899	3.0033455696428243e-5	3.0083495111041195e-5
-3.888888888888889	2.9826969308747978e-5	2.9875915011687385e-5
-3.878878878878879	2.962298942097565e-5	2.9670869648131704e-5
-3.868868868868869	2.9421475331042683e-5	2.9468317481299842e-5
-3.858858858858859	2.92223871802536e-5	2.926821784871046e-5
-3.848848848848849	2.9025685935897892e-5	2.907053092846565e-5
-3.838838838838839	2.8831333366740865e-5	2.8875217748119683e-5
-3.828828828828829	2.863929202662749e-5	2.8682240116122925e-5
-3.818818818818819	2.8449525232313837e-5	2.849156064866856e-5
-3.808808808808809	2.8261997046809734e-5	2.8303142731886362e-5
-3.798798798798799	2.8076672258306036e-5	2.811695048082704e-5
-3.7887887887887888	2.7893516365707597e-5	2.7932948762633317e-5
-3.7787787787787788	2.7712495562098994e-5	2.775110314676965e-5
-3.7687687687687688	2.753357670844604e-5	2.7571379900518403e-5
-3.7587587587587588	2.7356727334305438e-5	2.7393745968130942e-5
-3.7487487487487487	2.7181915604094905e-5	2.7218168954228215e-5
-3.7387387387387387	2.700911031427197e-5	2.704461711441049e-5
-3.7287287287287287	2.683828087220057e-5	2.6873059329528427e-5
-3.7187187187187187	2.6669397283648228e-5	2.6703465093693337e-5
-3.7087087087087087	2.6502430139456976e-5	2.6535804505024952e-5
-3.6986986986986987	2.6337350600306652e-5	2.6370048243816992e-5
-3.6886886886886887	2.6174130383864052e-5	2.6206167569357973e-5
-3.6786786786786787	2.6012741747505107e-5	2.6044134287886438e-5
-3.6686686686686687	2.5853157486964108e-5	2.588392076436991e-5
-3.6586586586586587	2.5695350914062037e-5	2.572549988271423e-5
-3.6486486486486487	2.5539295845504897e-5	2.5568845058413403e-5
-3.6386386386386387	2.5384966596451483e-5	2.541393020229992e-5
-3.6286286286286287	2.523233796421063e-5	2.526072973513176e-5
-3.6186186186186187	2.5081385220138058e-5	2.5109218559554887e-5
-3.6086086086086087	2.4932084095467468e-5	2.495937203736056e-5
-3.5985985985985987	2.4784410777442608e-5	2.481116601174788e-5
-3.5885885885885886	2.463834189271241e-5	2.4664576767616655e-5
-3.5785785785785786	2.4493854498668832e-5	2.451958103401181e-5
-3.5685685685685686	2.4350926076642867e-5	2.4376155979584763e-5
-3.5585585585585586	2.4209534519451722e-5	2.423427917781483e-5
-3.5485485485485486	2.4069658125138092e-5	2.409392863475807e-5
-3.5385385385385386	2.3931275585431793e-5	2.3955082744749258e-5
-3.5285285285285286	2.3794365976965448e-5	2.3817720307593837e-5
-3.5185185185185186	2.365890875794052e-5	2.3681820502704604e-5
-3.5085085085085086	2.3524883750150937e-5	2.3547362887123935e-5
-3.4984984984984986	2.3392271141417287e-5	2.341432738782567e-5
-3.4884884884884886	2.3261051472191946e-5	2.3282694298557278e-5
-3.4784784784784786	2.3131205627226315e-5	2.3152444259942047e-5
-3.4684684684684686	2.3002714829202627e-5	2.3023558256004073e-5
-3.4584584584584586	2.2875560636697328e-5	2.2896017615630616e-5
-3.4484484484484486	2.2749724927309376e-5	2.2769803996429635e-5
-3.4384384384384385	2.2625189898211662e-5	2.264489937704587e-5
-3.4284284284284285	2.2501938059105735e-5	2.252128605247047e-5
-3.4184184184184185	2.2379952218037483e-5	2.2398946632844237e-5
-3.4084084084084085	2.225921548741554e-5	2.2277864027855157e-5
-3.3983983983983985	2.2139711266370263e-5	2.2158021447088036e-5
-3.3883883883883885	2.2021423242498565e-5	2.2039402389516195e-5
-3.3783783783783785	2.190433537991491e-5	2.1921990634021712e-5
-3.3683683683683685	2.1788431919534493e-5	2.180577024533455e-5
-3.3583583583583585	2.1673697367727876e-5	2.1690725561365737e-5
-3.3483483483483485	2.1560116495481132e-5	2.1576841182135897e-5
-3.3383383383383385	2.1447674328494058e-5	2.1464101970591113e-5
-3.3283283283283285	2.133635614776088e-5	2.135249305212227e-5
-3.3183183183183185	2.122614747881953e-5	2.1241999793548832e-5
-3.3083083083083085	2.111703408897173e-5	2.113260781900115e-5
-3.2982982982982985	2.100900198157726e-5	2.1024302982402422e-5
-3.2882882882882885	2.0902037398239427e-5	2.091707138097494e-5
-3.2782782782782784	2.0796126798101226e-5	2.0810899342152852e-5
-3.2682682682682684	2.0691256873465677e-5	2.0705773422836662e-5
-3.2582582582582584	2.058741452718933e-5	2.0601680392307228e-5
-3.2482482482482484	2.0484586881066462e-5	2.049860724860588e-5
-3.2382382382382384	2.038276126755271e-5	2.0396541201732686e-5
-3.2282282282282284	2.0281925219850927e-5	2.0295469660076707e-5
-3.2182182182182184	2.0182066478813432e-5	2.019538025224145e-5
-3.2082082082082084	2.008317298022731e-5	2.0096260798699187e-5
-3.1981981981981984	1.9985232853493204e-5	1.9998099317342637e-5
-3.1881881881881884	1.9888234421326795e-5	1.990088402590464e-5
-3.1781781781781784	1.979216618992168e-5	1.9804603317689737e-5
-3.1681681681681684	1.969701684944337e-5	1.9709245793569018e-5
-3.1581581581581584	1.9602775271404057e-5	1.961480021351781e-5
-3.1481481481481484	1.9509430500842168e-5	1.9521255532519242e-5
-3.1381381381381384	1.94169717573475e-5	1.9428600875163625e-5
-3.1281281281281283	1.9325388429975544e-5	1.933682553749731e-5
-3.118118118118118	1.923467007310585e-5	1.924591898232576e-5
-3.108108108108108	1.9144806404858072e-5	1.9155870846919857e-5
-3.098098098098098	1.9055787302789267e-5	1.9066670916817708e-5
-3.088088088088088	1.896760280223335e-5	1.8978309147947456e-5
-3.078078078078078	1.8880243093981474e-5	1.8890775652656762e-5
-3.068068068068068	1.8793698517176756e-5	1.880406068632439e-5
-3.058058058058058	1.8707959561517472e-5	1.871815466530575e-5
-3.048048048048048	1.862301686290184e-5	1.8633048148778122e-5
-3.038038038038038	1.8538861196563526e-5	1.8548731841944386e-5
-3.028028028028028	1.8455483484467135e-5	1.8465196597034276e-5
-3.018018018018018	1.8372874780498442e-5	1.8382433396275236e-5
-3.008008008008008	1.8291026277313643e-5	1.8300433363588115e-5
-2.997997997997998	1.820992929924517e-5	1.8219187764694515e-5
-2.987987987987988	1.8129575302538334e-5	1.813868797928465e-5
-2.977977977977978	1.804995587025909e-5	1.805892553882572e-5
-2.967967967967968	1.7971062709204418e-5	1.7979892085674545e-5
-2.957957957957958	1.7892887654853088e-5	1.790157939494865e-5
-2.947947947947948	1.7815422660992927e-5	1.7823979363680738e-5
-2.937937937937938	1.773865979955426e-5	1.7747084007912915e-5
-2.9279279279279278	1.7662591262752376e-5	1.7670885463221756e-5
-2.9179179179179178	1.758720935380722e-5	1.7595375982419782e-5
-2.9079079079079078	1.751250649324839e-5	1.7520547931127823e-5
-2.8978978978978978	1.743847521041094e-5	1.7446393785338907e-5
-2.8878878878878878	1.7365108142884398e-5	1.7372906137848653e-5
-2.8778778778778777	1.7292398037179266e-5	1.730007768148798e-5
-2.8678678678678677	1.7220337744018257e-5	1.7227901222834972e-5
-2.8578578578578577	1.7148920219264954e-5	1.715636966778563e-5
-2.8478478478478477	1.707813851697466e-5	1.708547603073261e-5
-2.8378378378378377	1.7007985795382402e-5	1.70152134207992e-5
-2.8278278278278277	1.6938455306832482e-5	1.694557505044582e-5
-2.8178178178178177	1.6869540403549516e-5	1.6876554228538364e-5
-2.8078078078078077	1.6801234532892365e-5	1.680814435785024e-5
-2.7977977977977977	1.673353123108264e-5	1.674033894163458e-5
-2.7877877877877877	1.666642413081745e-5	1.6673131567710032e-5
-2.7777777777777777	1.6599906952567215e-5	1.66065159157443e-5
-2.7677677677677677	1.6533973504912502e-5	1.654048576972748e-5
-2.7577577577577577	1.6468617686026387e-5	1.6475034980938702e-5
-2.7477477477477477	1.6403833479066267e-5	1.64101574954558e-5
-2.7377377377377377	1.6339614946911183e-5	1.6345847348432817e-5
-2.7277277277277276	1.6275956242677956e-5	1.6282098656029443e-5
-2.7177177177177176	1.6212851595414503e-5	1.621890561219485e-5
-2.7077077077077076	1.6150295317411556e-5	1.615626249722526e-5
-2.6976976976976976	1.60882817974196e-5	1.6094163670370817e-5
-2.6876876876876876	1.6026805503902046e-5	1.6032603569279973e-5
-2.6776776776776776	1.596586097963031e-5	1.5971576702067716e-5
-2.6676676676676676	1.5905442842517828e-5	1.5911077661145066e-5
-2.6576576576576576	1.584554578551411e-5	1.585110111276747e-5
-2.6476476476476476	1.578616457442427e-5	1.5791641790510034e-5
-2.6376376376376376	1.5727294045172753e-5	1.5732694500689313e-5
-2.6276276276276276	1.5668929101744328e-5	1.5674254127562123e-5
-2.6176176176176176	1.5611064723673852e-5	1.5616315617542485e-5
-2.6076076076076076	1.5553695951599256e-5	1.555887398921273e-5
-2.5975975975975976	1.5496817897805705e-5	1.550192432867455e-5
-2.5875875875875876	1.5440425738491395e-5	1.544546178548436e-5
-2.5775775775775776	1.5384514713733715e-5	1.5389481579535447e-5
-2.5675675675675675	1.532908012880709e-5	1.5333978990779015e-5
-2.5575575575575575	1.5274117351806007e-5	1.5278949362778026e-5
-2.5475475475475475	1.5219621812095452e-5	1.522438810307303e-5
-2.5375375375375375	1.5165588999444925e-5	1.5170290684082315e-5
-2.5275275275275275	1.5112014465174954e-5	1.5116652627409146e-5
-2.5175175175175175	1.50588938166547e-5	1.5063469530020739e-5
-2.5075075075075075	1.5006222722851436e-5	1.5010737028111534e-5
-2.4974974974974975	1.495399690661622e-5	1.4958450832487453e-5
-2.4874874874874875	1.4902212148207348e-5	1.4906606702273299e-5
-2.4774774774774775	1.4850864284433594e-5	1.4855200452569676e-5
-2.4674674674674675	1.479994920559726e-5	1.4804227958639023e-5
-2.4574574574574575	1.474946285352536e-5	1.4753685141807233e-5
-2.4474474474474475	1.4699401226855518e-5	1.4703567982923896e-5
-2.4374374374374375	1.4649760374307861e-5	1.46538725108969e-5
-2.4274274274274275	1.460053639575926e-5	1.4604594810985294e-5
-2.4174174174174174	1.455172544021585e-5	1.455573101816392e-5
-2.4074074074074074	1.4503323710576028e-5	1.4507277312794956e-5
-2.3973973973973974	1.4455327453997468e-5	1.4459229928876448e-5
-2.3873873873873874	1.4407732969680769e-5	1.4411585148180537e-5
-2.3773773773773774	1.4360536600096998e-5	1.4364339300358468e-5
-2.3673673673673674	1.4313734738877216e-5	1.4317488761077306e-5
-2.3573573573573574	1.4267323824107561e-5	1.427102995706274e-5
-2.3473473473473474	1.422130033772411e-5	1.4224959351960836e-5
-2.3373373373373374	1.4175660808240715e-5	1.4179273464146751e-5
-2.3273273273273274	1.4130401808162153e-5	1.4133968844318391e-5
-2.3173173173173174	1.4085519953149644e-5	1.4089042103425239e-5
-2.3073073073073074	1.4041011901139179e-5	1.4044489885184042e-5
-2.2972972972972974	1.3996874352675834e-5	1.4000308871669813e-5
-2.2872872872872874	1.3953104050050819e-5	1.3956495795668914e-5
-2.2772772772772774	1.3909697776780956e-5	1.3913047427681137e-5
-2.2672672672672673	1.3866652355768823e-5	1.3869960578336432e-5
-2.2572572572572573	1.3823964650154374e-5	1.3827232099373209e-5
-2.2472472472472473	1.3781631562593747e-5	1.3784858881035673e-5
-2.2372372372372373	1.3739650034871816e-5	1.3742837853642916e-5
-2.2272272272272273	1.3698017045740277e-5	1.3701165984592846e-5
-2.2172172172172173	1.3656729611543777e-5	1.3659840278447596e-5
-2.2072072072072073	1.3615784786016616e-5	1.3618857781729763e-5
-2.1971971971971973	1.3575179660940279e-5	1.357821557044482e-5
-2.1871871871871873	1.3534911361181632e-5	1.3537910762542973e-5
-2.1771771771771773	1.349497704999004e-5	1.349794050539577e-5
-2.1671671671671673	1.345537392177976e-5	1.3458301993877273e-5
-2.1571571571571573	1.3416099209680305e-5	1.3418992443739768e-5
-2.1471471471471473	1.3377150178430509e-5	1.3380009113263357e-5
-2.1371371371371373	1.3338524127253248e-5	1.3341349289122743e-5
-2.1271271271271273	1.330021838669519e-5	1.330301029452266e-5
-2.1171171171171173	1.326223032393849e-5	1.3264989486334754e-5
-2.1071071071071072	1.3224557333144988e-5	1.3227284254780132e-5
-2.0970970970970972	1.3187196843116152e-5	1.318989201428736e-5
-2.0870870870870872	1.3150146314572269e-5	1.3152810218626535e-5
-2.0770770770770772	1.3113403237221406e-5	1.3116036351364201e-5
-2.067067067067067	1.3076965131962867e-5	1.3079567922936929e-5
-2.057057057057057	1.3040829551129751e-5	1.304340247627369e-5
-2.047047047047047	1.300499407326651e-5	1.3007537587812432e-5
-2.037037037037037	1.2969456310215413e-5	1.2971970855525123e-5
-2.027027027027027	1.293421389936515e-5	1.2936699912839736e-5
-2.017017017017017	1.2899264508278275e-5	1.2901722417514805e-5
-2.007007007007007	1.2864605832443446e-5	1.2867036060808215e-5
-1.996996996996997	1.2830235593755448e-5	1.2832638556461275e-5
-1.986986986986987	1.2796151543597415e-5	1.2798527647555003e-5
-1.976976976976977	1.2762351458946872e-5	1.2764701105565334e-5
-1.966966966966967	1.2728833143079333e-5	1.273115672284331e-5
-1.956956956956957	1.2695594426192196e-5	1.2697892330973547e-5
-1.946946946946947	1.2662633164149425e-5	1.2664905773727279e-5
-1.936936936936937	1.2629947237857098e-5	1.2632194929292658e-5
-1.926926926926927	1.259753455591476e-5	1.2599757695392206e-5
-1.916916916916917	1.2565393048118128e-5	1.256759199934103e-5
-1.906906906906907	1.253352067248463e-5	1.2535695792257773e-5
-1.896896896896897	1.2501915407080622e-5	1.2504067044964923e-5
-1.8868868868868869	1.2470575258920515e-5	1.2472703760166584e-5
-1.8768768768768769	1.2439498254412295e-5	1.2441603959534736e-5
-1.8668668668668669	1.2408682446349913e-5	1.2410765690387842e-5
-1.8568568568568569	1.2378125907677988e-5	1.238018701802122e-5
-1.8468468468468469	1.2347826736538255e-5	1.234986603606741e-5
-1.8368368368368369	1.2317783053426804e-5	1.2319800858622008e-5
-1.8268268268268268	1.2287992999293873e-5	1.2289989626079215e-5
-1.8168168168168168	1.2258454737373326e-5	1.2260430492183357e-5
-1.8068068068068068	1.2229166456197581e-5	1.223112164350755e-5
-1.7967967967967968	1.2200126358125416e-5	1.2202061276793038e-5
-1.7867867867867868	1.217133267449511e-5	1.2173247614787471e-5
-1.7767767767767768	1.2142783652403767e-5	1.2144678905935612e-5
-1.7667667667667668	1.2114477562950398e-5	1.2116353410663502e-5
-1.7567567567567568	1.2086412694282796e-5	1.2088269418780824e-5
-1.7467467467467468	1.2058587356673932e-5	1.2060425232783272e-5
-1.7367367367367368	1.2030999880087843e-5	1.2032819180810846e-5
-1.7267267267267268	1.2003648612246559e-5	1.2005449600395587e-5
-1.7167167167167168	1.1976531922996205e-5	1.1978314864537844e-5
-1.7067067067067068	1.194964820037357e-5	1.195141335167906e-5
-1.6966966966966968	1.1922995849534294e-5	1.1924743467022516e-5
-1.6866866866866868	1.189657329720482e-5	1.1898303631239882e-5
-1.6766766766766767	1.1870378985676678e-5	1.1872092282449312e-5
-1.6666666666666667	1.1844411378693311e-5	1.184610788115195e-5
-1.6566566566566567	1.181866895387052e-5	1.1820348901588878e-5
-1.6466466466466467	1.1793150209802704e-5	1.179481383777662e-5
-1.6366366366366367	1.176785366138083e-5	1.1769501202934717e-5
-1.6266266266266267	1.174277784248331e-5	1.174440952588288e-5
-1.6166166166166167	1.1717921300927715e-5	1.1719537352428867e-5
-1.6066066066066067	1.16932826051322e-5	1.1694883244854657e-5
-1.5965965965965967	1.1668860337712234e-5	1.1670445785294981e-5
-1.5865865865865867	1.1644653098607998e-5	1.1646223567189338e-5
-1.5765765765765767	1.162065950539586e-5	1.1622215206876001e-5
-1.5665665665665667	1.1596878189403315e-5	1.1598419334458417e-5
-1.5565565565565564	1.1573307799621874e-5	1.1574834592842647e-5
-1.5465465465465464	1.1549947001231668e-5	1.1551459645934943e-5
-1.5365365365365364	1.1526794472861579e-5	1.1528293168227103e-5
-1.5265265265265264	1.1503848911059603e-5	1.1505333854843311e-5
-1.5165165165165164	1.1481109026871375e-5	1.1482580410459818e-5
-1.5065065065065064	1.1458573546581576e-5	1.1460031562879076e-5
-1.4964964964964964	1.1436241210257726e-5	1.1437686047431421e-5
-1.4864864864864864	1.1414110774860184e-5	1.1415542617865911e-5
-1.4764764764764764	1.1392181009314195e-5	1.1393600041034905e-5
-1.4664664664664664	1.1370450698928874e-5	1.137185710119163e-5
-1.4564564564564564	1.1348918643245802e-5	1.1350312593964968e-5
-1.4464464464464464	1.1327583655380213e-5	1.1328965325823372e-5
-1.4364364364364364	1.1306444562978759e-5	1.1307814128492081e-5
-1.4264264264264264	1.1285500206591342e-5	1.128685783722291e-5
-1.4164164164164164	1.126474944048078e-5	1.126609530285289e-5
-1.4064064064064064	1.1244191134458102e-5	1.1245525394751276e-5
-1.3963963963963963	1.1223824168737384e-5	1.1225146991524716e-5
-1.3863863863863863	1.120364744021661e-5	1.1204958984581857e-5
-1.3763763763763763	1.1183659855477738e-5	1.1184960279346548e-5
-1.3663663663663663	1.1163860335973573e-5	1.1165149795073403e-5
-1.3563563563563563	1.1144247816223321e-5	1.1145526466444467e-5
-1.3463463463463463	1.1124821241090371e-5	1.1126089234156565e-5
-1.3363363363363363	1.1105579572619622e-5	1.1106837058791987e-5
-1.3263263263263263	1.1086521780306575e-5	1.1087768905939006e-5
-1.3163163163163163	1.1067646848997584e-5	1.1068883762421988e-5
-1.3063063063063063	1.1048953773630605e-5	1.1050180616160389e-5
-1.2962962962962963	1.1030441564753274e-5	1.1031658477930809e-5
-1.2862862862862863	1.1012109240182034e-5	1.10133163665002e-5
-1.2762762762762763	1.0993955833063851e-5	1.099515331166881e-5
-1.2662662662662663	1.097598038733122e-5	1.0977168351797953e-5
-1.2562562562562563	1.0958181957462492e-5	1.095936054327756e-5
-1.2462462462462462	1.0940559610243777e-5	1.094172895008776e-5
-1.2362362362362362	1.0923112423391673e-5	1.092427264865757e-5
-1.2262262262262262	1.0905839487914659e-5	1.0906990726539643e-5
-1.2162162162162162	1.0888739902941763e-5	1.0889882283127474e-5
-1.2062062062062062	1.0871812780219323e-5	1.0872946429398282e-5
-1.1961961961961962	1.0855057241535026e-5	1.0856182281820603e-5
-1.1861861861861862	1.0838472421386079e-5	1.0839588974948701e-5
-1.1761761761761762	1.0822057462265405e-5	1.0823165652062733e-5
-1.1661661661661662	1.0805811518148263e-5	1.0806911464726607e-5
-1.1561561561561562	1.0789733757413625e-5	1.0790825577141233e-5
-1.1461461461461462	1.0773823352753049e-5	1.0774907158844356e-5
-1.1361361361361362	1.0758079489254191e-5	1.0759155402499125e-5
-1.1261261261261262	1.0742501364153434e-5	1.0743569496672517e-5
-1.1161161161161162	1.0727088183504214e-5	1.0728148646339227e-5
-1.1061061061061062	1.0711839163643512e-5	1.0712892067669474e-5
-1.0960960960960962	1.0696753529265952e-5	1.0697798983044576e-5
-1.0860860860860861	1.068183051692104e-5	1.0682868631086546e-5
-1.0760760760760761	1.0667069371582482e-5	1.0668100251610199e-5
-1.0660660660660661	1.0652469350067265e-5	1.0653493101211235e-5
-1.0560560560560561	1.0638029715328953e-5	1.0639046441671022e-5
-1.0460460460460461	1.0623749742797834e-5	1.0624759549289977e-5
-1.0360360360360361	1.0609628716437535e-5	1.0610631702556431e-5
-1.026026026026026	1.0595665927829074e-5	1.059666219434089e-5
-1.016016016016016	1.0581860680735662e-5	1.0582850327864792e-5
-1.006006006006006	1.0568212285727401e-5	1.0569195410635913e-5
-0.995995995995996	1.0554720064389502e-5	1.0555696763604483e-5
-0.985985985985986	1.0541383343887356e-5	1.0542353715226978e-5
-0.975975975975976	1.0528201465182099e-5	1.05291656022043e-5
-0.965965965965966	1.051517377414318e-5	1.0516131770465494e-5
-0.955955955955956	1.0502299627027374e-5	1.050325157675282e-5
-0.9459459459459459	1.0489578389847951e-5	1.0490524383796508e-5
-0.9359359359359359	1.0477009434856598e-5	1.0477949562927691e-5
-0.9259259259259259	1.0464592144505126e-5	1.0465526495453685e-5
-0.9159159159159159	1.045232590872567e-5	1.0453254572120535e-5
-0.9059059059059059	1.0440210127817537e-5	1.0441133191257955e-5
-0.8958958958958959	1.0428244206996207e-5	1.0429161757791751e-5
-0.8858858858858859	1.041642756420119e-5	1.041733968714596e-5
-0.8758758758758759	1.0404759621334686e-5	1.0405666400820264e-5
-0.8658658658658659	1.0393239811555539e-5	1.0394141331068067e-5
-0.8558558558558559	1.0381867573936368e-5	1.0382763918944361e-5
-0.8458458458458459	1.0370642358636511e-5	1.0371533609858453e-5
-0.8358358358358359	1.035956361919182e-5	1.036044985801321e-5
-0.8258258258258259	1.034863082206605e-5	1.0349512127569654e-5
-0.8158158158158159	1.0337843436428619e-5	1.0338719890544537e-5
-0.8058058058058059	1.0327200945223807e-5	1.0328072625062463e-5
-0.7957957957957958	1.0316702834535411e-5	1.0317569816004598e-5
-0.7857857857857858	1.0306348598954254e-5	1.0307210963176334e-5
-0.7757757757757757	1.0296137741648097e-5	1.029699556382126e-5
-0.7657657657657657	1.02860697735847e-5	1.0286923129109955e-5
-0.7557557557557557	1.0276144213114272e-5	1.0276993174030777e-5
-0.7457457457457457	1.0266360583014607e-5	1.026720522783569e-5
-0.7357357357357357	1.0256718419254782e-5	1.0257558819491474e-5
-0.7257257257257257	1.0247217261015905e-5	1.0248053489704552e-5
-0.7157157157157157	1.0237856655066159e-5	1.0238688784357093e-5
-0.7057057057057057	1.022863615750914e-5	1.0229464258348146e-5
-0.6956956956956957	1.0219555329240343e-5	1.0220379472766873e-5
-0.6856856856856857	1.0210613740672654e-5	1.0211433996990554e-5
-0.6756756756756757	1.0201810968252309e-5	1.0202627406173073e-5
-0.6656656656656657	1.0193146593928877e-5	1.0193959283213147e-5
-0.6556556556556556	1.0184620209866452e-5	1.0185429219526332e-5
-0.6456456456456456	1.0176231413424676e-5	1.0177036809564585e-5
-0.6356356356356356	1.0167979808642145e-5	1.016878165893686e-5
-0.6256256256256256	1.015986500806409e-5	1.0160663378622079e-5
-0.6156156156156156	1.0151886627858703e-5	1.0152681585644997e-5
-0.6056056056056056	1.0144044295072037e-5	1.0144835905739778e-5
-0.5955955955955956	1.0136337641830633e-5	1.013712596972055e-5
-0.5855855855855856	1.0128766305798182e-5	1.012955141466105e-5
-0.5755755755755756	1.012132993334769e-5	1.0122111886686348e-5
-0.5655655655655656	1.0114028177226921e-5	1.0114807038374957e-5
-0.5555555555555556	1.0106860693819761e-5	1.0107636527723362e-5
-0.5455455455455456	1.009982715157147e-5	1.0100600020446728e-5
-0.5355355355355356	1.0092927220341168e-5	1.0093697184341862e-5
-0.5255255255255256	1.0086160579707546e-5	1.0086927700245584e-5
-0.5155155155155156	1.0079526915179879e-5	1.0080291253624588e-5
-0.5055055055055055	1.0073025917170204e-5	1.0073787534158475e-5
-0.4954954954954955	1.0066657284863743e-5	1.0067416240794118e-5
-0.4854854854854855	1.0060420722936819e-5	1.0061177076623064e-5
-0.4754754754754755	1.0054315940875657e-5	1.0055069752910261e-5
-0.46546546546546547	1.0048342656664271e-5	1.0049093986017418e-5
-0.45545545545545546	1.0042500594463109e-5	1.0043249497703746e-5
-0.44544544544544545	1.0036789484154392e-5	1.0037536021386662e-5
-0.43543543543543545	1.003120905978811e-5	1.0031953287335129e-5
-0.42542542542542544	1.002575906556632e-5	1.0026501043145748e-5
-0.41541541541541543	1.0020439250513031e-5	1.0021179031705593e-5
-0.40540540540540543	1.0015249368468032e-5	1.0015987012080938e-5
-0.3953953953953954	1.0010189180489478e-5	1.0010924742742676e-5
-0.38538538538538536	1.0005258453881233e-5	1.0005991990743011e-5
-0.37537537537537535	1.0000456961361909e-5	1.0001188530665032e-5
-0.36536536536536535	9.995784483742898e-6	9.996514138505293e-6
-0.35535535535535534	9.991240805336625e-6	9.991968601526325e-6
-0.34534534534534533	9.986825717294929e-6	9.987551708212186e-6
-0.3353353353353353	9.982539017234742e-6	9.98326325989383e-6
-0.3253253253253253	9.978380510245625e-6	9.979103055227813e-6
-0.3153153153153153	9.974350003855342e-6	9.9750709090342e-6
-0.3053053053053053	9.970447314376482e-6	9.971166632548263e-6
-0.2952952952952953	9.966672263305718e-6	9.967390046806902e-6
-0.2852852852852853	9.963024677350234e-6	9.963740980459768e-6
-0.2752752752752753	9.959504390939359e-6	9.96021926585049e-6
-0.2652652652652653	9.95611124225626e-6	9.956824743473617e-6
-0.2552552552552553	9.952845076204509e-6	9.953557256294524e-6
-0.24524524524524524	9.949705745209325e-6	9.950416655442437e-6
-0.23523523523523523	9.94669310486882e-6	9.947402797831076e-6
-0.22522522522522523	9.943807018759463e-6	9.944515547006366e-6
-0.21521521521521522	9.941047353757695e-6	9.941754769013482e-6
-0.20520520520520522	9.938413985299765e-6	9.939120339078223e-6
-0.19519519519519518	9.93590679370921e-6	9.93661213675599e-6
-0.18518518518518517	9.933525663690081e-6	9.93423005126646e-6
-0.17517517517517517	9.931270488770927e-6	9.931973966880723e-6
-0.16516516516516516	9.92914116447539e-6	9.929843787924747e-6
-0.15515515515515516	9.927137594333437e-6	9.927839411521215e-6
-0.14514514514514515	9.925259687831569e-6	9.925960752250396e-6
-0.13513513513513514	9.923507360660398e-6	9.924207721905598e-6
-0.12512512512512514	9.921880530793087e-6	9.922580238421693e-6
-0.11511511511511512	9.9203791263993e-6	9.92107823147225e-6
-0.10510510510510511	9.919003077051127e-6	9.919701633108163e-6
-0.09509509509509509	9.917752322754231e-6	9.91845037603777e-6
-0.08508508508508508	9.91662680472646e-6	9.917324408375651e-6
-0.07507507507507508	9.915626473439418e-6	9.91632367525778e-6
-0.06506506506506507	9.914751283180476e-6	9.915448134291512e-6
-0.055055055055055056	9.914001193113991e-6	9.914697745497722e-6
-0.04504504504504504	9.913376170292386e-6	9.914072473002678e-6
-0.035035035035035036	9.912876185955483e-6	9.913572288103627e-6
-0.025025025025025027	9.912501217331907e-6	9.913197170184064e-6
-0.015015015015015015	9.912251248280464e-6	9.912947100140172e-6
-0.005005005005005005	9.912126266551865e-6	9.912822067965014e-6
0.005005005005005005	9.912126266551867e-6	9.912822067298726e-6
0.015015015015015015	9.912251248058428e-6	9.912947099918009e-6
0.025025025025025027	9.912501217109869e-6	9.913197169295742e-6
0.035035035035035036	9.9128761867326e-6	9.913572287436773e-6
0.04504504504504504	9.91337617040335e-6	9.914072471892322e-6
0.055055055055055056	9.914001192781005e-6	9.914697745052486e-6
0.06506506506506507	9.914751283291377e-6	9.915448134623762e-6
0.07507507507507508	9.91562647366144e-6	9.916323676257832e-6
0.08508508508508508	9.916626804837762e-6	9.917324407484166e-6
0.09509509509509509	9.917752322532008e-6	9.918450375371095e-6
0.10510510510510511	9.919003077495054e-6	9.919701631107925e-6
0.11511511511511512	9.92037912628847e-6	9.921078232025208e-6
0.12512512512512514	9.921880531237348e-6	9.922580240307319e-6
0.13513513513513514	9.92350736077131e-6	9.924207720237719e-6
0.14514514514514515	9.925259688719685e-6	9.925960751802751e-6
0.15515515515515516	9.927137594333913e-6	9.927839411408234e-6
0.16516516516516516	9.929141164809018e-6	9.929843787259928e-6
0.17517517517517517	9.931270488548472e-6	9.931973967655533e-6
0.18518518518518517	9.933525664023399e-6	9.934230049040444e-6
0.19519519519519518	9.93590679370893e-6	9.936612137418333e-6
0.20520520520520522	9.938413984967103e-6	9.939120339079915e-6
0.21521521521521522	9.94104735409102e-6	9.941754767896747e-6
0.22522522522522523	9.943807018315497e-6	9.944515545333151e-6
0.23523523523523523	9.946693105757435e-6	9.947402796491733e-6
0.24524524524524524	9.949705745319907e-6	9.950416655437179e-6
0.2552552552552553	9.952845076426059e-6	9.95355725584334e-6
0.2652652652652653	9.956111241923087e-6	9.956824742241324e-6
0.2752752752752753	9.959504390050728e-6	9.960219266397564e-6
0.2852852852852853	9.963024677127482e-6	9.963740980450655e-6
0.2952952952952953	9.966672263083098e-6	9.967390046805265e-6
0.3053053053053053	9.97044731415489e-6	9.97116663187487e-6
0.3153153153153153	9.974350004077553e-6	9.975070908360421e-6
0.3253253253253253	9.978380510023369e-6	9.9791030549874e-6
0.3353353353353353	9.982539017457335e-6	9.983263257662329e-6
0.34534534534534533	9.986825717295512e-6	9.987551708197623e-6
0.35535535535535534	9.991240805115926e-6	9.991968601745232e-6
0.36536536536536535	9.995784484076585e-6	9.996514137161912e-6
0.37537537537537535	1.00004569620272e-5	1.0001188530654197e-5
0.38538538538538536	1.000525845388144e-5	1.0005991990409663e-5
0.3953953953953954	1.0010189180156985e-5	1.0010924741270447e-5
0.40540540540540543	1.001524936879894e-5	1.0015987010073486e-5
0.41541541541541543	1.0020439250846591e-5	1.0021179032033423e-5
0.42542542542542544	1.0025759065788676e-5	1.0026501042701535e-5
0.43543543543543545	1.0031209059676322e-5	1.0031953286986653e-5
0.44544544544544545	1.0036789483713367e-5	1.0037536019143961e-5
0.45545545545545546	1.0042500594352222e-5	1.0043249498675921e-5
0.46546546546546547	1.0048342656776354e-5	1.0049093984896778e-5
0.4754754754754755	1.0054315940983449e-5	1.0055069752890085e-5
0.4854854854854855	1.0060420722826186e-5	1.0061177077268729e-5
0.4954954954954955	1.0066657285309894e-5	1.0067416239761646e-5
0.5055055055055055	1.0073025917393203e-5	1.0073787534136401e-5
0.5155155155155156	1.007952691539962e-5	1.0080291253270072e-5
0.5255255255255256	1.0086160579706605e-5	1.0086927699106595e-5
0.5355355355355356	1.0092927220120348e-5	1.0093697182315022e-5
0.5455455455455456	1.0099827151348824e-5	1.0100600018527415e-5
0.5555555555555556	1.0106860693153385e-5	1.0107636527364144e-5
0.5655655655655656	1.0114028177114198e-5	1.0114807037785322e-5
0.5755755755755756	1.0121329933681809e-5	1.0122111888329567e-5
0.5855855855855856	1.012876630568741e-5	1.012955141529051e-5
0.5955955955955956	1.0136337641164465e-5	1.0137125968685947e-5
0.6056056056056056	1.0144044295406139e-5	1.0144835904485597e-5
0.6156156156156156	1.0151886627304285e-5	1.0152681586158714e-5
0.6256256256256256	1.0159865007176317e-5	1.0160663379480004e-5
0.6356356356356356	1.016797980908713e-5	1.0168781659885938e-5
0.6456456456456456	1.0176231413313803e-5	1.017703681218419e-5
0.6556556556556556	1.0184620209974476e-5	1.018542921980607e-5
0.6656656656656657	1.0193146594149912e-5	1.019395928374493e-5
0.6756756756756757	1.020181096791804e-5	1.0202627408329942e-5
0.6856856856856857	1.0210613740002209e-5	1.0211433999037923e-5
0.6956956956956957	1.0219555329570628e-5	1.0220379473258259e-5
0.7057057057057057	1.0228636157394777e-5	1.0229464259293024e-5
0.7157157157157157	1.0237856654288002e-5	1.0238688783936583e-5
0.7257257257257257	1.0247217260463213e-5	1.0248053488865984e-5
0.7357357357357357	1.0256718419029917e-5	1.0257558819629419e-5
0.7457457457457457	1.0266360583677168e-5	1.026720522865413e-5
0.7557557557557557	1.0276144212110467e-5	1.0276993175378381e-5
0.7657657657657657	1.028606977369649e-5	1.0286923128708373e-5
0.7757757757757757	1.0296137741646955e-5	1.029699556374406e-5
0.7857857857857858	1.0306348599169497e-5	1.0307210964320403e-5
0.7957957957957958	1.0316702834422657e-5	1.0317569818704108e-5
0.8058058058058059	1.032720094533239e-5	1.0328072627656166e-5
0.8158158158158159	1.0337843437087678e-5	1.033871989123571e-5
0.8258258258258259	1.034863082172695e-5	1.0349512128467223e-5
0.8358358358358359	1.0359563619408129e-5	1.0360449858928518e-5
0.8458458458458459	1.0370642357745985e-5	1.0371533610101688e-5
0.8558558558558559	1.0381867574485181e-5	1.0382763922849422e-5
0.8658658658658659	1.0393239810998572e-5	1.0394141334950337e-5
0.8758758758758759	1.0404759621102659e-5	1.0405666402818976e-5
0.8858858858858859	1.0416427563530826e-5	1.0417339689240602e-5
0.8958958958958959	1.0428244207544141e-5	1.0429161758875076e-5
0.9059059059059059	1.044021012725365e-5	1.0441133192343916e-5
0.9159159159159159	1.045232590904769e-5	1.0453254575884776e-5
0.9259259259259259	1.0464592144607885e-5	1.0465526500204436e-5
0.9359359359359359	1.0477009435624065e-5	1.047794956633024e-5
0.9459459459459459	1.048957839039087e-5	1.049052438808846e-5
0.955955955955956	1.0502299627793209e-5	1.050325157995035e-5
0.965965965965966	1.0515173774246773e-5	1.0516131774390149e-5
0.975975975975976	1.0528201465388737e-5	1.0529165606591354e-5
0.985985985985986	1.0541383343991265e-5	1.0542353718060449e-5
0.995995995995996	1.055472006327071e-5	1.0555696769184658e-5
1.006006006006006	1.0568212286160423e-5	1.0569195414896948e-5
1.016016016016016	1.0581860681165926e-5	1.058285033310254e-5
1.026026026026026	1.059566592814877e-5	1.0596662200481612e-5
1.0360360360360361	1.0609628716090091e-5	1.0610631707309895e-5
1.0460460460460461	1.0623749742900747e-5	1.062475955347725e-5
1.0560560560560561	1.063802971586828e-5	1.063904645033301e-5
1.0660660660660661	1.0652469349376254e-5	1.0653493109199823e-5
1.0760760760760761	1.066706937156985e-5	1.0668100259353112e-5
1.0860860860860861	1.0681830516461225e-5	1.0682868636243657e-5
1.0960960960960962	1.0696753529023875e-5	1.0697798990559628e-5
1.1061061061061062	1.0711839162846329e-5	1.07128920760471e-5
1.1161161161161162	1.072708818347967e-5	1.0728148656841343e-5
1.1261261261261262	1.0742501364469765e-5	1.0743569507838729e-5
1.1361361361361362	1.075807948945721e-5	1.0759155412175506e-5
1.1461461461461462	1.0773823352181235e-5	1.0774907171550108e-5
1.1561561561561562	1.0789733756839857e-5	1.0790825585809538e-5
1.1661661661661662	1.0805811519123338e-5	1.080691147807236e-5
1.1761761761761762	1.0822057462233015e-5	1.082316566115083e-5
1.1861861861861862	1.0838472421141142e-5	1.0839588988781498e-5
1.1961961961961962	1.0855057241838036e-5	1.0856182294530466e-5
1.2062062062062062	1.087181277975185e-5	1.087294644341424e-5
1.2162162162162162	1.0888739902798293e-5	1.0889882296078073e-5
1.2262262262262262	1.090583948810136e-5	1.0906990738306455e-5
1.2362362362362362	1.0923112424794389e-5	1.0924272664253554e-5
1.2462462462462462	1.094055961042575e-5	1.0941728964948216e-5
1.2562562562562563	1.0958181957539702e-5	1.0959360559334416e-5
1.2662662662662663	1.0975980388071941e-5	1.0977168368361235e-5
1.2762762762762763	1.0993955834023136e-5	1.0995153325604673e-5
1.2862862862862863	1.1012109240692656e-5	1.101331638716524e-5
1.2962962962962963	1.1030441564706789e-5	1.1031658499932835e-5
1.3063063063063063	1.1048953773911524e-5	1.1050180639136418e-5
1.3163163163163163	1.1067646848828448e-5	1.1068883784511145e-5
1.3263263263263263	1.1086521781035901e-5	1.108776893136078e-5
1.3363363363363363	1.1105579573226825e-5	1.1106837085015848e-5
1.3463463463463463	1.11248212418098e-5	1.1126089261004907e-5
1.3563563563563563	1.1144247816826566e-5	1.1145526491061186e-5
1.3663663663663663	1.1163860336347587e-5	1.1165149824981413e-5
1.3763763763763763	1.1183659856069256e-5	1.1184960308704969e-5
1.3863863863863863	1.1203647440807248e-5	1.120495901638723e-5
1.3963963963963963	1.122382416955236e-5	1.1225147024903572e-5
1.4064064064064064	1.124419113492842e-5	1.1245525431508217e-5
1.4164164164164164	1.1264749441837335e-5	1.1266095339907424e-5
1.4264264264264264	1.1285500206391115e-5	1.1286857872889539e-5
1.4364364364364364	1.1306444563323418e-5	1.130781416991669e-5
1.4464464464464464	1.1327583656610103e-5	1.1328965369263263e-5
1.4564564564564564	1.1348918644467466e-5	1.1350312633133638e-5
1.4664664664664664	1.1370450699259412e-5	1.13718571488056e-5
1.4764764764764764	1.1392181009532746e-5	1.1393600087590937e-5
1.4864864864864864	1.1414110774965946e-5	1.1415542666828593e-5
1.4964964964964964	1.1436241211134493e-5	1.1437686099939214e-5
1.5065065065065064	1.1458573547113385e-5	1.1460031620082807e-5
1.5165165165165164	1.1481109027952743e-5	1.1482580465010017e-5
1.5265265265265264	1.1503848912234944e-5	1.150533391429988e-5
1.5365365365365364	1.1526794473042373e-5	1.1528293233100547e-5
1.5465465465465464	1.1549947000962188e-5	1.1551459704962302e-5
1.5565565565565564	1.1573307800678604e-5	1.15748346590648e-5
1.5665665665665667	1.1596878190002914e-5	1.1598419405650588e-5
1.5765765765765767	1.1620659506203439e-5	1.162221528239091e-5
1.5865865865865867	1.1644653100745257e-5	1.1646223643384487e-5
1.5965965965965967	1.1668860339172778e-5	1.1670445864395636e-5
1.6066066066066067	1.1693282606912535e-5	1.169488332756038e-5
1.6166166166166167	1.1717921301812085e-5	1.171953744099556e-5
1.6266266266266267	1.1742777843239552e-5	1.1744409615614868e-5
1.6366366366366367	1.176785366324416e-5	1.1769501300403524e-5
1.6466466466466467	1.1793150211552193e-5	1.1794813936751378e-5
1.6566566566566567	1.1818668955709975e-5	1.1820349008322416e-5
1.6666666666666667	1.1844411379849355e-5	1.1846107989692636e-5
1.6766766766766767	1.1870378987603437e-5	1.1872092395867908e-5
1.6866866866866868	1.1896573299232978e-5	1.18983037552936e-5
1.6966966966966968	1.1922995851538328e-5	1.1924743589047185e-5
1.7067067067067068	1.1949648202022851e-5	1.1951413484277677e-5
1.7167167167167168	1.197653192508958e-5	1.1978314999711935e-5
1.7267267267267268	1.200364861386491e-5	1.2005449747096298e-5
1.7367367367367368	1.2030999881581947e-5	1.2032819325618523e-5
1.7467467467467468	1.205858735826079e-5	1.2060425386674619e-5
1.7567567567567568	1.2086412695967777e-5	1.2088269580803298e-5
1.7667667667667668	1.2114477565062641e-5	1.2116353583712421e-5
1.7767767767767768	1.2142783654714798e-5	1.2144679083690386e-5
1.7867867867867868	1.2171332676905159e-5	1.217324779933933e-5
1.7967967967967968	1.2200126360283113e-5	1.2202061465161206e-5
1.8068068068068068	1.2229166457658808e-5	1.2231121846058454e-5
1.8168168168168168	1.2258454740472937e-5	1.2260430700826095e-5
1.8268268268268268	1.228799300136703e-5	1.2289989843774426e-5
1.8368368368368369	1.2317783055591465e-5	1.2319801088476785e-5
1.8468468468468469	1.2347826739545869e-5	1.2349866272585025e-5
1.8568568568568569	1.237812591044973e-5	1.2380187268456994e-5
1.8668668668668669	1.2408682449296432e-5	1.2410765952180623e-5
1.8768768768768769	1.2439498257434307e-5	1.2441604235299433e-5
1.8868868868868869	1.247057526215183e-5	1.24727040413853e-5
1.896896896896897	1.2501915410169935e-5	1.250406733920294e-5
1.906906906906907	1.2533520675089051e-5	1.253569609864373e-5
1.916916916916917	1.2565393052111809e-5	1.2567592318957574e-5
1.926926926926927	1.2597534559553901e-5	1.2599758030590677e-5
1.936936936936937	1.2629947241335209e-5	1.2632195270495883e-5
1.946946946946947	1.2662633167713648e-5	1.2664906138316751e-5
1.956956956956957	1.2695594429357372e-5	1.269789270842522e-5
1.966966966966967	1.2728833146413407e-5	1.2731157116275038e-5
1.976976976976977	1.2762351462232887e-5	1.2764701512840398e-5
1.986986986986987	1.2796151547713749e-5	1.279852807117201e-5
1.996996996996997	1.2830235598718717e-5	1.2832639000989084e-5
2.007007007007007	1.2864605837121212e-5	1.2867036518523822e-5
2.017017017017017	1.2899264513783737e-5	1.2901722898376595e-5
2.027027027027027	1.2934213904582124e-5	1.2936700414891494e-5
2.037037037037037	1.296945631471052e-5	1.2971971376774222e-5
2.047047047047047	1.3004994078911592e-5	1.300753812817368e-5
2.057057057057057	1.3040829556366732e-5	1.304340304368052e-5
2.067067067067067	1.3076965137907245e-5	1.3079568511363641e-5
2.0770770770770772	1.3113403243087016e-5	1.3116036967731947e-5
2.0870870870870872	1.315014632035857e-5	1.315281085924568e-5
2.0970970970970972	1.3187196849605026e-5	1.3189892677367051e-5
2.1071071071071072	1.3224557339635163e-5	1.322728494690709e-5
2.1171171171171173	1.3262230329913551e-5	1.326499021238438e-5
2.1271271271271273	1.3300218393881973e-5	1.3303011044759506e-5
2.1371371371371373	1.3338524134020657e-5	1.3341350065182295e-5
2.1471471471471473	1.3377150185196294e-5	1.3380009927752951e-5
2.1571571571571573	1.3416099217448173e-5	1.3418993288658961e-5
2.1671671671671673	1.3455373929435305e-5	1.345830287221466e-5
2.1771771771771773	1.3494977056757939e-5	1.349794142915429e-5
2.1871871871871873	1.3534911369818718e-5	1.353791171755126e-5
2.1971971971971973	1.3575179669559046e-5	1.3578216567899755e-5
2.2072072072072073	1.3615784795266722e-5	1.3618858814539314e-5
2.2172172172172173	1.3656729619872245e-5	1.365984135262614e-5
2.2272272272272273	1.369801705425268e-5	1.3701167107613134e-5
2.2372372372372373	1.3739650043998645e-5	1.3742839021509771e-5
2.2472472472472473	1.3781631572234712e-5	1.3784860092901415e-5
2.2572572572572573	1.3823964660294078e-5	1.3827233358708359e-5
2.2672672672672673	1.3866652365506395e-5	1.386996189381674e-5
2.2772772772772774	1.3909697787443853e-5	1.3913048791884867e-5
2.2872872872872874	1.3953104061280924e-5	1.3956497217327442e-5
2.2972972972972974	1.3996874363625835e-5	1.4000310346976723e-5
2.3073073073073074	1.4041011912637684e-5	1.4044491421172987e-5
2.3173173173173174	1.4085519964764972e-5	1.408904370713767e-5
2.3273273273273274	1.41304018203081e-5	1.4133970509316017e-5
2.3373373373373374	1.4175660820593098e-5	1.4179275193789244e-5
2.3473473473473474	1.422130034984951e-5	1.4224961150524353e-5
2.3573573573573574	1.4267323836847336e-5	1.4271031827638562e-5
2.3673673673673674	1.4313734753466067e-5	1.4317490711966856e-5
2.3773773773773774	1.4360536614156808e-5	1.4364341318665095e-5
2.3873873873873874	1.4407732983886895e-5	1.4411587256413421e-5
2.3973973973973974	1.445532746988451e-5	1.4459232112226429e-5
2.4074074074074074	1.450332372661036e-5	1.4507279590552503e-5
2.4174174174174174	1.4551725457003015e-5	1.4555733385480748e-5
2.4274274274274275	1.4600536411981549e-5	1.4604597278669436e-5
2.4374374374374375	1.4649760391358384e-5	1.4653875076619197e-5
2.4474474474474475	1.4699401244876417e-5	1.4703570649065138e-5
2.4574574574574575	1.4749462872230888e-5	1.4753687908417957e-5
2.4674674674674675	1.4799949223994545e-5	1.4804230840762007e-5
2.4774774774774775	1.4850864304201981e-5	1.4855203450154514e-5
2.4874874874874875	1.490221216873182e-5	1.49066098141876e-5
2.4974974974974975	1.4953996926435945e-5	1.4958454075656097e-5
2.5075075075075075	1.5006222743943336e-5	1.5010740402915253e-5
2.5175175175175175	1.505889383856746e-5	1.50634730268125e-5
2.5275275275275275	1.5112014486959074e-5	1.5116656271642563e-5
2.5375375375375375	1.5165589022554774e-5	1.517029447466495e-5
2.5475475475475475	1.5219621835624679e-5	1.5224392046838782e-5
2.5575575575575575	1.527411737482652e-5	1.5278953459697806e-5
2.5675675675675675	1.5329080152275603e-5	1.5333983250233234e-5
2.5775775775775776	1.5384514738631988e-5	1.5389486012835016e-5
2.5875875875875876	1.5440425763813546e-5	1.5445466392057643e-5
2.5975975975975976	1.5496817924487195e-5	1.5501929127092026e-5
2.6076076076076076	1.555369598018496e-5	1.55588789781398e-5
2.6176176176176176	1.561106475155823e-5	1.5616320805318607e-5
2.6276276276276276	1.5668929131126397e-5	1.567425951647291e-5
2.6376376376376376	1.572729407445892e-5	1.57327000996976e-5
2.6476476476476476	1.578616460535141e-5	1.579164761524833e-5
2.6576576576576576	1.5845545816827938e-5	1.5851107169660524e-5
2.6676676676676676	1.59054428746143e-5	1.591108396122326e-5
2.6776776776776776	1.5965861012224873e-5	1.5971583262640053e-5
2.6876876876876876	1.6026805537294273e-5	1.6032610385695565e-5
2.6976976976976976	1.6088281832217844e-5	1.6094170763199515e-5
2.7077077077077076	1.6150295352489532e-5	1.6156269871240703e-5
2.7177177177177176	1.6212851632124122e-5	1.6218913276685698e-5
2.7277277277277276	1.627595627954609e-5	1.6282106633207822e-5
2.7377377377377377	1.633961498542506e-5	1.6345855646504577e-5
2.7477477477477477	1.6403833517383032e-5	1.6410166125289866e-5
2.7577577577577577	1.646861772655735e-5	1.6475043951951237e-5
2.7677677677677677	1.6533973546264545e-5	1.6540495101917523e-5
2.7777777777777777	1.659990699429961e-5	1.6606525635159642e-5
2.7877877877877877	1.6666424173546354e-5	1.6673141669634155e-5
2.7977977977977977	1.6733531274817488e-5	1.674034944483019e-5
2.8078078078078077	1.6801234577463903e-5	1.680815528628691e-5
2.8178178178178177	1.686954045021242e-5	1.6876565598505266e-5
2.8278278278278277	1.6938455353833334e-5	1.6945586876641913e-5
2.8378378378378377	1.700798584266093e-5	1.70152257239864e-5
2.8478478478478477	1.7078138565271485e-5	1.7085488833299502e-5
2.8578578578578577	1.7148920268442718e-5	1.7156382992111796e-5
2.8678678678678677	1.7220337794160544e-5	1.7227915085827845e-5
2.8778778778778777	1.729239808859584e-5	1.730009210703573e-5
2.8878878878878878	1.7365108194838204e-5	1.737292114801951e-5
2.8978978978978978	1.7438475262880843e-5	1.7446409404084048e-5
2.9079079079079078	1.7512506547415322e-5	1.752056418269922e-5
2.9179179179179178	1.7587209408731484e-5	1.759539289255955e-5
2.9279279279279278	1.766259131806154e-5	1.767090307031404e-5
2.937937937937938	1.773865985599167e-5	1.7747102324222766e-5
2.947947947947948	1.7815422718403753e-5	1.7823998433932416e-5
2.957957957957958	1.789288771362191e-5	1.7901599239592975e-5
2.967967967967968	1.797106276932798e-5	1.7979912741946435e-5
2.977977977977978	1.804995592991351e-5	1.8058947031428432e-5
2.987987987987988	1.812957536417374e-5	1.8138710360238437e-5
2.997997997997998	1.8209929361971743e-5	1.8219211063950832e-5
3.008008008008008	1.8291026339975385e-5	1.8300457615804185e-5
3.018018018018018	1.8372874844406397e-5	1.8382458653233676e-5
3.028028028028028	1.845548354882201e-5	1.8465222891766317e-5
3.038038038038038	1.853886126230361e-5	1.8548759218613202e-5
3.048048048048048	1.8623016927155025e-5	1.8633076659509306e-5
3.058058058058058	1.8707959627766392e-5	1.871818434888238e-5
3.068068068068068	1.879369858489068e-5	1.8804091596983513e-5
3.078078078078078	1.8880243160858713e-5	1.8890807837220983e-5
3.088088088088088	1.8967602869947394e-5	1.897834266934336e-5
3.098098098098098	1.905578737024235e-5	1.90667058276552e-5
3.108108108108108	1.9144806472456228e-5	1.9155907208637784e-5
3.118118118118118	1.9234670140677338e-5	1.9245956868775736e-5
3.1281281281281283	1.9325388498294934e-5	1.9336864991884396e-5
3.1381381381381384	1.941697182608812e-5	1.942864197960007e-5
3.1481481481481484	1.950943056810684e-5	1.9521298358043693e-5
3.1581581581581584	1.9602775338461436e-5	1.9614844830424194e-5
3.1681681681681684	1.9697016917066284e-5	1.970929227285972e-5
3.1781781781781784	1.9792166255975624e-5	1.9804651755233718e-5
3.1881881881881884	1.9888234486986187e-5	1.9900934489850996e-5
3.1981981981981984	1.9985232917374697e-5	1.999815190579119e-5
3.2082082082082084	2.0083173043189174e-5	2.0096315611203186e-5
3.2182182182182184	2.0182066540659956e-5	2.0195437371025145e-5
3.2282282282282284	2.0281925280751044e-5	2.029552920765958e-5
3.2382382382382384	2.0382761325654235e-5	2.0396603259363357e-5
3.2482482482482484	2.0484586938189795e-5	2.049867194009284e-5
3.2582582582582584	2.0587414581262967e-5	2.0601747828929154e-5
3.2682682682682684	2.0691256924629476e-5	2.0705843732445417e-5
3.2782782782782784	2.0796126847312885e-5	2.0810972648291863e-5
3.2882882882882885	2.0902037443720922e-5	2.091714780897697e-5
3.2982982982982985	2.1009002024263744e-5	2.1024382679012645e-5
3.3083083083083085	2.111703412639039e-5	2.1132690923504685e-5
3.3183183183183185	2.1226147511859562e-5	2.1242086464036076e-5
3.3283283283283285	2.1336356177163657e-5	2.1352583438521123e-5
3.3383383383383385	2.1447674353118658e-5	2.1464196242816657e-5
3.3483483483483485	2.1560116514849733e-5	2.1576939523069134e-5
3.3583583583583585	2.167369738020655e-5	2.169082813852089e-5
3.3683683683683685	2.178843192707062e-5	2.1805877260181926e-5
3.3783783783783785	2.190433537906813e-5	2.1922102279831483e-5
3.3883883883883885	2.2021423234307242e-5	2.2039518868834285e-5
3.3983983983983985	2.213971125026517e-5	2.21581429953691e-5
3.4084084084084085	2.2259215461384572e-5	2.2277990861551592e-5
3.4184184184184185	2.23799521834743e-5	2.23990789886298e-5
3.4284284284284285	2.250193801375514e-5	2.2521424186217862e-5
3.4384384384384385	2.262518984249152e-5	2.264504355252498e-5
3.4484484484484486	2.274972485939622e-5	2.2769954482255232e-5
3.4584584584584586	2.2875560555510406e-5	2.2896174708226722e-5
3.4684684684684686	2.300271473527711e-5	2.3023722252497436e-5
3.4784784784784786	2.3131205516808825e-5	2.3152615482395462e-5
3.4884884884884886	2.3261051347060396e-5	2.328287306670481e-5
3.4984984984984986	2.339227100015957e-5	2.3414514059577173e-5
3.5085085085085086	2.3524883590558045e-5	2.3547557818310772e-5
3.5185185185185186	2.3658908579042927e-5	2.368202407953013e-5
3.5285285285285286	2.3794365778102424e-5	2.3817932925233165e-5
3.5385385385385386	2.3931275364040436e-5	2.3955304834361726e-5
3.5485485485485486	2.4069657881141192e-5	2.409416062013069e-5
3.5585585585585586	2.4209534251126874e-5	2.4234521529711e-5
3.5685685685685686	2.4350925780044333e-5	2.43764091708145e-5
3.5785785785785786	2.4493854174383823e-5	2.4519845580075808e-5
3.5885885885885886	2.4638341539894355e-5	2.466485319638413e-5
3.5985985985985987	2.478441039264473e-5	2.481145489329824e-5
3.6086086086086087	2.493208367674704e-5	2.49596739319413e-5
3.6186186186186187	2.5081384764608628e-5	2.510953408929797e-5
3.6286286286286287	2.523233747087275e-5	2.5261059556296473e-5
3.6386386386386387	2.538496606228967e-5	2.5414274981637173e-5
3.6486486486486487	2.5539295268834262e-5	2.5569205499267876e-5
3.6586586586586587	2.5695350290832304e-5	2.572587673684062e-5
3.6686686686686687	2.585315681572825e-5	2.588431480273635e-5
3.6786786786786787	2.6012741023632576e-5	2.6044546339334267e-5
3.6886886886886887	2.617412960455968e-5	2.6206598482340837e-5
3.6986986986986987	2.633734976523063e-5	2.6370498924816863e-5
3.7087087087087087	2.6502429243102686e-5	2.6536275908981038e-5
3.7187187187187187	2.6669396321744003e-5	2.6703958207487557e-5
3.7287287287287287	2.6838279839711855e-5	2.687357521144474e-5
3.7387387387387387	2.7009109209786205e-5	2.7045156852422834e-5
3.7487487487487487	2.7181914422865295e-5	2.7218733701624916e-5
3.7587587587587588	2.7356726072014117e-5	2.7394336945524754e-5
3.7687687687687688	2.7533575360036977e-5	2.757199837971903e-5
3.7787787787787788	2.771249411975594e-5	2.775175045833224e-5
3.7887887887887888	2.78935148278473e-5	2.793362631803672e-5
3.798798798798799	2.807667061619042e-5	2.8117659770966774e-5
3.808808808808809	2.8261995296806793e-5	2.8303885293950778e-5
3.818818818818819	2.8449523367453208e-5	2.849233812139246e-5
3.828828828828829	2.8639290040627513e-5	2.868305422172395e-5
3.838838838838839	2.8831331252220033e-5	2.8876070289360967e-5
3.848848848848849	2.9025683685107345e-5	2.9071423813647696e-5
3.858858858858859	2.9222384787282904e-5	2.9269153062800336e-5
3.868868868868869	2.942147278501431e-5	2.9469297140777653e-5
3.878878878878879	2.962298671524339e-5	2.9671895952967827e-5
3.888888888888889	2.9826966432736137e-5	2.987699029834215e-5
3.898898898898899	3.0033452642120785e-5	3.0084621819759937e-5
3.908908908908909	3.0242486913977355e-5	3.0294833103501507e-5
3.918918918918919	3.0454111704983195e-5	3.0507667622256806e-5
3.928928928928929	3.066837038831151e-5	3.072316982587884e-5
3.938938938938939	3.0885307275215424e-5	3.0941385122415465e-5
3.948948948948949	3.1104967634941445e-5	3.116235995293347e-5
3.958958958958959	3.132739772233776e-5	3.138614176025267e-5
3.968968968968969	3.155264481195077e-5	3.16127790509643e-5
3.978978978978979	3.178075721226902e-5	3.184232143182419e-5
3.988988988988989	3.201178430203466e-5	3.207481962958707e-5
3.998998998998999	3.22457765584946e-5	3.231032549963226e-5
4.009009009009009	3.248278558180181e-5	3.254889208825096e-5
4.019019019019019	3.272286413428717e-5	3.2790573665999343e-5
4.029029029029029	3.296606616386936e-5	3.30354257571791e-5
4.039039039039039	3.3212446839027456e-5	3.328350512829529e-5
4.049049049049049	3.3462062585300744e-5	3.353486990446849e-5
4.059059059059059	3.371497112019563e-5	3.3789579559659654e-5
4.069069069069069	3.3971231484372304e-5	3.404769496404526e-5
4.079079079079079	3.4230904083469644e-5	3.430927842969149e-5
4.089089089089089	3.4494050722886034e-5	3.457439372916851e-5
4.099099099099099	3.476073465202586e-5	3.4843106175945394e-5
4.109109109109109	3.5031020601097146e-5	3.5115482655404676e-5
4.119119119119119	3.530497482333964e-5	3.539159165130357e-5
4.129129129129129	3.5582665146091355e-5	3.567150330694859e-5
4.1391391391391394	3.586416100476948e-5	3.59552895001844e-5
4.1491491491491495	3.614953349856268e-5	3.624302383324879e-5
4.1591591591591595	3.6438855432454946e-5	3.6534781747872815e-5
4.1691691691691695	3.6732201375478894e-5	3.683064058929236e-5
4.1791791791791795	3.702964770475242e-5	3.713067956312373e-5
4.1891891891891895	3.733127265928628e-5	3.743497990449248e-5
4.1991991991991995	3.7637156402981135e-5	3.7743624902535094e-5
4.2092092092092095	3.794738107844964e-5	3.8056699922298765e-5
4.2192192192192195	3.826203085829905e-5	3.837429255372688e-5
4.2292292292292295	3.858119202138205e-5	3.869649261504277e-5
4.2392392392392395	3.8904953004448704e-5	3.902339223197398e-5
4.2492492492492495	3.9233404474920606e-5	3.9355085935866684e-5
4.2592592592592595	3.956663939596511e-5	3.969167073499748e-5
4.2692692692692695	3.990475310094736e-5	4.003324616170918e-5
4.2792792792792795	4.024784336235789e-5	4.0379914409204566e-5
4.2892892892892895	4.059601047290186e-5	4.073178036683264e-5
4.2992992992992995	4.094935732270466e-5	4.108895175740514e-5
4.3093093093093096	4.1307989477769125e-5	4.145153916550253e-5
4.31931931931932	4.167201526833157e-5	4.1819656218228696e-5
4.32932932932933	4.204154588379235e-5	4.219341961192294e-5
4.33933933933934	4.24166954477918e-5	4.257294924475573e-5
4.34934934934935	4.279758112827101e-5	4.295836832502331e-5
4.35935935935936	4.3184323230796063e-5	4.3349803523067955e-5
4.36936936936937	4.357704530046086e-5	4.3747384991606255e-5
4.37937937937938	4.397587422725336e-5	4.415124657658356e-5
4.38938938938939	4.43809403607601e-5	4.4561525930547704e-5
4.3993993993994	4.4792377620530535e-5	4.4978364625533734e-5
4.40940940940941	4.521032361821756e-5	4.540190825888323e-5
4.41941941941942	4.563491977856394e-5	4.583230668638527e-5
4.42942942942943	4.60663114742285e-5	4.6269714107256164e-5
4.43943943943944	4.650464815147098e-5	4.6714289228351135e-5
4.44944944944945	4.69500834797975e-5	4.716619542459445e-5
4.45945945945946	4.740277548601043e-5	4.762560095751144e-5
4.46946946946947	4.7862886717343774e-5	4.809267912147147e-5
4.47947947947948	4.8330584381004165e-5	4.8567608372037187e-5
4.48948948948949	4.8806040534010244e-5	4.9050572642944856e-5
4.4994994994995	4.9289432224534926e-5	4.9541761423084135e-5
4.50950950950951	4.978094169332983e-5	5.0041370078982586e-5
4.51951951951952	5.028075654119996e-5	5.054960003305397e-5
4.52952952952953	5.078906993363896e-5	5.10666589265043e-5
4.53953953953954	5.130608079776438e-5	5.1592761003363485e-5
4.54954954954955	5.183199402603735e-5	5.212812724208945e-5
4.55955955955956	5.2367020707190264e-5	5.267298570546622e-5
4.56956956956957	5.291137834023595e-5	5.322757173327425e-5
4.57957957957958	5.3465291082102585e-5	5.3792128351568e-5
4.58958958958959	5.402898998997152e-5	5.436690648468504e-5
4.5995995995996	5.46027132873873e-5	5.495216530557102e-5
4.60960960960961	5.5186706624976295e-5	5.554817255258227e-5
4.61961961961962	5.578122337116378e-5	5.6155204986959915e-5
4.62962962962963	5.638652490379645e-5	5.677354857870895e-5
4.63963963963964	5.700288091721988e-5	5.74034991208674e-5
4.64964964964965	5.7630569753525225e-5	5.804536238825285e-5
4.65965965965966	5.826987872548699e-5	5.8699454821998655e-5
4.66966966966967	5.892110448305797e-5	5.9366103810846035e-5
4.67967967967968	5.9584553376714485e-5	6.004564818625972e-5
4.68968968968969	6.026054184219453e-5	6.073843883055399e-5
4.6996996996997	6.094939680694972e-5	6.144483909207505e-5
4.70970970970971	6.165145612134945e-5	6.216522533224798e-5
4.71971971971972	6.236706898820535e-5	6.289998769434243e-5
4.72972972972973	6.309659644109396e-5	6.364953044856596e-5
4.73973973973974	6.384041182388162e-5	6.441427282228046e-5
4.74974974974975	6.459890131040845e-5	6.519464968471184e-5
4.75975975975976	6.537246443166259e-5	6.599111217850248e-5
4.76976976976977	6.616151465032017e-5	6.68041285588475e-5
4.77977977977978	6.696647993828667e-5	6.763418498574781e-5
4.78978978978979	6.778780341159171e-5	6.848178632798627e-5
4.7997997997998	6.862594397398684e-5	6.934745720271494e-5
4.80980980980981	6.948137700518293e-5	7.023174272235287e-5
4.81981981981982	7.035459508072085e-5	7.113520970732014e-5
4.82982982982983	7.12461087275716e-5	7.205844760301124e-5
4.83983983983984	7.215644722881148e-5	7.300206975429936e-5
4.84984984984985	7.308615945628671e-5	7.396671447058221e-5
4.85985985985986	7.403581475092476e-5	7.495304638419482e-5
4.86986986986987	7.500600385782616e-5	7.596175779692374e-5
4.87987987987988	7.599733990889714e-5	7.699357011059282e-5
4.88988988988989	7.701045945057152e-5	7.804923532695056e-5
4.8998998998999	7.8046023534333e-5	7.912953768281512e-5
4.90990990990991	7.910471886767952e-5	8.023529543121124e-5
4.91991991991992	8.018725901976742e-5	8.136736259262442e-5
4.92992992992993	8.129438571718722e-5	8.252663096250607e-5
4.93993993993994	8.242687017837658e-5	8.371403223074152e-5
4.94994994994995	8.358551455186845e-5	8.493054005353846e-5
4.95995995995996	8.47711534299889e-5	8.61771726303948e-5
4.96996996996997	8.598465543367178e-5	8.745499508611635e-5
4.97997997997998	8.72269249188973e-5	8.876512223822884e-5
4.98998998998999	8.849890375661362e-5	9.010872146468777e-5
5.0	8.980157322871985e-5	9.148701580992093e-5
