-5.0	0.0008690107783444683	-0.4898708465292625
-4.98998998998999	0.0008461048288538674	-0.7479698089407631
-4.97997997997998	0.0008253170430566829	-1.3735617322396225
-4.96996996996997	0.0008064932786194912	-3.5070871705952458
-4.95995995995996	0.0007894975117412194	-10.721034998644946
-4.94994994994995	0.0007742097383537498	-3.9347953087704295
-4.93993993993994	0.0007605241842909223	-1.1251324262148912
-4.92992992992993	0.0007483477769817426	-0.4671038559066672
-4.91991991991992	0.0007375988396928415	-0.23919721691772194
-4.90990990990991	0.0007282059761619676	-0.1386920996400572
-4.8998998998999	0.0007201071190490444	-0.08718574845212047
-4.88988988988989	0.0007132487202100137	-0.057984402598166854
-4.87987987987988	0.0007075850646543773	-0.0401879424872964
-4.86986986986987	0.0007030776932151877	-0.028738169211327578
-4.85985985985986	0.0006996949215198783	-0.0210549076929112
-4.84984984984985	0.0006974114452999455	-0.015722682261139098
-4.83983983983984	0.0006962080237866343	-0.011918862199863229
-4.82982982982983	0.0006960712348594414	-0.009142435589960713
-4.81981981981982	0.0006969932968848206	-0.00707620104930498
-4.80980980980981	0.0006989719535971734	-0.005512667759320342
-4.7997997997998	0.0007020104196786489	-0.004312276174496541
-4.78978978978979	0.0007061173856904951	-0.003378872943770665
-4.77977977977978	0.0007113070821664061	-0.0026448062407294095
-4.76976976976977	0.0007175994038598698	-0.0020615903706946645
-4.75975975975976	0.0007250200961229709	-0.0015939018035346988
-4.74974974974975	0.0007336010066296413	-0.001215626283947584
-4.73973973973974	0.0007433804069607152	-0.0009072014465333246
-4.72972972972973	0.0007544033898026006	-0.0006537965991148733
-4.71971971971972	0.0007667223492854615	-0.0004440447042764385
-4.70970970970971	0.0007803975534868092	-0.0002691454029785455
-4.6996996996997	0.0007954978204004436	-0.0001222215816897487
-4.68968968968969	0.0008121013109320199	2.148133190836884e-6
-4.67967967967968	0.000830296455270932	0.00010827308798897322
-4.66966966966967	0.0008501830324569793	0.00019960608090987102
-4.65965965965966	0.0008718734268540666	0.00027893520699126073
-4.64964964964965	0.0008954940901070355	0.0003485293101264785
-4.63963963963964	0.0009211872431463951	0.0004102492744986108
-4.62962962962963	0.0009491128597432397	0.000465633933037328
-4.61961961961962	0.0009794509821764719	0.0005159669601606259
-4.60960960960961	0.0010124044302097885	0.0005623294144613046
-4.5995995995996	0.0010482019780826653	0.0006056413849893586
-4.58958958958959	0.0010871020910067262	0.0006466953222096776
-4.57957957957958	0.0011293973335034348	0.000686183002592069
-4.56956956956957	0.0011754195884369155	0.0007247176141643584
-4.55955955955956	0.0012255462588953141	0.0007628521116366728
-4.54954954954955	0.0012802076677784495	0.0008010947411122485
-4.53953953953954	0.0013398959243505963	0.0008399224517845221
-4.52952952952953	0.0014051755975917795	0.0008797927796163173
-4.51951951951952	0.0014766966272872775	0.0009211546940630894
-4.50950950950951	0.0015552100236557727	0.0009644588354458708
-4.4994994994995	0.0016415870633701055	0.0010101675327619398
-4.48948948948949	0.0017368428992979039	0.001058764976355868
-4.47947947947948	0.0018421657809636084	0.001110767925613821
-4.46946946946947	0.0019589534613081356	0.0011667373597013895
-4.45945945945946	0.0020888588809280123	0.0012272915312873081
-4.44944944944945	0.0022338479319126657	0.0012931209638710178
-4.43943943943944	0.00239627309258448	0.0013650060498901326
-4.42942942942943	0.002578968118071959	0.0014438380697781856
-4.41941941941942	0.0027853709580845606	0.0015306446773743158
-4.40940940940941	0.0030196849431476437	0.001626621206599285
-4.3993993993994	0.003287092485277642	0.001733169581966668
-4.38938938938939	0.0035940417956316652	0.0018519472078769382
-4.37937937937938	0.00394863658677375	0.0019849290412120068
-4.36936936936937	0.004361173309066647	0.002134487223019658
-4.35935935935936	0.004844893384391834	0.002303494319905828
-4.34934934934935	0.005417054698758098	0.002495458649088332
-4.33933933933934	0.006100487146399419	0.0027147037193493155
-4.32932932932933	0.006925899272499935	0.002966609122782267
-4.31931931931932	0.007935381001584882	0.003257938249246296
-4.3093093093093096	0.00918786757567054	0.003597290599936787
-4.2992992992992995	0.010767927930761957	0.003995736006597138
-4.2892892892892895	0.012800407323981262	0.004467719495259646
-4.2792792792792795	0.015475845271830359	0.005032377357998332
-4.2692692692692695	0.01909678406378963	0.005715492769715279
-4.2592592592592595	0.024167168405917448	0.006552472466668855
-4.2492492492492495	0.03157758616206865	0.007593002484484903
-4.2392392392392395	0.043024646251582734	0.008908559384275934
-4.2292292292292295	0.0620756579975786	0.010604968808912483
-4.2192192192192195	0.09732429064474622	0.01284429466455965
-4.2092092092092095	0.17408913003468426	0.015884911006023003
-4.1991991991991995	0.3966626082074119	0.020159310803419032
-4.1891891891891895	1.643940994367116	0.026436481724607806
-4.1791791791791795	128.60523702873894	0.03619284602503273
-4.1691691691691695	1.388216008383497	0.052565192001888375
-4.1591591591591595	0.3641652773595664	0.0832219271619295
-4.1491491491491495	0.16436775161058378	0.1512744788815329
-4.1391391391391394	0.09317497754207477	0.35591698508021863
-4.129129129129129	0.05991814702164525	1.6291963781780194
-4.119119119119119	0.041750556860538766	46.750180440159994
-4.109109109109109	0.030754138552709795	0.971717120097431
-4.099099099099099	0.02359725172626547	0.27532676724856797
-4.089089089089089	0.018680163996716084	0.1278140396715077
-4.079079079079079	0.015157136332540372	0.07354619516390484
-4.069069069069069	0.012546950103017937	0.04775028952871671
-4.059059059059059	0.010559428356502384	0.03350073008445617
-4.049049049049049	0.009011158402872	0.024808073941845855
-4.039039039039039	0.007781602760298494	0.019117302611159966
-4.029029029029029	0.006788902559806926	0.015189455104267871
-4.019019019019019	0.005975886600761719	0.012364629837255786
-4.009009009009009	0.005301647436629987	0.010265143489926421
-3.998998998998999	0.004736289670703895	0.008662168214643483
-3.988988988988989	0.004257555232468056	0.007410497780971106
-3.978978978978979	0.0038485963539585644	0.006414385347467394
-3.968968968968969	0.0034964709175355825	0.005608621324748835
-3.958958958958959	0.003191104292805213	0.004947548806852579
-3.948948948948949	0.0029245594113997044	0.004398427186830664
-3.938938938938939	0.0026905147586384617	0.003937282522805063
-3.928928928928929	0.0024838852526302495	0.0035462340011526024
-3.918918918918919	0.0023005429991178666	0.0032117255177129098
-3.908908908908909	0.002137108946249528	0.002923328375194519
-3.898898898898899	0.0019907955886042205	0.0026729136218300114
-3.888888888888889	0.0018592869104078387	0.002454069130254141
-3.878878878878879	0.001740645822786011	0.002261682066113344
-3.868868868868869	0.0016332421279466917	0.002091635209447589
-3.858858858858859	0.0015356959680331915	0.0019405829801548984
-3.848848848848849	0.0014468330682945196	0.0018057841244359094
-3.838838838838839	0.001365649044881977	0.0016849752521225878
-3.828828828828829	0.0012912807383421408	0.0015762742102116481
-3.818818818818819	0.001222983035586394	0.0014781055100292514
-3.808808808808809	0.0011601100115054073	0.0013891422370828038
-3.798798798798799	0.001102099494071374	0.0013082604073574
-3.7887887887887888	0.0010484603606738007	0.0012345028126890048
-3.7787787787787788	0.0009987620269737158	0.0011670501656177467
-3.7687687687687688	0.0009526257062734133	0.001105197906543786
-3.7587587587587588	0.0009097171065863553	0.001048337437894244
-3.7487487487487487	0.0008697403013524066	0.0009959408451096106
-3.7387387387387387	0.0008324325630957837	0.0009475483831185593
-3.7287287287287287	0.0007975599909323336	0.0009027581705953032
-3.7187187187187187	0.0007649137955160763	0.0008612176577283331
-3.7087087087087087	0.0007343071308434411	0.0008226165270438278
-3.6986986986986987	0.0007055723827930977	0.0007866807585751272
-3.6886886886886887	0.0006785588406817186	0.000753167646167745
-3.6786786786786787	0.0006531306912584677	0.0007218615944914932
-3.6686686686686687	0.0006291652850186507	0.0006925705601219117
-3.6586586586586587	0.0006065516335100286	0.0006651230262250665
-3.6486486486486487	0.0005851891029817088	0.0006393654213328065
-3.6386386386386387	0.0005649862757211923	0.0006151599092294602
-3.6286286286286287	0.0005458599548150208	0.0005923824901642999
-3.6186186186186187	0.0005277342921322444	0.0005709213642859682
-3.6086086086086087	0.0005105400223572918	0.0005506755166554792
-3.5985985985985987	0.0004942137885776867	0.0005315534902419513
-3.5885885885885886	0.00047869754716157076	0.0005134723188329455
-3.5785785785785786	0.00046393804141940274	0.0004963565965207783
-3.5685685685685686	0.00044988633512852615	0.00048013766409583876
-3.5585585585585586	0.0004364973982505751	0.0004647528958905023
-3.5485485485485486	0.0004237297382717695	0.0004501450731104378
-3.5385385385385386	0.0004115450715367055	0.00043626183185823623
-3.5285285285285286	0.000399908029661752	0.0004230551759056601
-3.5185185185185186	0.00038878589682421114	0.0004104810455860956
-3.5085085085085086	0.0003781483742825394	0.0003984989355931705
-3.4984984984984986	0.0003679673689324265	0.000387071555442402
-3.4884884884884886	0.00035821680314081683	0.0003761645271931796
-3.4784784784784786	0.000348872443449323	0.00036574611588212444
-3.4684684684684686	0.00033991174602507383	0.00035578698865726426
-3.4584584584584586	0.0003313137170354716	0.000346259999141321
-3.4484484484484486	0.00032305878629625097	0.00033713999411291327
-3.4384384384384385	0.0003151286927758514	0.00032840363985223625
-3.4284284284284285	0.00030750638072559296	0.0003200292658871686
-3.4184184184184185	0.00030017590529349584	0.0003119967242478289
-3.4084084084084085	0.00029312234664862147	0.0003042872623897234
-3.3983983983983985	0.00028633173177030366	0.0002968834083741809
-3.3883883883883885	0.0002797909631114965	0.0002897688669441115
-3.3783783783783785	0.0002734877534525203	0.00028292842529326984
-3.3683683683683685	0.00026741056635719133	0.00027634786756672135
-3.3583583583583585	0.00026154856166850805	0.0002700138971464571
-3.3483483483483485	0.00025589154557722143	0.0002639140659202238
-3.3383383383383385	0.00025042992479464634	0.00025803670983893915
-3.3283283283283285	0.00024515466452079975	0.00025237089011856406
-3.3183183183183185	0.00024005724976593247	0.0002469063395414011
-3.3083083083083085	0.000235129649797804	0.00024163341333810934
-3.2982982982982985	0.00023036428535942583	0.00023654304423176024
-3.2882882882882885	0.0002257539984881393	0.0002316267012251837
-3.2782782782782784	0.00022129202464990494	0.00022687635178826731
-3.2682682682682684	0.00021697196698130635	0.00022228442713211343
-3.2582582582582584	0.00021278777251627115	0.00021784379027662664
-3.2482482482482484	0.00020873371017316952	0.00021354770665573837
-3.2382382382382384	0.00020480435035420447	0.00020938981705029535
-3.2282282282282284	0.00020099454606995105	0.000205364112611965
-3.2182182182182184	0.00019729941540546045	0.00020146491182125616
-3.2082082082082084	0.00019371432525916186	0.00019768683919025616
-3.1981981981981984	0.00019023487622572764	0.00019402480558611786
-3.1881881881881884	0.0001868568885488118	0.0001904739899905414
-3.1781781781781784	0.00018357638904257736	0.00018702982263424004
-3.1681681681681684	0.00018038959891642197	0.00018368796934255743
-3.1581581581581584	0.00017729292244202617	0.00018044431701467675
-3.1481481481481484	0.00017428293636719767	0.00017729496014423727
-3.1381381381381384	0.00017135638004624014	0.00017423618828287917
-3.1281281281281283	0.0001685101462213829	0.00017126447439474882
-3.118118118118118	0.00016574127242744826	0.00016837646400414563
-3.108108108108108	0.00016304693291053875	0.00016556896509140038
-3.098098098098098	0.00016042443112493596	0.00016283893868168336
-3.088088088088088	0.00015787119266166946	0.00016018349005347907
-3.078078078078078	0.00015538475864552994	0.00015759986054748054
-3.068068068068068	0.00015296277954938867	0.00015508541990110324
-3.058058058058058	0.00015060300938049683	0.0001526376590943244
-3.048048048048048	0.00014830330022429404	0.00015025418365499307
-3.038038038038038	0.00014606159714003334	0.00014793270738397898
-3.028028028028028	0.000143875933341882	0.00014567104650183138
-3.018018018018018	0.0001417444256783302	0.00014346711413766494
-3.008008008008008	0.00013966527038905972	0.00014131891517820655
-2.997997997997998	0.00013763673909636482	0.0001392245414275147
-2.987987987987988	0.0001356571750365949	0.00013718216706999967
-2.977977977977978	0.0001337249895256783	0.0001351900444002252
-2.967967967967968	0.00013183865859354803	0.0001332464998172694
-2.957957957957958	0.00012999671984299089	0.00013134993005393914
-2.947947947947948	0.00012819776947326414	0.00012949879862720438
-2.937937937937938	0.00012644045946626006	0.00012769163250388266
-2.9279279279279278	0.00012472349493508364	0.00012592701895162932
-2.9179179179179178	0.00012304563162469586	0.0001242036025752721
-2.9079079079079078	0.00012140567353039265	0.0001225200825268247
-2.8978978978978978	0.00011980247066523152	0.00012087520986686303
-2.8878878878878878	0.00011823491694536186	0.00011926778507292836
-2.8778778778778777	0.00011670194816514656	0.0001176966556970756
-2.8678678678678677	0.00011520254012179363	0.00011616071414174989
-2.8578578578578577	0.00011373570679890831	0.00011465889556472835
-2.8478478478478477	0.00011230049866351106	0.00011319017589688743
-2.8378378378378377	0.00011089600105090909	0.00011175356996116221
-2.8278278278278277	0.00010952133263273895	0.00011034812970422788
-2.8178178178178177	0.00010817564395566525	0.0001089729425062859
-2.8078078078078077	0.00010685811606459637	0.00010762712959948695
-2.7977977977977977	0.00010556795919377696	0.00010630984454454599
-2.7877877877877877	0.00010430441150584506	0.00010502027181465903
-2.7777777777777777	0.00010306673792690694	0.00010375762542716477
-2.7677677677677677	0.00010185422900115587	0.00010252114766364945
-2.7577577577577577	0.00010066619983687403	0.00010131010783913868
-2.7477477477477477	9.950198907325725e-5	0.00010012380115035792
-2.7377377377377377	9.836095792066678e-5	9.896154756733904e-5
-2.7277277277277276	9.724248923226478e-5	9.782269078609045e-5
-2.7177177177177176	9.614598662385226e-5	9.670659723498902e-5
-2.7077077077077076	9.507087363664151e-5	9.561265512584792e-5
-2.6976976976976976	9.401659294419783e-5	9.454027355116974e-5
-2.6876876876876876	9.298260558348876e-5	9.34888816253667e-5
-2.6776776776776776	9.196839022847122e-5	9.245792767496088e-5
-2.6676676676676676	9.097344250596713e-5	9.144687845309652e-5
-2.6576576576576576	8.999727432911717e-5	9.045521839872723e-5
-2.6476476476476476	8.903941326462266e-5	8.94824489360349e-5
-2.6376376376376376	8.809940193011443e-5	8.852808779185952e-5
-2.6276276276276276	8.717679742136363e-5	8.759166836560965e-5
-2.6176176176176176	8.627117076333627e-5	8.667273910254106e-5
-2.6076076076076076	8.538210638720824e-5	8.577086291911892e-5
-2.5975975975975976	8.450920161115223e-5	8.488561664354551e-5
-2.5875875875875876	8.365206618332044e-5	8.401659047725581e-5
-2.5775775775775776	8.281032180425619e-5	8.316338748701836e-5
-2.5675675675675675	8.198360169598617e-5	8.232562312561202e-5
-2.5575575575575575	8.117155017849045e-5	8.150292475508039e-5
-2.5475475475475475	8.037382226409435e-5	8.069493121387929e-5
-2.5375375375375375	7.959008327510609e-5	7.99012923783177e-5
-2.5275275275275275	7.882000847538448e-5	7.912166877153072e-5
-2.5175175175175175	7.806328270742838e-5	7.835573115554013e-5
-2.5075075075075075	7.731960006605469e-5	7.760316017726995e-5
-2.4974974974974975	7.658866355616162e-5	7.686364599630215e-5
-2.4874874874874875	7.587018479511046e-5	7.613688795132254e-5
-2.4774774774774775	7.516388370826731e-5	7.542259423303405e-5
-2.4674674674674675	7.446948823968584e-5	7.472048156286668e-5
-2.4574574574574575	7.37867340769777e-5	7.403027490212406e-5
-2.4474474474474475	7.31153643864504e-5	7.335170715557854e-5
-2.4374374374374375	7.245512955985103e-5	7.268451889752037e-5
-2.4274274274274275	7.180578697496387e-5	7.202845810831792e-5
-2.4174174174174174	7.116710074840725e-5	7.138327991697837e-5
-2.4074074074074074	7.053884152888729e-5	7.074874635721703e-5
-2.3973973973973974	6.992078625670596e-5	7.01246261373654e-5
-2.3873873873873874	6.931271797902678e-5	6.951069440452138e-5
-2.3773773773773774	6.87144256371719e-5	6.890673254207932e-5
-2.3673673673673674	6.812570387632406e-5	6.83125279478389e-5
-2.3573573573573574	6.754635286102144e-5	6.772787384585555e-5
-2.3473473473473474	6.697617809718093e-5	6.715256908660078e-5
-2.3373373373373374	6.641499026147955e-5	6.658641796753735e-5
-2.3273273273273274	6.586260503095629e-5	6.602923005068209e-5
-2.3173173173173174	6.53188429345786e-5	6.548081999696883e-5
-2.3073073073073074	6.478352919027055e-5	6.494100739873874e-5
-2.2972972972972974	6.425649356379283e-5	6.440961662240765e-5
-2.2872872872872874	6.37375702250559e-5	6.388647665457916e-5
-2.2772772772772774	6.322659760521504e-5	6.337142095955104e-5
-2.2672672672672673	6.272341827962814e-5	6.28642873343737e-5
-2.2572572572572573	6.222787882927282e-5	6.236491777696493e-5
-2.2472472472472473	6.173982971683407e-5	6.187315835282458e-5
-2.2372372372372373	6.125912517399484e-5	6.138885906555777e-5
-2.2272272272272273	6.078562309218091e-5	6.0911873744690715e-5
-2.2172172172172173	6.03191848989212e-5	6.0442059917792965e-5
-2.2072072072072073	5.985967546756186e-5	5.9979278706514745e-5
-2.1971971971971973	5.940696299888489e-5	5.952339471142867e-5
-2.1871871871871873	5.896091893890284e-5	5.907427591126002e-5
-2.1771771771771773	5.852141786878205e-5	5.8631793558513384e-5
-2.1671671671671673	5.808833742421613e-5	5.819582208501197e-5
-2.1571571571571573	5.7661558196084037e-5	5.776623900360803e-5
-2.1471471471471473	5.7240963657951214e-5	5.734292481992687e-5
-2.1371371371371373	5.682644006880386e-5	5.6925762947754305e-5
-2.1271271271271273	5.6417876403608484e-5	5.6514639613618005e-5
-2.1171171171171173	5.6015164268643404e-5	5.6109443787503756e-5
-2.1071071071071072	5.561819783540291e-5	5.571006709460764e-5
-2.0970970970970972	5.52268737515234e-5	5.53164037435678e-5
-2.0870870870870872	5.4841091096337754e-5	5.4928350450391336e-5
-2.0770770770770772	5.4460751284696635e-5	5.4545806367320796e-5
-2.067067067067067	5.4085758030505277e-5	5.41686730172711e-5
-2.057057057057057	5.371601725516504e-5	5.3796854220393135e-5
-2.047047047047047	5.335143704455561e-5	5.343025603821967e-5
-2.037037037037037	5.2991927590509985e-5	5.306878670140453e-5
-2.027027027027027	5.263740111881517e-5	5.2712356557222454e-5
-2.017017017017017	5.228777184760756e-5	5.236087800695196e-5
-2.007007007007007	5.1942955931668165e-5	5.201426545405894e-5
-1.996996996996997	5.160287139903545e-5	5.1672435242757e-5
-1.986986986986987	5.1267438115434545e-5	5.133530561307448e-5
-1.976976976976977	5.0936577727719425e-5	5.100279663882265e-5
-1.966966966966967	5.061021362081739e-5	5.067483019192065e-5
-1.956956956956957	5.028827086348774e-5	5.03513298833838e-5
-1.946946946946947	4.99706761715941e-5	5.003222101908252e-5
-1.936936936936937	4.965735786372086e-5	4.9717430559275446e-5
-1.926926926926927	4.9348245821197046e-5	4.940688707345776e-5
-1.916916916916917	4.904327143745752e-5	4.910052068907807e-5
-1.906906906906907	4.8742367595393315e-5	4.87982630670676e-5
-1.896896896896897	4.8445468616507186e-5	4.8500047346163157e-5
-1.8868868868868869	4.815251022576514e-5	4.820580811588743e-5
-1.8768768768768769	4.786342952069739e-5	4.791548137393256e-5
-1.8668668668668669	4.757816493853157e-5	4.7629004489004614e-5
-1.8568568568568569	4.729665620876614e-5	4.7346316168894495e-5
-1.8468468468468469	4.701884433699638e-5	4.70673564263873e-5
-1.8368368368368369	4.6744671562792624e-5	4.6792066544566476e-5
-1.8268268268268268	4.6474081334831003e-5	4.652038904172477e-5
-1.8168168168168168	4.620701827837261e-5	4.6252267650931803e-5
-1.8068068068068068	4.5943428162478884e-5	4.598764727611456e-5
-1.7967967967967968	4.568325788014382e-5	4.572647397418124e-5
-1.7867867867867868	4.5426455415323523e-5	4.5468694920657496e-5
-1.7767767767767768	4.51729698173281e-5	4.521425838337449e-5
-1.7667667667667668	4.4922751176400915e-5	4.4963113694424145e-5
-1.7567567567567568	4.4675750594498416e-5	4.47152112303055e-5
-1.7467467467467468	4.4431920172398125e-5	4.447050237644137e-5
-1.7367367367367368	4.419121296736152e-5	4.422893951191538e-5
-1.7267267267267268	4.39535829842605e-5	4.3990475980470754e-5
-1.7167167167167168	4.371898515640105e-5	4.375506607114318e-5
-1.7067067067067068	4.348737530476515e-5	4.3522664989874866e-5
-1.6966966966966968	4.325871014284e-5	4.329322884633085e-5
-1.6866866866866868	4.303294723258057e-5	4.306671462191604e-5
-1.6766766766766767	4.2810044976293155e-5	4.284308016005617e-5
-1.6666666666666667	4.258996259961824e-5	4.2622284140547055e-5
-1.6566566566566567	4.2372660120906336e-5	4.24042860564369e-5
-1.6466466466466467	4.215809834817025e-5	4.2189046204966745e-5
-1.6366366366366367	4.194623884845623e-5	4.197652565843515e-5
-1.6266266266266267	4.1737043939236415e-5	4.1766686256360616e-5
-1.6166166166166167	4.1530476662669605e-5	4.1559490577765165e-5
-1.6066066066066067	4.132650077843873e-5	4.135490193275114e-5
-1.5965965965965967	4.11250807424153e-5	4.1152884342904355e-5
-1.5865865865865867	4.092618168821258e-5	4.095340252369038e-5
-1.5765765765765767	4.072976942561035e-5	4.075642186980796e-5
-1.5665665665665667	4.05358104060416e-5	4.056190844185497e-5
-1.5565565565565564	4.034427172527914e-5	4.036982895027442e-5
-1.5465465465465464	4.015512109773386e-5	4.018015073869877e-5
-1.5365365365365364	3.996832685180281e-5	3.9992841774174954e-5
-1.5265265265265264	3.9783857911358316e-5	3.980787063032768e-5
-1.5165165165165164	3.9601683780561126e-5	3.962520647470896e-5
-1.5065065065065064	3.942177453856963e-5	3.944481905739832e-5
-1.4964964964964964	3.9244100824536605e-5	3.926667869737654e-5
-1.4864864864864864	3.906863382044032e-5	3.9090756268099075e-5
-1.4764764764764764	3.8895345244319454e-5	3.8917023190236075e-5
-1.4664664664664664	3.872420733988457e-5	3.874545141456643e-5
-1.4564564564564564	3.855519286713522e-5	3.857601341689968e-5
-1.4464464464464464	3.8388275078435615e-5	3.840868218043383e-5
-1.4364364364364364	3.822342772698153e-5	3.8243431190100714e-5
-1.4264264264264264	3.806062504590378e-5	3.808023442010055e-5
-1.4164164164164164	3.7899841733779057e-5	3.791906632178431e-5
-1.4064064064064064	3.774105295810289e-5	3.775990181881218e-5
-1.3963963963963963	3.758423433604562e-5	3.76027162902868e-5
-1.3863863863863863	3.7429361925576365e-5	3.744748556944467e-5
-1.3763763763763763	3.7276412224238414e-5	3.729418592755817e-5
-1.3663663663663663	3.712536214466706e-5	3.714279406751106e-5
-1.3563563563563563	3.69761890295842e-5	3.6993287117021e-5
-1.3463463463463463	3.6828870622719704e-5	3.684564261704886e-5
-1.3363363363363363	3.668338506491719e-5	3.669983851279087e-5
-1.3263263263263263	3.653971089420644e-5	3.655585315133784e-5
-1.3163163163163163	3.6397827031972505e-5	3.6413665267063956e-5
-1.3063063063063063	3.62577127775183e-5	3.6273253976316645e-5
-1.2962962962962963	3.611934779641192e-5	3.6134598771526986e-5
-1.2862862862862863	3.598271212232065e-5	3.599767951124017e-5
-1.2762762762762763	3.584778613553296e-5	3.586247641557622e-5
-1.2662662662662663	3.571455057162457e-5	3.5728970055646786e-5
-1.2562562562562563	3.558298650757403e-5	3.559714135066447e-5
-1.2462462462462462	3.545307535269424e-5	3.546697155969079e-5
-1.2362362362362362	3.532479884356853e-5	3.533844227229955e-5
-1.2262262262262262	3.519813904493619e-5	3.52115354066281e-5
-1.2162162162162162	3.507307833405645e-5	3.5086233201812674e-5
-1.2062062062062062	3.494959940017803e-5	3.496251820898117e-5
-1.1961961961961962	3.482768523571319e-5	3.484037329168296e-5
-1.1861861861861862	3.470731913549777e-5	3.471978161245389e-5
-1.1761761761761762	3.458848468158166e-5	3.4600726631307804e-5
-1.1661661661661662	3.447116575212057e-5	3.448319210334056e-5
-1.1561561561561562	3.435534650072275e-5	3.4367162065739455e-5
-1.1461461461461462	3.4241011363760335e-5	3.4252620837752664e-5
-1.1361361361361362	3.412814504900422e-5	3.413955301728839e-5
-1.1261261261261262	3.4016732528720165e-5	3.4027943467815684e-5
-1.1161161161161162	3.390675904547767e-5	3.391777732356822e-5
-1.1061061061061062	3.3798210091770245e-5	3.380903997743136e-5
-1.0960960960960962	3.3691071419211656e-5	3.370171707805865e-5
-1.0860860860860861	3.358532902645714e-5	3.359579452917277e-5
-1.0760760760760761	3.3480969157282026e-5	3.349125847879961e-5
-1.0660660660660661	3.337797829709286e-5	3.3388095319909205e-5
-1.0560560560560561	3.327634316591874e-5	3.328629168229791e-5
-1.0460460460460461	3.317605071813313e-5	3.3185834434243044e-5
-1.0360360360360361	3.3077088130670454e-5	3.30867106700318e-5
-1.026026026026026	3.297944281508167e-5	3.298890771416465e-5
-1.016016016016016	3.288310239658874e-5	3.289241311189987e-5
-1.006006006006006	3.278805471512147e-5	3.279721462894438e-5
-0.995995995995996	3.269428783125808e-5	3.2703300244463e-5
-0.985985985985986	3.2601790010538976e-5	3.26106581526027e-5
-0.975975975975976	3.251054972316815e-5	3.2519276751685965e-5
-0.965965965965966	3.2420555645552164e-5	3.2429144648595806e-5
-0.955955955955956	3.2331796654254466e-5	3.2340250648561726e-5
-0.9459459459459459	3.2244261817834406e-5	3.225258375596106e-5
-0.9359359359359359	3.21579404027153e-5	3.216613317044108e-5
-0.9259259259259259	3.2072821861819235e-5	3.208088828353922e-5
-0.9159159159159159	3.198889583657575e-5	3.1996838675009306e-5
-0.9059059059059059	3.19061521524091e-5	3.19139741085379e-5
-0.8958958958958959	3.182458081556091e-5	3.1832284533602235e-5
-0.8858858858858859	3.174417201022324e-5	3.175176007761013e-5
-0.8758758758758759	3.166491609661247e-5	3.167239104571994e-5
-0.8658658658658659	3.158680360603933e-5	3.1594167915733126e-5
-0.8558558558558559	3.1509825244801944e-5	3.1517081340366907e-5
-0.8458458458458459	3.143397188080683e-5	3.1441122137453464e-5
-0.8358358358358359	3.1359234550867284e-5	3.136628129331026e-5
-0.8258258258258259	3.128560445350514e-5	3.1292549958908645e-5
-0.8158158158158159	3.121307294678917e-5	3.121991944477694e-5
-0.8058058058058059	3.114163154743173e-5	3.1148381221168295e-5
-0.7957957957957958	3.107127192638262e-5	3.1077926915107326e-5
-0.7857857857857858	3.100198590875221e-5	3.100854830904611e-5
-0.7757757757757757	3.0933765472091316e-5	3.094023733574104e-5
-0.7657657657657657	3.0866602740310556e-5	3.087298607966372e-5
-0.7557557557557557	3.080048998581779e-5	3.0806786772241123e-5
-0.7457457457457457	3.0735419625191165e-5	3.0741631792065566e-5
-0.7357357357357357	3.067138421769858e-5	3.067751365850076e-5
-0.7257257257257257	3.06083764623357e-5	3.061442503583869e-5
-0.7157157157157157	3.0546389201032434e-5	3.0552358726903666e-5
-0.7057057057057057	3.0485415407026174e-5	3.0491307671635083e-5
-0.6956956956956957	3.042544819284458e-5	3.043126494863602e-5
-0.6856856856856857	3.0366480802141417e-5	3.037222376765789e-5
-0.6756756756756757	3.0308506613163975e-5	3.0314177473032508e-5
-0.6656656656656657	3.0251519130836828e-5	3.0257119539091084e-5
-0.6556556556556556	3.0195511987591518e-5	3.0201043570046813e-5
-0.6456456456456456	3.014047894755036e-5	3.0145943295821584e-5
-0.6356356356356356	3.0086413895616764e-5	3.0091812574861327e-5
-0.6256256256256256	3.0033310841241915e-5	3.0038645387115708e-5
-0.6156156156156156	2.9981163914831608e-5	2.9986435836473906e-5
-0.6056056056056056	2.9929967369998387e-5	2.993517814794295e-5
-0.5955955955955956	2.9879715576907427e-5	2.9884866667643573e-5
-0.5855855855855856	2.9830403024837876e-5	2.9835495857266917e-5
-0.5755755755755756	2.9782024318122152e-5	2.9787060297427917e-5
-0.5655655655655656	2.9734574176244162e-5	2.973955468447054e-5
-0.5555555555555556	2.968804743339174e-5	2.969297382761563e-5
-0.5455455455455456	2.9642439035603223e-5	2.9647312649885012e-5
-0.5355355355355356	2.9597744037940025e-5	2.960256618649607e-5
-0.5255255255255256	2.9553957609029104e-5	2.9558729582533602e-5
-0.5155155155155156	2.9511075024275603e-5	2.9515798092355537e-5
-0.5055055055055055	2.946909166515169e-5	2.9473767078566363e-5
-0.4954954954954955	2.942800302194524e-5	2.9432632010196397e-5
-0.4854854854854855	2.9387804688088405e-5	2.9392388463552455e-5
-0.4754754754754755	2.934849236441677e-5	2.9353032117595443e-5
-0.46546546546546547	2.931006185106315e-5	2.9314558757484577e-5
-0.45545545545545546	2.9272509053916072e-5	2.927696426941568e-5
-0.44544544544544545	2.9235829977223793e-5	2.9240244642187487e-5
-0.43543543543543545	2.9200020726601345e-5	2.920439596489093e-5
-0.42542542542542544	2.9165077508009847e-5	2.9169414426010322e-5
-0.41541541541541543	2.9130996624356573e-5	2.9135296313680896e-5
-0.40540540540540543	2.909777447626375e-5	2.9102038014070665e-5
-0.3953953953953954	2.90654075630334e-5	2.9069636009487334e-5
-0.38538538538538536	2.9033892476209466e-5	2.903808688126755e-5
-0.37537537537537535	2.900322590528862e-5	2.9007387301831623e-5
-0.36536536536536535	2.8973404632662712e-5	2.897753404184872e-5
-0.35535535535535534	2.894442553564041e-5	2.8948523965372946e-5
-0.34534534534534533	2.8916285582462157e-5	2.892035402884359e-5
-0.3353353353353353	2.888898183397423e-5	2.8893021281234278e-5
-0.3253253253253253	2.8862511443829025e-5	2.8866522862902532e-5
-0.3153153153153153	2.8836871653780316e-5	2.8840856008198506e-5
-0.3053053053053053	2.8812059799300363e-5	2.8816018037646812e-5
-0.2952952952952953	2.878807330304982e-5	2.8792006364885105e-5
-0.2852852852852853	2.8764909674045842e-5	2.8768818491946545e-5
-0.2752752752752753	2.8742566514571243e-5	2.8746452007785532e-5
-0.2652652652652653	2.8721041511875007e-5	2.8724904592179952e-5
-0.2552552552552553	2.8700332441911662e-5	2.870417401140001e-5
-0.24524524524524524	2.8680437162924374e-5	2.8684258117602394e-5
-0.23523523523523523	2.866135362601845e-5	2.8665154851405317e-5
-0.22522522522522523	2.8643079863976858e-5	2.864686223741592e-5
-0.21521521521521522	2.8625613994173132e-5	2.8629378389217098e-5
-0.20520520520520522	2.8608954222312922e-5	2.861270150150058e-5
-0.19519519519519518	2.8593098835292603e-5	2.859682985673199e-5
-0.18518518518518517	2.8578046205253812e-5	2.8581761819148326e-5
-0.17517517517517517	2.8563794788608436e-5	2.8567495839902848e-5
-0.16516516516516516	2.855034312178205e-5	2.8554030452414226e-5
-0.15515515515515516	2.8537689830024335e-5	2.854136427226118e-5
-0.14514514514514515	2.8525833617476736e-5	2.852949600096673e-5
-0.13513513513513514	2.8514773269575394e-5	2.8518424419465888e-5
-0.12512512512512514	2.8504507657166437e-5	2.850814839293558e-5
-0.11511511511511512	2.8495035730898354e-5	2.8498666868221265e-5
-0.10510510510510511	2.848635652155826e-5	2.848997887497173e-5
-0.09509509509509509	2.8478469147010852e-5	2.848208352285384e-5
-0.08508508508508508	2.847137280014976e-5	2.8474980005494858e-5
-0.07507507507507508	2.8465066756767573e-5	2.8468667593827413e-5
-0.06506506506506507	2.8459550375580102e-5	2.8463145643877216e-5
-0.055055055055055056	2.8454823095495535e-5	2.8458413592173592e-5
-0.04504504504504504	2.8450884432766485e-5	2.8454470953401825e-5
-0.035035035035035036	2.8447733994677853e-5	2.845131732546437e-5
-0.025025025025025027	2.844537145881889e-5	2.844895238645101e-5
-0.015015015015015015	2.844379659457191e-5	2.8447375894268634e-5
-0.005005005005005005	2.8443009242635383e-5	2.8446587688944928e-5
0.005005005005005005	2.844300928070599e-5	2.8446587689278042e-5
0.015015015015015015	2.8443796659402616e-5	2.8447375894046708e-5
0.025025025025025027	2.8445371500572878e-5	2.8448952386562134e-5
0.035035035035035036	2.844773401667715e-5	2.8451317324798686e-5
0.04504504504504504	2.8450884446108813e-5	2.845447095284658e-5
0.055055055055055056	2.8454823102064892e-5	2.8458413591951785e-5
0.06506506506506507	2.8459550378039594e-5	2.846314564454326e-5
0.07507507507507508	2.846506675844888e-5	2.846866759360694e-5
0.08508508508508508	2.8471372799388415e-5	2.8474980004940143e-5
0.09509509509509509	2.847846914668768e-5	2.8482083523077932e-5
0.10510510510510511	2.848635652157258e-5	2.8489978875526983e-5
0.11511511511511512	2.849503572990971e-5	2.8498666867556883e-5
0.12512512512512514	2.8504507656506422e-5	2.8508148393382e-5
0.13513513513513514	2.8514773268693917e-5	2.8518424419133183e-5
0.14514514514514515	2.8525833615824412e-5	2.8529496000967885e-5
0.15515515515515516	2.853768982903028e-5	2.854136427270603e-5
0.16516516516516516	2.85503431211246e-5	2.855403045252607e-5
0.17517517517517517	2.8563794785948217e-5	2.8567495840015937e-5
0.18518518518518517	2.857804620459218e-5	2.8581761819374375e-5
0.19519519519519518	2.859309883440778e-5	2.859682985595708e-5
0.20520520520520522	2.8608954221872634e-5	2.8612701501614854e-5
0.21521521521521522	2.86256139936211e-5	2.8629378389553526e-5
0.22522522522522523	2.8643079862088788e-5	2.864686223841542e-5
0.23523523523523523	2.8661353624685194e-5	2.866515485096637e-5
0.24524524524524524	2.8680437161704534e-5	2.8684258118051247e-5
0.2552552552552553	2.8700332439135972e-5	2.8704174011405876e-5
0.2652652652652653	2.872104150998971e-5	2.8724904592850873e-5
0.2752752752752753	2.874256651224404e-5	2.8746452008012134e-5
0.2852852852852853	2.8764909672042297e-5	2.8768818491948076e-5
0.2952952952952953	2.878807330027134e-5	2.8792006365221563e-5
0.3053053053053053	2.8812059797862623e-5	2.8816018038872703e-5
0.3153153153153153	2.8836871652330826e-5	2.884085600809125e-5
0.3253253253253253	2.886251144193958e-5	2.886652286346213e-5
0.3353353353353353	2.888898183196889e-5	2.889302128124226e-5
0.34534534534534533	2.8916285579684347e-5	2.89203540282968e-5
0.35535535535535534	2.8944425533409063e-5	2.894852396549294e-5
0.36536536536536535	2.897340463054106e-5	2.897753404197056e-5
0.37537537537537535	2.9003225902939848e-5	2.900738730184178e-5
0.38538538538538536	2.9033892473866414e-5	2.90380868806167e-5
0.3953953953953954	2.9065407560588346e-5	2.9069636009393438e-5
0.40540540540540543	2.9097774474252995e-5	2.9102038014193766e-5
0.41541541541541543	2.9130996622018145e-5	2.9135296313137806e-5
0.42542542542542544	2.9165077504994497e-5	2.916941442568917e-5
0.43543543543543545	2.9200020724145783e-5	2.920439596447133e-5
0.44544544544544545	2.9235829973648274e-5	2.9240244642312404e-5
0.45545545545545546	2.9272509050346394e-5	2.9276964268876575e-5
0.46546546546546547	2.931006184794164e-5	2.9314558757732707e-5
0.4754754754754755	2.9348492360389964e-5	2.9353032118167838e-5
0.4854854854854855	2.9387804684516653e-5	2.939238846313699e-5
0.4954954954954955	2.9428003018243597e-5	2.9432632009893217e-5
0.5055055055055055	2.946909166123099e-5	2.9473767078261875e-5
0.5155155155155156	2.9511075020589068e-5	2.9515798092602386e-5
0.5255255255255256	2.9553957605001866e-5	2.95587295822321e-5
0.5355355355355356	2.959774403456216e-5	2.960256618674893e-5
0.5455455455455456	2.9642439030561802e-5	2.9647312650262517e-5
0.5555555555555556	2.9688047428345608e-5	2.9692973827433775e-5
0.5655655655655656	2.9734574170542905e-5	2.9739554683621365e-5
0.5755755755755756	2.9782024312523956e-5	2.978706029758071e-5
0.5855855855855856	2.9830403019343484e-5	2.9835495857317576e-5
0.5955955955955956	2.9879715570860595e-5	2.988486666736568e-5
0.6056056056056056	2.9929967363271417e-5	2.9935178147993235e-5
0.6156156156156156	2.9981163907643127e-5	2.998643583664963e-5
0.6256256256256256	3.003331083339457e-5	3.003864538739831e-5
0.6356356356356356	3.008641388754369e-5	3.0091812574810702e-5
0.6456456456456456	3.0140478939925692e-5	3.014594329667374e-5
0.6556556556556556	3.0195511979847913e-5	3.0201043569789772e-5
0.6656656656656657	3.0251519121743753e-5	3.0257119539621354e-5
0.6756756756756757	3.0308506603828883e-5	3.0314177473351216e-5
0.6856856856856857	3.0366480793044118e-5	3.0372223767650354e-5
0.6956956956956957	3.0425448182624796e-5	3.043126494839651e-5
0.7057057057057057	3.048541539622576e-5	3.049130767185028e-5
0.7157157157157157	3.0546389189022686e-5	3.05523587266982e-5
0.7257257257257257	3.060837645067193e-5	3.061442503629832e-5
0.7357357357357357	3.067138420444153e-5	3.067751365797978e-5
0.7457457457457457	3.073541961147469e-5	3.0741631791776775e-5
0.7557557557557557	3.080048997199187e-5	3.080678677217303e-5
0.7657657657657657	3.0866602725590045e-5	3.087298607995321e-5
0.7757757757757757	3.093376545602077e-5	3.09402373361518e-5
0.7857857857857858	3.100198589270324e-5	3.100854830913827e-5
0.7957957957957958	3.107127190829366e-5	3.107792691577506e-5
0.8058058058058059	3.114163152834202e-5	3.114838122163236e-5
0.8158158158158159	3.1213072927225044e-5	3.121991944434856e-5
0.8258258258258259	3.128560443261794e-5	3.1292549958620126e-5
0.8358358358358359	3.135923452863215e-5	3.136628129403187e-5
0.8458458458458459	3.143397185767617e-5	3.1441122137083744e-5
0.8558558558558559	3.15098252197646e-5	3.151708134023561e-5
0.8658658658658659	3.1586803579998745e-5	3.159416791641592e-5
0.8758758758758759	3.166491606786708e-5	3.167239104532105e-5
0.8858858858858859	3.174417198012461e-5	3.175176007823161e-5
0.8958958958958959	3.182458078442581e-5	3.183228453404845e-5
0.9059059059059059	3.190615212061023e-5	3.191397410867723e-5
0.9159159159159159	3.1988895802106666e-5	3.199683867563204e-5
0.9259259259259259	3.207282182576668e-5	3.208088828385435e-5
0.9359359359359359	3.2157940364310546e-5	3.21661331712284e-5
0.9459459459459459	3.224426177706362e-5	3.2252583756235044e-5
0.955955955955956	3.233179661136893e-5	3.2340250648230814e-5
0.965965965965966	3.242055560052232e-5	3.242914464886697e-5
0.975975975975976	3.25105496743399e-5	3.25192767517682e-5
0.985985985985986	3.260178995880696e-5	3.261065815319615e-5
0.995995995995996	3.269428777728917e-5	3.270330024500159e-5
1.006006006006006	3.278805465871455e-5	3.2797214628657496e-5
1.016016016016016	3.288310233608974e-5	3.289241311234034e-5
1.026026026026026	3.297944275235812e-5	3.298890771490123e-5
1.0360360360360361	3.307708806461114e-5	3.308671067061816e-5
1.0460460460460461	3.317605064624554e-5	3.318583443479937e-5
1.0560560560560561	3.327634309135687e-5	3.3286291683737886e-5
1.0660660660660661	3.3377978218945614e-5	3.338809532031991e-5
1.0760760760760761	3.348096907530547e-5	3.3491258479772384e-5
1.0860860860860861	3.358532893979406e-5	3.359579453023392e-5
1.0960960960960962	3.369107132717865e-5	3.370171707993525e-5
1.1061061061061062	3.3798209994824986e-5	3.3809039978404574e-5
1.1161161161161162	3.390675894206611e-5	3.391777732447974e-5
1.1261261261261262	3.401673242072713e-5	3.402794346918443e-5
1.1361361361361362	3.412814493354066e-5	3.413955301925248e-5
1.1461461461461462	3.424101124180825e-5	3.4252620839328064e-5
1.1561561561561562	3.435534637264328e-5	3.4367162066953693e-5
1.1661661661661662	3.447116561579262e-5	3.448319210473847e-5
1.1761761761761762	3.4588484539782295e-5	3.460072663403033e-5
1.1861861861861862	3.4707318984523994e-5	3.471978161406919e-5
1.1961961961961962	3.482768507772739e-5	3.48403732930671e-5
1.2062062062062062	3.4949599233047955e-5	3.496251821096576e-5
1.2162162162162162	3.507307815768647e-5	3.508623320351038e-5
1.2262262262262262	3.5198138859671616e-5	3.521153540917867e-5
1.2362362362362362	3.532479864760215e-5	3.533844227404919e-5
1.2462462462462462	3.545307514449023e-5	3.546697156187467e-5
1.2562562562562563	3.558298628982271e-5	3.559714135329278e-5
1.2662662662662663	3.5714550342536284e-5	3.572897005846907e-5
1.2762762762762763	3.584778589366416e-5	3.586247641837085e-5
1.2862862862862863	3.59827118662978e-5	3.5997679514585816e-5
1.2962962962962963	3.6119347528972306e-5	3.613459877443005e-5
1.3063063063063063	3.6257712494180736e-5	3.627325397986114e-5
1.3163163163163163	3.6397826734092085e-5	3.641366526957809e-5
1.3263263263263263	3.653971057944085e-5	3.655585315496885e-5
1.3363363363363363	3.6683384732639526e-5	3.669983851676559e-5
1.3463463463463463	3.6828870272722126e-5	3.684564262066849e-5
1.3563563563563563	3.697618866316963e-5	3.699328712146205e-5
1.3663663663663663	3.712536175907846e-5	3.714279407182168e-5
1.3763763763763763	3.727641181584652e-5	3.729418593204293e-5
1.3863863863863863	3.742936149868517e-5	3.7447485574337855e-5
1.3963963963963963	3.758423388562412e-5	3.7602716295919114e-5
1.4064064064064064	3.774105248412634e-5	3.7759901824122265e-5
1.4164164164164164	3.789984123476867e-5	3.7919066327989e-5
1.4264264264264264	3.8060624520972525e-5	3.8080234426101186e-5
1.4364364364364364	3.8223427175661865e-5	3.8243431197253914e-5
1.4464464464464464	3.838827449758713e-5	3.8408682186939725e-5
1.4564564564564564	3.8555192254880425e-5	3.857601342411099e-5
1.4664664664664664	3.872420669813909e-5	3.874545142320439e-5
1.4764764764764764	3.889534456775944e-5	3.891702319890981e-5
1.4864864864864864	3.906863310854835e-5	3.909075627803076e-5
1.4964964964964964	3.9244100076536114e-5	3.926667870744245e-5
1.5065065065065064	3.9421773752919044e-5	3.944481906838106e-5
1.5165165165165164	3.960168295393308e-5	3.962520648599161e-5
1.5265265265265264	3.978385704216678e-5	3.9807870642060305e-5
1.5365365365365364	3.9968325938956795e-5	3.999284178660951e-5
1.5465465465465464	4.015512013873002e-5	4.01801507524984e-5
1.5565565565565564	4.0344270716523416e-5	4.0369828964116344e-5
1.5665665665665667	4.053580934653473e-5	4.05619084571886e-5
1.5765765765765767	4.072976831191372e-5	4.075642188611395e-5
1.5865865865865867	4.092618051890884e-5	4.095340254044784e-5
1.5965965965965967	4.112507951192794e-5	4.1152884360909145e-5
1.6066066066066067	4.1326499487019044e-5	4.1354901951923004e-5
1.6166166166166167	4.153047530639476e-5	4.155949059808201e-5
1.6266266266266267	4.17370425144104e-5	4.176668627817481e-5
1.6366366366366367	4.194623735339148e-5	4.197652568270624e-5
1.6466466466466467	4.215809677678692e-5	4.218904623012716e-5
1.6566566566566567	4.237265847071409e-5	4.2404286083607076e-5
1.6666666666666667	4.2589960865768944e-5	4.262228416856468e-5
1.6766766766766767	4.2810043156481866e-5	4.284308019147986e-5
1.6866866866866868	4.3032945321443687e-5	4.30667146543121e-5
1.6966966966966968	4.325870813748078e-5	4.3293228880185875e-5
1.7067067067067068	4.3487373199824985e-5	4.352266502690958e-5
1.7167167167167168	4.3718982944621256e-5	4.375506611021151e-5
1.7267267267267268	4.395358066428053e-5	4.399047602279661e-5
1.7367367367367368	4.4191210529238266e-5	4.4228939556369633e-5
1.7467467467467468	4.443191761513447e-5	4.4470502423702766e-5
1.7567567567567568	4.467574791345698e-5	4.471521128088254e-5
1.7667667667667668	4.492274836103856e-5	4.496311374936703e-5
1.7767767767767768	4.51729668625516e-5	4.521425844107355e-5
1.7867867867867868	4.542645231485931e-5	4.54686949831659e-5
1.7967967967967968	4.5683254625907195e-5	4.572647404053159e-5
1.8068068068068068	4.594342474741734e-5	4.598764734630535e-5
1.8168168168168168	4.62070146947482e-5	4.625226772584302e-5
1.8268268268268268	4.64740775759748e-5	4.652038912236649e-5
1.8368368368368369	4.674466761870447e-5	4.679206662928675e-5
1.8468468468468469	4.70188401976776e-5	4.706735651750534e-5
1.8568568568568569	4.7296651867157254e-5	4.734631626699733e-5
1.8668668668668669	4.757816038286809e-5	4.7629004592497946e-5
1.8768768768768769	4.786342474274275e-5	4.791548148422245e-5
1.8868868868868869	4.815250521139743e-5	4.820580823445456e-5
1.896896896896897	4.84454633559389e-5	4.8500047472264584e-5
1.906906906906907	4.874236207780557e-5	4.8798263201325266e-5
1.916916916916917	4.904326564935856e-5	4.910052083303641e-5
1.926926926926927	4.934823974899878e-5	4.9406887226203795e-5
1.936936936936937	4.9657351494732086e-5	4.971743072450698e-5
1.946946946946947	4.9970669489510865e-5	5.0032221194546e-5
1.956956956956957	5.028826385434024e-5	5.035133006998092e-5
1.966966966966967	5.061020626872538e-5	5.067483039164385e-5
1.976976976976977	5.0936570016808245e-5	5.10027968528863e-5
1.986986986986987	5.126743002489182e-5	5.1335305840315397e-5
1.996996996996997	5.160286291087563e-5	5.167243548712928e-5
2.007007007007007	5.194294702726514e-5	5.201426571495887e-5
2.017017017017017	5.228776250975684e-5	5.236087828531593e-5
2.027027027027027	5.263739132201247e-5	5.271235685464519e-5
2.037037037037037	5.299191731359496e-5	5.306878701961264e-5
2.047047047047047	5.3351426265105785e-5	5.343025637851297e-5
2.057057057057057	5.371600594547975e-5	5.379685458442146e-5
2.067067067067067	5.40857461655923e-5	5.416867340552541e-5
2.0770770770770772	5.446073884019561e-5	5.454580678243023e-5
2.0870870870870872	5.484107803773005e-5	5.492835089369609e-5
2.0970970970970972	5.5226860053265886e-5	5.53164042182287e-5
2.1071071071071072	5.5618183461898236e-5	5.571006760265362e-5
2.1171171171171173	5.601514919154918e-5	5.610944433150366e-5
2.1271271271271273	5.6417860583836376e-5	5.651464019590043e-5
2.1371371371371373	5.6826423470760703e-5	5.6925763569163716e-5
2.1471471471471473	5.7240946242852994e-5	5.734292548575105e-5
2.1571571571571573	5.766153992345522e-5	5.7766239715469936e-5
2.1671671671671673	5.808831824886156e-5	5.819582284633491e-5
2.1771771771771773	5.852139774850857e-5	5.863179437349175e-5
2.1871871871871873	5.896089782456839e-5	5.9074276783952505e-5
2.1971971971971973	5.9406940842946404e-5	5.952339564614681e-5
2.2072072072072073	5.985965221485639e-5	5.9979279706906944e-5
2.2172172172172173	6.0319160497168964e-5	6.044206098917306e-5
2.2272272272272273	6.078559748067814e-5	6.0911874891744114e-5
2.2372372372372373	6.125909829320218e-5	6.138886029401948e-5
2.2472472472472473	6.17398015016393e-5	6.187315966710855e-5
2.2572572572572573	6.222784921442788e-5	6.23649191853724e-5
2.2672672672672673	6.272338719347332e-5	6.286428884202731e-5
2.2772772772772774	6.322656497093541e-5	6.337142257448708e-5
2.2872872872872874	6.37375359633582e-5	6.388647838527111e-5
2.2972972972972974	6.425645759614907e-5	6.440961847690832e-5
2.3073073073073074	6.47834914268038e-5	6.494100938603256e-5
2.3173173173173174	6.531880328424973e-5	6.548082212657328e-5
2.3273273273273274	6.58625633959966e-5	6.602923233247204e-5
2.3373373373373374	6.641494653952146e-5	6.658642041292301e-5
2.3473473473473474	6.697613218424851e-5	6.715257170751025e-5
2.3573573573573574	6.754630464144561e-5	6.77278766564393e-5
2.3673673673673674	6.812565323273359e-5	6.831253096149276e-5
2.3773773773773774	6.871437244301628e-5	6.890673577371105e-5
2.3873873873873874	6.931266210287069e-5	6.95106978701118e-5
2.3973973973973974	6.992072755921504e-5	7.012462985377057e-5
2.4074074074074074	7.053877986227467e-5	7.074875034424924e-5
2.4174174174174174	7.11670359623441e-5	7.138328419290684e-5
2.4274274274274275	7.180571890215762e-5	7.202846269667279e-5
2.4374374374374375	7.245505803125653e-5	7.268452381995823e-5
2.4474474474474475	7.311528921847348e-5	7.335171243778959e-5
2.4574574574574575	7.37866550800403e-5	7.403028057156282e-5
2.4674674674674675	7.446940521398497e-5	7.472048764841472e-5
2.4774774774774775	7.516379643979615e-5	7.542260076590988e-5
2.4874874874874875	7.587009305854945e-5	7.613689496425752e-5
2.4974974974974975	7.658856711586988e-5	7.686365352535171e-5
2.5075075075075075	7.731949867311118e-5	7.760316826270102e-5
2.5175175175175175	7.806317610017482e-5	7.835573983904924e-5
2.5275275275275275	7.881989637368638e-5	7.912167809894267e-5
2.5375375375375375	7.958996538634488e-5	7.990130239872495e-5
2.5475475475475475	8.037369827797485e-5	8.069494197816059e-5
2.5575575575575575	8.117141976804964e-5	8.15029363226909e-5
2.5675675675675675	8.198346451683491e-5	8.232563555516219e-5
2.5775775775775776	8.281017749044068e-5	8.3163400846776e-5
2.5875875875875876	8.365191435023918e-5	8.401660483691325e-5
2.5975975975975976	8.450904185122142e-5	8.488563208103943e-5
2.6076076076076076	8.538193826923707e-5	8.577087951713806e-5
2.6176176176176176	8.627099383498512e-5	8.667275694830513e-5
2.6276276276276276	8.717661119842842e-5	8.75916875599617e-5
2.6376376376376376	8.809920590477935e-5	8.85281084390173e-5
2.6476476476476476	8.903920690224775e-5	8.948247114566845e-5
2.6576576576576576	8.999705706237177e-5	9.045524229596822e-5
2.6676676676676676	9.097321373182392e-5	9.144690416810388e-5
2.6776776776776776	9.196814931039118e-5	9.245795535022304e-5
2.6876876876876876	9.298235184697344e-5	9.348891141395544e-5
2.6976976976976976	9.401632568145333e-5	9.454030561842487e-5
2.7077077077077076	9.507059209290394e-5	9.561268965293375e-5
2.7177177177177176	9.614569000002264e-5	9.670663441585434e-5
2.7277277277277276	9.724217668622116e-5	9.782273083066745e-5
2.7377377377377377	9.83606285571461e-5	9.896159070182294e-5
2.7477477477477477	9.950164194483329e-5	0.00010012384762254438
2.7577577577577577	0.00010066583393984624	0.00010131015791420643
2.7677677677677677	0.00010185384327275741	0.00010252120162924375
2.7777777777777777	0.0001030663312414007	0.00010375768359582897
2.7877877877877877	0.00010430398266877886	0.00010502033452243211
2.7977977977977977	0.0001055675069377073	0.00010630991215777566
2.8078078078078077	0.00010685763905015898	0.00010762720251376822
2.8178178178178177	0.00010817514075620154	0.00010897302115313549
2.8278278278278277	0.0001095208017380547	0.0001103482145460289
2.8378378378378377	0.00011089544086130036	0.00011175366150444708
2.8478478478478477	0.0001122999074783909	0.0001131902746867378
2.8578578578578577	0.00011373508281295248	0.00011465900219585645
2.8678678678678677	0.0001152018814188466	0.00011616082925674151
2.8778778778778777	0.00011670125271046339	0.00011769677999438506
2.8878878878878878	0.00011823418257693238	0.00011926791930937214
2.8978978978978978	0.0001198016950913586	0.00012087535486621866
2.9079079079079078	0.00012140485430894107	0.00012252023918227765
2.9179179179179178	0.00012304476616514632	0.00012420377185715784
2.9279279279279278	0.00012472258048133275	0.00012592720191278468
2.937937937937938	0.00012643949308553012	0.0001276918302942862
2.947947947947948	0.00012819674805152268	0.00012949901249098626
2.957957957957958	0.0001299956400632369	0.00013135016134594775
2.967967967967968	0.00013183751692797966	0.0001332467500104928
2.977977977977978	0.00013372378221921668	0.0001351903150995683
2.987987987987988	0.00013565589809215283	0.000137182460018155
2.997997997997998	0.0001376353882522697	0.00013922485852522015
3.008008008008008	0.0001396638411136941	0.000141319258495174
3.018018018018018	0.00014174291313880956	0.00014346748592857726
3.028028028028028	0.00014387433238685672	0.00014567144922094315
3.038038038038038	0.00014605990228211874	0.00014793314370893187
3.048048048048048	0.00014830150560830944	0.00015025465650461649
3.058058058058058	0.00015060110875889045	0.00015263817165399416
3.068068068068068	0.00015296076626168683	0.00015508597564361438
3.078078078078078	0.00015538262557769096	0.00015760046326606517
3.088088088088088	0.0001578689322219955	0.00016018414389017013
3.098098098098098	0.00016042203520508542	0.00016283964815684188
3.108108108108108	0.00016304439284670422	0.00016556973514840356
3.118118118118118	0.00016573857896198785	0.0001683773000448321
3.1281281281281283	0.00016850728946039216	0.00017126538232499052
3.1381381381381384	0.00017135334940392068	0.0001742371745621363
3.1481481481481484	0.0001742797205274149	0.00017729603184385228
3.1581581581581584	0.0001772895092917716	0.0001804454818739996
3.1681681681681684	0.0001803859754880997	0.00018368923584195969
3.1781781781781784	0.00018357254145260629	0.0001870312000604537
3.1881881881881884	0.00018685280192623195	0.00019047548852482656
3.1981981981981984	0.00019023053463050068	0.00019402643639212217
3.2082082082082084	0.00019370971160312823	0.00019768861451722647
3.2182182182182184	0.00019729451136586367	0.00020146684510835355
3.2282282282282284	0.00020098933198693281	0.00020536621862229912
3.2382382382382384	0.0002047988051296314	0.0002093921120000776
3.2482482482482484	0.00020872781115204174	0.00021355020836632315
3.2582582582582584	0.000212781495360154	0.00021784651834519047
3.2682682682682684	0.0002169652855348329	0.00022228740311839142
3.2782782782782784	0.0002212849107968362	0.0002268795994240003
3.2882882882882885	0.00022574642198714732	0.00023163024664716624
3.2982982982982985	0.00023035621365786264	0.00023654691623944182
3.3083083083083085	0.0002351210478617388	0.000241637643681161
3.3183183183183185	0.00024004807985608312	0.00024691096324016827
3.3283283283283285	0.0002451448859597787	0.00025237594582848514
3.3383383383383385	0.0002504194937356904	0.000258042240248221
3.3483483483483485	0.00025588041471338505	0.00026392011819674065
3.3583583583583585	0.0002615366799474175	0.0002700205234439072
3.3683683683683685	0.00026739787863623224	0.00027635512558849397
3.3783783783783785	0.0002734742001602115	0.0002829363789184979
3.3883883883883885	0.00027977647984386947	0.00028977758693740554
3.3983983983983985	0.00028631624885940574	0.0002968929731789559
3.4084084084084085	0.00029310578868471237	0.0003042977590204479
3.4184184184184185	0.0003001581906071177	0.00031200824930558
3.4284284284284285	0.0003074874208117467	0.0003200419266767255
3.4384384384384385	0.00031510839165254436	0.00032841755566232774
3.4484484484484486	0.0003230370398187595	0.00033715529766487003
3.4584584584584586	0.0003312904121151145	0.00034627683819861204
3.4684684684684686	0.0003398867597708357	0.00035580552788446086
3.4784784784784786	0.0003488456422333305	0.00036576653891759036
3.4884884884884886	0.00035818804155347123	0.00037618703900408495
3.4984984984984986	0.00036793648860798715	0.0003870963850203653
3.5085085085085086	0.00037811520262673255	0.0003985263389824895
3.5185185185185186	0.0003887502455776186	0.0004105113093539354
3.5285285285285286	0.00039986969330525963	0.0004230886210907496
3.5385385385385386	0.0004115038255218767	0.0004362988184654936
3.5485485485485486	0.0004236853370367366	0.0004501860052576446
3.5585585585585586	0.0004364495730168486	0.00046479822769176056
3.5685685685685686	0.00044983479142286846	0.0004801879063868545
3.5785785785785786	0.0004638824563025151	0.0004964123246050064
3.5885885885885886	0.00047863756612815604	0.0005135341813680391
3.5985985985985987	0.0004941490220622345	0.0005316222194565322
3.6086086086086087	0.0005104700418014495	0.0005507519401539414
3.6186186186186187	0.0005276586255697674	0.0005710064186692087
3.6286286286286287	0.0005457780818611636	0.0005924772368124372
3.6386386386386387	0.0005648976219305899	0.0006152655525746171
3.6486486486486487	0.0005850930334405533	0.0006394833301093639
3.6586586586586587	0.0006064474455628097	0.0006652547582006535
3.6686686686686687	0.0006290522000133709	0.0006927178909635892
3.6786786786786787	0.0006530078451025832	0.0007220265515103031
3.6886886886886887	0.0006784252731112009	0.0007533525478826793
3.6986986986986987	0.0007054270250229395	0.0007868882611763745
3.7087087087087087	0.0007341487914646488	0.0008228496791504675
3.7187187187187187	0.0007647411442227523	0.0008614799650579398
3.7287287287287287	0.0007973715398039744	0.000903053672546566
3.7387387387387387	0.0008322266449375366	0.0009478817437505054
3.7487487487487487	0.0008695150445921346	0.0009963174615429675
3.7587587587587588	0.0009094704060982349	0.0010487635698682625
3.7687687687687688	0.0009523551893744516	0.0011056808318210575
3.7787787787787788	0.000998465013634019	0.001167598367001965
3.7887887887887888	0.0010481338168382027	0.001235126203967213
3.798798798798799	0.001101739976693935	0.0013089706073202247
3.808808808808809	0.001159713603594857	0.0013899529031986503
3.818818818818819	0.0012225452691329958	0.0014790327465923157
3.828828828828829	0.0012907965025212016	0.001577337069832735
3.838838838838839	0.0013651124762251168	0.0016861963549293674
3.848848848848849	0.001446237418696259	0.0018071904265484105
3.858858858858859	0.001535033445360103	0.0019422067326107005
3.868868868868869	0.0016325037025565748	0.002093515161719948
3.878878878878879	0.001739820991415411	0.0022638649858205597
3.888888888888889	0.0018583634062941193	0.002456611734590768
3.898898898898899	0.0019897590234833943	0.002675885049171256
3.908908908908909	0.002135942365150625	0.002926813370852405
3.918918918918919	0.002299226322924913	0.0032158285716670284
3.928928928928929	0.0024823945745697214	0.003551084765443431
3.938938938938939	0.0026888214492511143	0.003943042963726692
3.948948948948949	0.002922628969524468	0.004405301108649365
3.958958958958959	0.0031888948563034785	0.00495579464299968
3.968968968968969	0.003493931312501988	0.0056185694605346255
3.978978978978979	0.0038456635100145714	0.0064264617517611365
3.988988988988989	0.004254150714857169	0.007425256408932416
3.998998998998999	0.00473231496243857	0.008680335453101313
4.009009009009009	0.00529697742141132	0.01028767853247286
4.019019019019019	0.005970360406038829	0.012392804047859907
4.029029029029029	0.006782310443494258	0.015224946804364536
4.039039039039039	0.007773666925519079	0.019162276281620358
4.049049049049049	0.00900150423895226	0.024865110530309313
4.059059059059059	0.01054754011414681	0.0335720873292033
4.069069069069069	0.012532100349993587	0.04783437176609759
4.079079079079079	0.015138269387352533	0.07362145769949767
4.089089089089089	0.018655694560240292	0.1277541675552611
4.099099099099099	0.023564697882587055	0.274274384953621
4.109109109109109	0.03070940740397069	0.9581467276973048
4.119119119119119	0.041686433716865916	41.31754602918911
4.129129129129129	0.05982073522564462	1.697305686051913
4.1391391391391394	0.09301397472634154	0.3652257943056274
4.1491491491491495	0.1640635039083858	0.15461095934373126
4.1591591591591595	0.3634300173204076	0.08493992306381741
4.1691691691691695	1.384968807182165	0.053633426330781525
4.1791791791791795	128.52065558147567	0.03693801670930728
4.1891891891891895	1.641622219809256	0.02699799348816662
4.1991991991991995	0.3959336406186388	0.020606465906579278
4.2092092092092095	0.17373283511686455	0.016256077401779475
4.2192192192192195	0.09710933570798068	0.013162489282543516
4.2292292292292295	0.06192940451850696	0.010884889337217218
4.2392392392392395	0.042917108625833936	0.00916007560051361
4.2492492492492495	0.031494112314705815	0.00782302520945678
4.2592592592592595	0.024099729115587453	0.0067660168692930765
4.2692692692692695	0.019040597743681876	0.0059163146071702505
4.2792792792792795	0.015427878584968689	0.005223370248138946
4.2892892892892895	0.012758637891431454	0.004651172243823089
4.2992992992992995	0.010730952109010176	0.004173504740495259
4.3093093093093096	0.00915467827078547	0.0037709172842577843
4.31931931931932	0.007905235166226812	0.0034287344827025673
4.32932932932933	0.006898235424929826	0.0031357168903102853
4.33933933933934	0.0060748721281048655	0.0028831405334552146
4.34934934934935	0.005393148217464998	0.0026641519358166395
4.35935935935936	0.004822423753080469	0.002473308301910837
4.36936936936937	0.004339920446770431	0.0023062445303736827
4.37937937937938	0.003928419854685829	0.0021594286169568026
4.38938938938939	0.003574711128448329	0.0020299796369314554
4.3993993993994	0.0032685218153236865	0.0019155306789495961
4.40940940940941	0.0030017672496850546	0.001814124501548053
4.41941941941942	0.002768014488064571	0.0017241333062467763
4.42942942942943	0.002562093464134824	0.0016441964902969243
4.43943943943944	0.0023798109071678985	0.0015731719492515332
4.44944944944945	0.0022177371192577374	0.0015100976954131216
4.45945945945946	0.0020730451523323108	0.0014541614071388166
4.46946946946947	0.00194338816931249	0.0014046761329441367
4.47947947947948	0.0018268049698259162	0.001361060816819395
4.48948948948949	0.001721646524636171	0.001322824635681457
4.4994994994995	0.001626518345138717	0.0012895543805582087
4.50950950950951	0.0015402349049576914	0.0012609042936181842
4.51951951951952	0.0014617833177585453	0.0012365879097726877
4.52952952952953	0.0013902941846104413	0.001216371556603684
4.53953953953954	0.0013250180390450249	0.0012000692480072588
4.54954954954955	0.0012653061952520594	0.0011875387714716577
4.55955955955956	0.0012105950843971545	0.0011786788213004283
4.56956956956957	0.0011603933725652287	0.0011734270735489455
4.57957957957958	0.0011142713110086802	0.0011717591359496479
4.58958958958959	0.0010718518885128748	0.001173688340020851
4.5995995995996	0.001032803447014588	0.0011792663747211803
4.60960960960961	0.0009968334916130328	0.0011885847934552845
4.61961961961962	0.0009636834807850812	0.0012017774609403005
4.62962962962963	0.0009331244248514815	0.0012190240452476836
4.63963963963964	0.0009049531542720392	0.0012405547062426879
4.64964964964965	0.0008789891455404129	0.0012666561871846208
4.65965965965966	0.0008550718134189961	0.0012976795862361175
4.66966966966967	0.0008330581949787209	0.0013340501737351671
4.67967967967968	0.0008128209641574761	0.0013762797375971765
4.68968968968969	0.0007942467265710944	0.0014249820926246558
4.6996996996997	0.0007772345528754045	0.0014808925954339946
4.70970970970971	0.0007616947162305375	0.0015448927847218448
4.71971971971972	0.0007475476052483063	0.0016180416484127273
4.72972972972973	0.000734722788571416	0.0017016155470195257
4.73973973973974	0.0007231582113011256	0.001797159563745063
4.74974974974975	0.0007127995067178343	0.0019065541029733794
4.75975975975976	0.0007035994096168076	0.0020321020711108802
4.76976976976977	0.0006955172598242569	0.0021766441796441703
4.77977977977978	0.0006885185866189755	0.002343713176319722
4.78978978978979	0.0006825747663153348	0.002537742726661481
4.7997997997998	0.000677662746981704	0.002764354200031791
4.80980980980981	0.0006737648354084089	0.003030756378954024
4.81981981981982	0.0006708685427822575	0.003346311879607309
4.82982982982983	0.0006689664865699578	0.0037233547226615117
4.83983983983984	0.0006680563471456359	0.004178394857045254
4.84984984984985	0.0006681408787622238	0.004733934022757441
4.85985985985986	0.0006692279753652199	0.00542127511386482
4.86986986986987	0.0006713307929260275	0.006284998624130507
4.87987987987988	0.0006744679308908836	0.007390340796374199
4.88988988988989	0.000678663676563565	0.00883584088209909
4.8998998998999	0.0006839483176094637	0.010776042421693551
4.90990990990991	0.0006903585291093414	0.013464541190344782
4.91991991991992	0.0006979378434384637	0.017341244297758785
4.92992992992993	0.0007067372129868886	0.023224522324594658
4.93993993993994	0.0007168156781349541	0.03278167700080881
4.94994994994995	0.0007282411554217964	0.04985569791035599
4.95995995995996	0.0007410913640909625	0.08503403272730643
4.96996996996997	0.0007554549130115187	0.17710592502876257
4.97997997997998	0.0007714325746825298	0.573138764696283
4.98998998998999	0.0007891387786060214	13.096051757796472
5.0	0.000808703363398956	1.524933596381328
