-5.0	0.00042341227730723183	0.0013432018873474197
-4.98998998998999	0.00042542319446043584	0.0013765030294110396
-4.97997997997998	0.00042767301935357576	0.001411528988895249
-4.96996996996997	0.0004301603872384603	0.0014483926470203006
-4.95995995995996	0.00043288482061174064	0.0014872163749783858
-4.94994994994995	0.0004358467013887124	0.0015281329861687957
-4.93993993993994	0.00043904725062918486	0.0015712868011463017
-4.92992992992993	0.00044248851534541955	0.0016168348407736516
-4.91991991991992	0.0004461733620607053	0.0016649481652314477
-4.90990990990991	0.00045010547682745915	0.0017158133796238149
-4.8998998998999	0.0004542893715618626	0.0017696343300061931
-4.88988988988989	0.0004587303965876514	0.0018266340177478723
-4.87987987987988	0.00046343475947534083	0.001887056764687123
-4.86986986986987	0.0004684095501316812	0.0019511706671064596
-4.85985985985986	0.0004736627724544821	0.0020192703830889244
-4.84984984984985	0.00047920338271798424	0.002091680305749101
-4.83983983983984	0.00048504133503433054	0.0021687581841989645
-4.82982982982983	0.0004911876343880444	0.00225089926547573
-4.81981981981982	0.000497654397703909	0.0023385410443553314
-4.80980980980981	0.0005044549236054136	0.0024321687245921933
-4.7997997997998	0.000511603771676132	0.002532321515278978
-4.78978978978979	0.0005191168519771485	0.0026395999106499065
-4.77977977977978	0.0005270115260170018	0.002754674131901804
-4.76976976976977	0.0005353067202404278	0.002878293946699118
-4.75975975975976	0.0005440230534777738	0.0030113001279883657
-4.74974974974975	0.0005531829799518806	0.0031546378708357872
-4.73973973973974	0.0005628109496826876	0.0033093725570284404
-4.72972972972973	0.0005729335883981752	0.0034767083465056634
-4.71971971971972	0.0005835798994923691	0.0036580101870012046
-4.70970970970971	0.0005947814907495121	0.003854829975730336
-4.6996996996997	0.0006065728292915202	0.004068937788353009
-4.68968968968969	0.0006189915284101037	0.00430235932306885
-4.67967967967968	0.0006320786708717154	0.004557421007602418
-4.66966966966967	0.0006458791737293687	0.004836804606246994
-4.65965965965966	0.0006604422008123338	0.0051436136730888815
-4.64964964964965	0.0006758216298229002	0.005481454867964303
-4.63963963963964	0.0006920765823980441	0.0058545380409654145
-4.62962962962963	0.0007092720267760993	0.006267800181165785
-4.61961961961962	0.0007274794646299907	0.006727059931129661
-4.60960960960961	0.0007467777155082171	0.007239211554805353
-4.5995995995996	0.0007672538149969167	0.007812470253910291
-4.58958958958959	0.000789004045694029	0.008456684905569082
-4.57957957957958	0.0008121351238746431	0.009183740164411237
-4.56956956956957	0.0008367655690283617	0.010008078218950939
-4.55955955955956	0.0008630272893123547	0.010947382510774234
-4.54954954954955	0.0008910674224128405	0.012023483271571513
-4.53953953953954	0.0009210504799716898	0.013263570729971344
-4.52952952952953	0.0009531608540594162	0.01470184097826192
-4.51951951951952	0.0009876057571203837	0.01638175944233968
-4.50950950950951	0.001024618683184256	0.018359220489155604
-4.4994994994995	0.0010644634986831368	0.02070703085625024
-4.48948948948949	0.0011074392970812866	0.023521387732742493
-4.47947947947948	0.0011538861847116412	0.026931428735489836
-4.46946946946947	0.0012041922076801703	0.031113629434326467
-4.45945945945946	0.0012588016843499352	0.03631406193686901
-4.44944944944945	0.0013182252790082001	0.04288379933622445
-4.43943943943944	0.0013830522452642118	0.05133708451582119
-4.42942942942943	0.001453965390127041	0.06245052660425332
-4.41941941941942	0.001531759472248271	0.07743973495701635
-4.40940940940941	0.001617363965465978	0.09829020686943242
-4.3993993993994	0.0017118714126063733	0.1284156697068841
-4.38938938938939	0.0018165729956657651	0.17406640559208278
-4.37937937937938	0.0019330034999532919	0.24761992689751627
-4.36936936936937	0.002062998618662047	0.37614705570732543
-4.35935935935936	0.0022087686257059582	0.6267785128403939
-4.34934934934935	0.0023729939868397157	1.1919062085294216
-4.33933933933934	0.0025589507055727772	2.6424694897176284
-4.32932932932933	0.002770676461752593	4.934633070497024
-4.31931931931932	0.0030131934520159728	3.332279132003245
-4.3093093093093096	0.0032928111772443707	1.5177943039572512
-4.2992992992992995	0.003617543719397397	0.7894818705237315
-4.2892892892892895	0.003997693793914356	0.47372491297662783
-4.2792792792792795	0.004446684345259466	0.31458108142534097
-4.2692692692692695	0.004982265276779349	0.22435268778052508
-4.2592592592592595	0.005628301954363876	0.16855027364699934
-4.2492492492492495	0.006417489583716772	0.13171047791857132
-4.2392392392392395	0.007395584672361552	0.10613387334365067
-4.2292292292292295	0.008628206037474932	0.08765611516513001
-4.2192192192192195	0.010212156533351183	0.07387091198439659
-4.2092092092092095	0.012295056586841206	0.06331106586584478
-4.1991991991991995	0.015111071481893373	0.05504134920915413
-4.1891891891891895	0.01904978371111946	0.04844299645837197
-4.1791791791791795	0.02479864321349441	0.04309344871002853
-4.1691691691691695	0.03366472697695526	0.03869617387841199
-4.1591591591591595	0.048389093794191075	0.03503810163448339
-4.1491491491491495	0.07555010712237231	0.03196292890303049
-4.1391391391391394	0.13441416942931161	0.029353880703690605
-4.129129129129129	0.3034740892892618	0.027122285416370684
-4.119119119119119	1.224352220692101	0.02519982718888281
-4.109109109109109	75.34824843097962	0.02353318270172508
-4.099099099099099	1.1260381920390836	0.02208023908697737
-4.089089089089089	0.2907963176811052	0.02080738180627351
-4.079079079079079	0.1305924788747972	0.019687519977271292
-4.069069069069069	0.073911539146798	0.01869862854367609
-4.059059059059059	0.04753861670741777	0.01782265826346658
-4.049049049049049	0.033168874805872973	0.01704471116631482
-4.039039039039039	0.024487525750801892	0.016352410113049217
-4.029029029029029	0.0188457076907572	0.01573541199150069
-4.019019019019019	0.014974353200529845	0.015185028398755265
-4.009009009009009	0.012203664477115968	0.014693927602185618
-3.998998998998999	0.01015303498924825	0.014255898567509332
-3.988988988988989	0.008593202107669817	0.013865662824257875
-3.978978978978979	0.007379383117030672	0.013518723527989367
-3.968968968968969	0.006416498511051963	0.013211243691744675
-3.958958958958959	0.005640019351794255	0.012939947481105017
-3.948948948948949	0.0050049027310141115	0.012702039894338837
-3.938938938938939	0.0044789349516944285	0.012495141219240228
-3.928928928928929	0.004038584249690721	0.012317233467278806
-3.918918918918919	0.003666337330164414	0.01216661660355931
-3.908908908908909	0.003348942624951683	0.012041872867017162
-3.898898898898899	0.0030762239267428564	0.011941837845607272
-3.888888888888889	0.0028402621736903512	0.011865577262619938
-3.878878878878879	0.0026348203838279767	0.011812368662339633
-3.868868868868869	0.002454932535317346	0.011781687371081194
-3.858858858858859	0.002296605074158077	0.011773196264298232
-3.848848848848849	0.0021565971198917256	0.011786739001093257
-3.838838838838839	0.0020322565200254395	0.01182233650081436
-3.828828828828829	0.0019213961054617436	0.01188018653862178
-3.818818818818819	0.0018221992635504552	0.01196066643257072
-3.808808808808809	0.0017331471516098824	0.012064338888849512
-3.798798798798799	0.001652962063366922	0.012191961168401887
-3.7887887887887888	0.001580562978036061	0.012344497842010157
-3.7787787787787788	0.0015150303867480625	0.0125231375169552
-3.7687687687687688	0.0014555782480548966	0.012729314052437504
-3.7587587587587588	0.0014015314678330526	0.012964732940119478
-3.7487487487487487	0.0013523076943882568	0.013231403719304357
-3.7387387387387387	0.0013074025092061983	0.013531679534390158
-3.7287287287287287	0.0012663773085922446	0.013868305240677666
-3.7187187187187187	0.0012288493318270669	0.014244475841993221
-3.7087087087087087	0.0011944834123544762	0.014663907526569573
-3.6986986986986987	0.0011629851201457528	0.015130924191027406
-3.6886886886886887	0.0011340950338175654	0.015650563154186097
-3.6786786786786787	0.0011075839348214538	0.01622870482851271
-3.6686686686686687	0.0010832487583238258	0.016872232529765885
-3.6586586586586587	0.0010609091677756433	0.017589230492967463
-3.6486486486486487	0.0010404046461626008	0.018389230708863273
-3.6386386386386387	0.0010215920170018012	0.019283522661575948
-3.6286286286286287	0.0010043433243789503	0.02028554481615902
-3.6186186186186187	0.0009885440141581337	0.021411383332912183
-3.6086086086086087	0.0009740913687665894	0.022680412805483312
-3.5985985985985987	0.000960893156332694	0.024116127084795384
-3.5885885885885886	0.0009488664617060489	0.025747227379584937
-3.5785785785785786	0.000937936672231812	0.027609062798030506
-3.5685685685685686	0.0009280365957865867	0.02974556002910683
-3.5585585585585586	0.0009191056921907416	0.03221184155058387
-3.5485485485485486	0.00091108940211359	0.03507782807117327
-3.5385385385385386	0.0009039385600305921	0.0384332718181141
-3.5285285285285286	0.0008976088800855323	0.04239490879354803
-3.5185185185185186	0.0008920605051421357	0.047116813814643756
-3.5085085085085086	0.0008872576109824846	0.05280570746828602
-3.4984984984984986	0.0008831680587051994	0.0597441154488986
-3.4884884884884886	0.0008797630894148591	0.06832633831634272
-3.4784784784784786	0.0008770170562045514	0.07911600240834375
-3.4684684684684686	0.0008749071890930989	0.09294132364603715
-3.4584584584584586	0.0008734133892484227	0.11105911018091369
-3.4484484484484486	0.0008725180493304569	0.13545034293766378
-3.4384384384384385	0.0008722058973097173	0.16938255050877876
-3.4284284284284285	0.0008724638614031272	0.2185515841983234
-3.4184184184184185	0.0008732809542114772	0.29359056780395604
-3.4084084084084085	0.0008746481744099643	0.4161507013443123
-3.3983983983983985	0.0008765584245396645	0.635568155104384
-3.3883883883883885	0.0008790064438649839	1.0820976729839165
-3.3783783783783785	0.0008819887552392392	2.166912001056684
-3.3683683683683685	0.0008855036252276075	5.228181966336562
-3.3583583583583585	0.0008895510370221841	8.419392484089878
-3.3483483483483485	0.000894132675588623	4.020402340693234
-3.3383383383383385	0.0008992519248595812	1.7085047854018716
-3.3283283283283285	0.0009049138768413667	0.8833432853089892
-3.3183183183183185	0.0009111253526650306	0.5285588547155583
-3.3083083083083085	0.0009178949357104495	0.3487693638051906
-3.2982982982982985	0.0009252330171955039	0.2463323121657971
-3.2882882882882885	0.0009331518546515688	0.18281914633367005
-3.2782782782782784	0.0009416656438781556	0.14087537034420894
-3.2682682682682684	0.0009507906052567689	0.1117959245314138
-3.2582582582582584	0.0009605450853296448	0.09084369632768018
-3.2482482482482484	0.0009709496748592856	0.0752686694727871
-3.2382382382382384	0.0009820273447521555	0.06338848546935726
-3.2282282282282284	0.0009938036015162486	0.05412841844448023
-3.2182182182182184	0.0010063066641642635	0.04677652284459433
-3.2082082082082084	0.0010195676648226716	0.040846381388022095
-3.1981981981981984	0.001033620875639583	0.035996710706349244
-3.1881881881881884	0.0010485039650703313	0.03198245850005368
-3.1781781781781784	0.0010642582869722934	0.028624065102242618
-3.1681681681681684	0.0010809292066391778	0.02578757941164494
-3.1581581581581584	0.001098566468486891	0.023371465742013847
-3.1481481481481484	0.0011172246107898976	0.021297650258078556
-3.1381381381381384	0.0011369634339541872	0.019505320542306744
-3.1281281281281283	0.0011578485295610386	0.017946552851481324
-3.118118118118118	0.0011799518789850417	0.01658317707855424
-3.108108108108108	0.0012033525314866123	0.015384495144657761
-3.098098098098098	0.0012281373737305118	0.01432559760800725
-3.088088088088088	0.0012544020044989515	0.013386105951715296
-3.078078078078078	0.0012822517309046767	0.01254922199004355
-3.068068068068068	0.0013118027054097347	0.01180100169342877
-3.058058058058058	0.001343183226331992	0.011129794943996471
-3.048048048048048	0.0013765352290202092	0.010525809323418041
-3.038038038038038	0.0014120159997696887	0.009980767560658441
-3.028028028028028	0.0014498001511212772	0.009487636377451213
-3.018018018018018	0.0014900819046630583	0.009040410244676094
-3.008008008008008	0.0015330777370045291	0.008633937721388797
-2.997997997997998	0.001579029456144164	0.008263781074284878
-2.987987987987988	0.0016282077897601841	0.007926102098508922
-2.977977977977978	0.0016809165850078373	0.007617568709628922
-2.967967967967968	0.0017374977413579934	0.00733527810961611
-2.957957957957958	0.0017983370263314994	0.007076693259852283
-2.947947947947948	0.0018638709590668237	0.006839590100817008
-2.937937937937938	0.0019345949915384314	0.006622013499329853
-2.9279279279279278	0.002011073274438626	0.006422240321279301
-2.9179179179179178	0.0020939503681953763	0.006238748351396578
-2.9079079079079078	0.0021839653544341755	0.006070190034514328
-2.8978978978978978	0.0022819689269629405	0.005915370211214616
-2.8878878878878878	0.0023889442030185634	0.005773227177605628
-2.8778778778778777	0.0025060322097454606	0.005642816523702017
-2.8678678678678677	0.0026345632852520524	0.005523297304354197
-2.8578578578578577	0.002776096016368363	0.00541392017646727
-2.8478478478478477	0.002932465852813095	0.005314017200914373
-2.8378378378378377	0.0031058462464608077	0.005222993059567923
-2.8278278278278277	0.0032988261430990573	0.005140317480504993
-2.8178178178178177	0.003514509022531645	0.0050655186993245225
-2.8078078078078077	0.0037566406155394505	0.0049981778130215445
-2.7977977977977977	0.0040297751942715175	0.004937923906574006
-2.7877877877877877	0.0043394943455539224	0.004884429852068148
-2.7777777777777777	0.004692698045499886	0.004837408696529131
-2.7677677677677677	0.005097996686115388	0.004796610568471052
-2.7577577577577577	0.005566246139648118	0.004761820044782706
-2.7477477477477477	0.006111288761392719	0.004732853929569605
-2.7377377377377377	0.006750996148477681	0.004709559405073982
-2.7277277277277276	0.007508762700666917	0.004691812522243439
-2.7177177177177176	0.008415687259635844	0.004679517005163436
-2.7077077077077076	0.009513830423047308	0.00467260334928625
-2.6976976976976976	0.010861199209424735	0.0046710281988838415
-2.6876876876876876	0.012539590986603937	0.004674773994106036
-2.6776776776776776	0.014667336787325208	0.004683848882687915
-2.6676676676676676	0.017420780517191224	0.004698286896154482
-2.6576576576576576	0.021072073019556756	0.004718148394889043
-2.6476476476476476	0.026059146016581238	0.004743520791356751
-2.6376376376376376	0.03312345577751081	0.004774519565762237
-2.6276276276276276	0.043602359215501325	0.00481128959408754
-2.6176176176176176	0.06011168334610433	0.004854006814352388
-2.6076076076076076	0.08835048999939615	0.004902880263989622
-2.5975975975975976	0.14276366387572156	0.004958154528990115
-2.5875875875875876	0.2694412489328629	0.00502011265456955
-2.5775775775775776	0.6885498543993209	0.005089079577878065
-2.5675675675675675	4.233327249146057	0.005165426155687786
-2.5575575575575575	14.92245521854095	0.005249573875321304
-2.5475475475475475	1.0598359291752695	0.005342000354892598
-2.5375375375375375	0.34973238800464684	0.005443245760880587
-2.5275275275275275	0.17234165303316182	0.005553920297661934
-2.5175175175175175	0.10250798361641926	0.005674712955865314
-2.5075075075075075	0.06805044230980338	0.00580640174647186
-2.4974974974974975	0.04856077122832157	0.005949865696646775
-2.4874874874874875	0.036476861555254425	0.006106098944500609
-2.4774774774774775	0.028472663334383114	0.006276227346198738
-2.4674674674674675	0.02289960664547628	0.0064615281044560656
-2.4574574574574575	0.018864996052315945	0.006663453048426902
-2.4474474474474475	0.015851268105547975	0.006883656347951943
-2.4374374374374375	0.013541570032912297	0.007124027640988536
-2.4274274274274275	0.011733113571858826	0.007386731804163385
-2.4174174174174174	0.010291224708703995	0.007674256921456602
-2.4074074074074074	0.009123624659264995	0.007989472428944489
-2.3973973973973974	0.008165367083051248	0.008335699968269206
-2.3873873873873874	0.007369668675378912	0.00871680021460843
-2.3773773773773774	0.006702137942581677	0.009137279921075088
-2.3673673673673674	0.006137035502312779	0.009602424733429128
-2.3573573573573574	0.005654787889458559	0.010118465107056442
-2.3473473473473474	0.005240296690783987	0.010692785092206369
-2.3373373373373374	0.0048817649800722345	0.011334187119403037
-2.3273273273273274	0.004569867776184347	0.012053230622693043
-2.3173173173173174	0.0042971559129064765	0.012862668995144115
-2.3073073073073074	0.004057621169399076	0.01377801890663143
-2.2972972972972974	0.0038463746659127196	0.014818309859338645
-2.2872872872872874	0.0036594060219546838	0.016007082255473457
-2.2772772772772774	0.0034934009033933252	0.017373732785008044
-2.2672672672672673	0.0033456013241613073	0.018955352434408483
-2.2572572572572573	0.0032136976251398125	0.020799274549530986
-2.2472472472472473	0.0030957441803824157	0.022966664609970645
-2.2372372372372373	0.0029900930572598155	0.025537668368678584
-2.2272272272272273	0.002895341390664754	0.02861894216933393
-2.2172172172172173	0.002810289326080685	0.032354913529803755
-2.2072072072072073	0.0027339061748548575	0.03694504299450159
-2.1971971971971973	0.0026653030006905318	0.04267104036579678
-2.1871871871871873	0.00260371027932937	0.049941177506143616
-2.1771771771771773	0.0025484595879383377	0.059365165198184654
-2.1671671671671673	0.0024989685163992483	0.0718862801235095
-2.1571571571571573	0.0024547281703712165	0.08902679674415909
-2.1471471471471473	0.002415292771701894	0.113372964339839
-2.1371371371371373	0.0023802709655169666	0.14960901136018534
-2.1271271271271273	0.0023493185235122747	0.20694367642922434
-2.1171171171171173	0.0023221321953265607	0.30556493045719346
-2.1071071071071072	0.002298444508641739	0.49702736323512553
-2.0970970970970972	0.0022780193569335665	0.9471668324048592
-2.0870870870870872	0.0022606482443007303	2.448592321226106
-2.0770770770770772	0.002246147080773596	13.73127094785912
-2.067067067067067	0.002234353440971368	19.722182065837675
-2.057057057057057	0.002225124214426684	2.921968974496337
-2.047047047047047	0.0022183335884545384	1.0569321841480752
-2.037037037037037	0.002213871314723253	0.5377530533794326
-2.027027027027027	0.0022116412187961473	0.3248622479723061
-2.017017017017017	0.0022115599190403994	0.21757576872898682
-2.007007007007007	0.00221355572652455	0.15611149878031688
-1.996996996996997	0.0022175677025816263	0.11767660499541926
-1.986986986986987	0.0022235448542321165	0.0920638482622926
-1.976976976976977	0.0022314454511403116	0.07415082125155223
-1.966966966966967	0.0022412364503865286	0.061138544683782416
-1.956956956956957	0.0022528930176113947	0.05139303792816161
-1.946946946946947	0.0022663981352706968	0.04390856956714726
-1.936936936936937	0.0022817422901023595	0.03803867305591987
-1.926926926926927	0.0022989232337155175	0.03335250210049045
-1.916916916916917	0.0023179458113073283	0.029553974208623334
-1.906906906906907	0.0023388218547384957	0.026434193084470158
-1.896896896896897	0.0023615701373374473	0.023842371470807762
-1.8868868868868869	0.0023862163885163246	0.021667468385925863
-1.8768768768768769	0.002412793367652998	0.01982625575977449
-1.8668668668668669	0.0024413409970463072	0.018255365053513238
-1.8568568568568569	0.0024719065551127976	0.01690586626165403
-1.8468468468468469	0.0025045449314985983	0.015739498136780286
-1.8368368368368369	0.002539318946915468	0.014725998959231993
-1.8268268268268268	0.002576299741486436	0.013841185472918563
-1.8168168168168168	0.0026155672361276873	0.013065549633762082
-1.8068068068068068	0.002657210672996031	0.012383219639398148
-1.7967967967967968	0.0027013292420322616	0.011781181086330065
-1.7867867867867868	0.0027480328020183064	0.011248686445744224
-1.7767767767767768	0.0027974427063141103	0.010776802607497039
-1.7667667667667668	0.0028496927450240945	0.010358060842520245
-1.7567567567567568	0.0029049302175141404	0.009986183569700725
-1.7467467467467468	0.002963317151748438	0.009655869305991285
-1.7367367367367368	0.003025031689278149	0.009362622113840598
-1.7267267267267268	0.0030902696585600143	0.009102615384252912
-1.7167167167167168	0.0031592463626329225	0.008872582338884692
-1.7067067067067068	0.0032321986120417627	0.008669727491736718
-1.6966966966966968	0.0033093870391860793	0.008491654679053148
-1.6866866866866868	0.003391098736675212	0.008336308284262798
-1.6766766766766767	0.003477650270046426	0.008201925047793787
-1.6666666666666667	0.003569391124398529	0.008086994430005962
-1.6566566566566567	0.0036667076554591084	0.007990225935871889
-1.6466466466466467	0.0037700276294511024	0.00791052214928056
-1.6366366366366367	0.00387982545180784	0.007846956487598495
-1.6266266266266267	0.003996628205352804	0.007798754892568818
-1.6166166166166167	0.004121022642374598	0.007765280835699006
-1.6066066066066067	0.004253663305073561	0.007746023144980482
-1.5965965965965967	0.004395281985873272	0.007740586263851622
-1.5865865865865867	0.004546698784733906	0.0077486826376998155
-1.5765765765765767	0.004708835077439198	0.007770126993094774
-1.5665665665665667	0.004882728780553455	0.007804832334072468
-1.5565565565565564	0.005069552387996907	0.0078528075307767
-1.5465465465465464	0.005270634368489379	0.007914156420774423
-1.5365365365365364	0.005487484656835388	0.007989078385237092
-1.5265265265265264	0.0057218251579031175	0.008077870401448924
-1.5165165165165164	0.005975626419828194	0.008180930612728857
-1.5065065065065064	0.0062511519425889625	0.008298763497222372
-1.4964964964964964	0.006551011991096671	0.008431986760796496
-1.4864864864864864	0.006878229313291827	0.0085813401275759
-1.4764764764764764	0.007236319866360048	0.008747696256970637
-1.4664664664664664	0.007629392595117366	0.008932074080670161
-1.4564564564564564	0.008062273572211202	0.009135654930144978
-1.4464464464464464	0.00854066153513913	0.009359801918554107
-1.4364364364364364	0.009071324220714256	0.009606083155045752
-1.4264264264264264	0.009662348186236304	0.009876299511321256
-1.4164164164164164	0.010323459419226346	0.010172517836936191
-1.4064064064064064	0.011066438593277859	0.010497110742825007
-1.3963963963963963	0.01190566425925255	0.010852804355593963
-1.3863863863863863	0.012858831024267528	0.01124273580648388
-1.3763763763763763	0.013947910153119414	0.011670522685065791
-1.3663663663663663	0.015200450706677355	0.012140347291901464
-1.3563563563563563	0.016651366331115535	0.012657059313612416
-1.3463463463463463	0.01834542620576525	0.013226301583938798
-1.3363363363363363	0.02034078571251812	0.013854664973822107
-1.3263263263263263	0.022714083449990867	0.014549880300596226
-1.3163163163163163	0.025567951183735015	0.01532105764033936
-1.3063063063063063	0.0290423346793406	0.016178986826928435
-1.2962962962962963	0.03333200434632118	0.017136517600863068
-1.2862862862862863	0.038714444128403074	0.018209044382472898
-1.2762762762762763	0.04559578490399435	0.019415129806494343
-1.2662662662662663	0.05458945608366951	0.02077731420510555
-1.2562562562562563	0.06665714486506916	0.02232317705921309
-1.2462462462462462	0.08337552327569611	0.024086743995482544
-1.2362362362362362	0.10747531565254721	0.026110373852832682
-1.2262262262262262	0.1440235172108984	0.028447322184299472
-1.2162162162162162	0.2033012323942521	0.03116527265108128
-1.2062062062062062	0.3088508795691278	0.03435127686051071
-1.1961961961961962	0.5248238180290105	0.0381187820335304
-1.1861861861861862	1.0814921223997647	0.04261781760523566
-1.1761761761761762	3.3749290468940605	0.04805007134999923
-1.1661661661661662	53.92805883641566	0.05469172874235838
-1.1561561561561562	11.529793916458024	0.06292899648837537
-1.1461461461461462	2.027586883182042	0.0733150354472371
-1.1361361361361362	0.8149533106384977	0.08666440136008899
-1.1261261261261262	0.4397270831044819	0.10421609130115486
-1.1161161161161162	0.27648347423549247	0.1279285789661786
-1.1061061061061062	0.19104754638276478	0.16104450346363947
-1.0960960960960962	0.14079878948197228	0.20924784027939974
-1.0860860860860861	0.10876919050431083	0.28324568777361175
-1.0760760760760761	0.08711774167908888	0.40519321161570115
-1.0660660660660661	0.07181397701733434	0.6271987248389049
-1.0560560560560561	0.06061326612217459	1.0969274503079607
-1.0460460460460461	0.05218476818444228	2.379611455226632
-1.0360360360360361	0.04569872842432831	8.381604442080894
-1.026026026026026	0.040616011653958096	155.29856446205625
-1.016016016016016	0.0365740415299119	12.890665142067116
-1.006006006006006	0.033321783215620376	3.0586329468941944
-0.995995995995996	0.03068106663768026	1.3387159155249084
-0.985985985985986	0.02852272345973891	0.7528291693455884
-0.975975975975976	0.026751391641742506	0.48549229043807207
-0.965965965965966	0.025295569251497927	0.3414903082367923
-0.955955955955956	0.024100945158108518	0.25514219413992867
-0.9459459459459459	0.023125831198057726	0.19933602081989726
-0.9359359359359359	0.022337975036327992	0.161224763981364
-0.9259259259259259	0.02171230035864202	0.13408120455728015
-0.9159159159159159	0.02122928271059036	0.11410502539059407
-0.9059059059059059	0.020873769519378534	0.09901747754242209
-0.8958958958958959	0.02063411639698819	0.08738492653199036
-0.8858858858858859	0.02050155300998136	0.07826914301587429
-0.8758758758758759	0.02046971904455809	0.071035643493617
-0.8658658658658659	0.02053432919772152	0.06524341592932269
-0.8558558558558559	0.02069293883534028	0.06057880926776169
-0.8458458458458459	0.02094479097705322	0.05681448414760522
-0.8358358358358359	0.021290731886372944	0.05378314550636817
-0.8258258258258259	0.021733187630443452	0.051360295254743636
-0.8158158158158159	0.02227619813774642	0.04945265885272551
-0.8058058058058059	0.022925508968639166	0.04799028169530914
-0.7957957957957958	0.023688724605122682	0.046921062737381634
-0.7857857857857858	0.02457553090087893	0.046206950361356976
-0.7757757757757757	0.025597998784320987	0.04582130501646519
-0.7657657657657657	0.026770986814466366	0.04574710911468939
-0.7557557557557557	0.028112667334609272	0.045975819240475294
-0.7457457457457457	0.029645210549861547	0.046506733642916784
-0.7357357357357357	0.03139567402730713	0.047346804344975575
-0.7257257257257257	0.0333971635970944	0.048510867856923524
-0.7157157157157157	0.03569035799483054	0.0500223084880943
-0.7057057057057057	0.03832552782452088	0.05191420957273028
-0.6956956956956957	0.04136523577157056	0.05423109668095573
-0.6856856856856857	0.044887989463474214	0.057031440678313325
-0.6756756756756757	0.048993247236929154	0.060391178120614314
-0.6656656656656657	0.05380837748762124	0.06440863858021098
-0.6556556556556556	0.05949849054339695	0.06921147013412231
-0.6456456456456456	0.06628057911343557	0.07496647089649988
-0.6356356356356356	0.07444426508103742	0.0818937451100041
-0.6256256256256256	0.0843829272405832	0.09028744810216607
-0.6156156156156156	0.09664159643531577	0.10054682594833855
-0.6056056056056056	0.11199279019043884	0.11322379079886184
-0.5955955955955956	0.13156058756801017	0.12909788998305846
-0.5855855855855856	0.1570314804322959	0.14929827583522404
-0.5755755755755756	0.19102896866585203	0.17550962938177825
-0.5655655655655656	0.23781512483107609	0.21033523521318034
-0.5555555555555556	0.30469108545672524	0.25797094233289125
-0.5455455455455456	0.40502205872774266	0.32553632654025577
-0.5355355355355356	0.5654595504803971	0.4259128133706915
-0.5255255255255256	0.8456203535906968	0.5844093320300803
-0.5155155155155156	1.4025342699345844	0.8565349855783895
-0.5055055055055055	2.7694478107181166	1.3844513728006347
-0.4954954954954955	7.828169187247789	2.629788143548218
-0.4854854854854855	74.07056437113428	6.87641637179601
-0.4754754754754755	54.09662873609845	46.99140335737563
-0.46546546546546547	7.020408022345689	93.36255326331425
-0.45545545545545546	2.5992517648666857	8.619211377009918
-0.44544544544544545	1.3435321049597762	2.9503721268148015
-0.43543543543543545	0.8198309018328347	1.4692004190986407
-0.42542542542542544	0.5527039983114068	0.8758556640199056
-0.41541541541541543	0.39829960779628615	0.5806188818141004
-0.40540540540540543	0.301084721764928	0.41290902191674206
-0.3953953953953954	0.23594666097384204	0.30870468024192665
-0.38538538538538536	0.19018480982127334	0.23962180429190613
-0.37537537537537535	0.15681549219645868	0.19151777318620908
-0.36536536536536535	0.13174048774742408	0.15670730110980494
-0.35535535535535534	0.11242619889893005	0.1307239972786719
-0.34534534534534533	0.0972379480568811	0.11082921326068229
-0.3353353353353353	0.08508273589819682	0.0952684616872394
-0.3253253253253253	0.07520730167932138	0.0828759388253033
-0.3153153153153153	0.06707885816097181	0.07285268230946054
-0.3053053053053053	0.060311964654990356	0.06463642745021621
-0.2952952952952953	0.05462221202067628	0.057822282571300156
-0.2852852852852853	0.049796045863261425	0.05211275536831468
-0.2752752752752753	0.045670607157192726	0.04728534886455518
-0.2652652652652653	0.04211996257343597	0.043171009280255336
-0.2552552552552553	0.039045510575933834	0.03963946464741037
-0.24524524524524524	0.03636917643050144	0.03658904796820167
-0.23523523523523523	0.034028506761184955	0.03393950403057689
-0.22522522522522523	0.03197308111396443	0.03162682116687651
-0.21521521521521522	0.030161851554593003	0.029599462276083774
-0.20520520520520522	0.02856114598264582	0.027815578750529205
-0.19519519519519518	0.027143152643451948	0.026240925277350297
-0.18518518518518517	0.025884757932471202	0.024847281351078863
-0.17517517517517517	0.02476664663188467	0.023611243814187274
-0.16516516516516516	0.023772599217947464	0.022513294299609677
-0.15515515515515516	0.022888938672989457	0.021537072602525627
-0.14514514514514515	0.02210409180880934	0.020668805908398494
-0.13513513513513514	0.021408239101804862	0.019896857127187383
-0.12512512512512514	0.020793033541927065	0.01921136508882608
-0.11511511511511512	0.020251373749276907	0.018603956212955727
-0.10510510510510511	0.01977722011900136	0.01806751226673198
-0.09509509509509509	0.01936544536899227	0.017595982507970908
-0.08508508508508508	0.019011712829569018	0.01718423124997692
-0.07507507507507508	0.018712377307456365	0.01682791394194224
-0.06506506506506507	0.0184644044992217	0.016523376417136783
-0.055055055055055056	0.01826530581507864	0.016267573154832245
-0.04504504504504504	0.01811308616605222	0.016058001324251184
-0.035035035035035036	0.018006202816998603	0.015892648100595094
-0.025025025025025027	0.017943533849298546	0.015769949315792307
-0.015015015015015015	0.017924355139271198	0.015688757967512283
-0.005005005005005005	0.017948325062233966	0.015648321489914775
0.005005005005005005	0.0180154763945497	0.01564826700986383
0.015015015015015015	0.018126215121800345	0.015688594092527545
0.025025025025025027	0.018281326080516105	0.015769674734170572
0.035035035035035036	0.018481985576511335	0.0158922606019276
0.04504504504504504	0.01872978134404444	0.01605749776235109
0.055055055055055056	0.019026740447018825	0.01626694939434415
0.06506506506506507	0.01937536598981455	0.016522627262233972
0.07507507507507508	0.019778683812904266	0.016827033045035397
0.08508508508508508	0.020240300715351024	0.017183210997544184
0.09509509509509509	0.020764476192428303	0.01759481387998702
0.10510510510510511	0.02135621022970138	0.018066184665024174
0.11511511511511512	0.02202135038996137	0.018602457252735786
0.12512512512512514	0.022766722312266	0.019209680346004322
0.13513513513513514	0.02360028887772614	0.019894969832148304
0.14514514514514515	0.024531344767605552	0.020666696574454906
0.15515515515515516	0.02557075506450334	0.021534718573962
0.16516516516516516	0.026731249087872923	0.022510669200000964
0.17517517517517517	0.028027784036751525	0.02360831687006448
0.18518518518518517	0.029477997557029276	0.024844016558673115
0.19519519519519518	0.03110277451189976	0.026237280369987515
0.20520520520520522	0.03292696167233352	0.027811503910833667
0.21521521521521522	0.03498027572282209	0.029594898518618643
0.22522522522522523	0.03729846631693507	0.03162169829094672
0.23523523523523523	0.039924819053529355	0.03393373800725319
0.24524524524524524	0.04291211641890929	0.03658253757395898
0.2552552552552553	0.046325222962953945	0.03963208708369191
0.2652652652652653	0.05024453210833645	0.043162614409943116
0.2752752752752753	0.05477061859534257	0.0472757515369087
0.2852852852852853	0.0600306031123825	0.052101725061748455
0.2952952952952953	0.06618698821444897	0.05780952921022264
0.3053053053053053	0.07345012519766278	0.06462158166428449
0.3153153153153153	0.0820961214712586	0.07283526745480261
0.3253253253253253	0.09249307904943702	0.08285533051456044
0.3353353353353353	0.10514040392596226	0.09524382788976246
0.34534534534534533	0.12072918896110062	0.11079942329051061
0.35535535535535534	0.14023763573044815	0.1306874792806044
0.36536536536536535	0.165086820279613	0.1566618109460331
0.37537537537537535	0.19740467891989974	0.1914600038680518
0.38538538538538536	0.24049345825070928	0.2395466926058777
0.3953953953953954	0.29970165046252784	0.30860409971947683
0.40540540540540543	0.38415581314214503	0.41276912791815734
0.41541541541541543	0.5104771516146286	0.5804141762267715
0.42542542542542544	0.711579662208392	0.8755339154166313
0.43543543543543545	1.060363996406043	1.4686367626616552
0.44544544544544545	1.7459918452213499	2.94918446351435
0.45545545545545546	3.394727411082026	8.615530240555534
0.46546546546546547	9.21431774676706	93.32133950423597
0.4754754754754755	70.14036091220272	46.977496406596764
0.4854854854854855	89.80815473225252	6.8736445422480354
0.4954954954954955	10.179213575754416	2.628639745171601
0.5055055055055055	3.6448370048539607	1.3838132436498471
0.5155155155155156	1.8587420899441234	0.8561215796626235
0.5255255255255256	1.1269382561792485	0.5841149842394917
0.5355355355355356	0.7573689893497138	0.42568934907182215
0.5455455455455456	0.5450728907675929	0.3253585864092284
0.5555555555555556	0.4119552628144683	0.2578244637328706
0.5655655655655656	0.32301119899389863	0.21021108678802858
0.5755755755755756	0.26064860281188057	0.1754019791025052
0.5855855855855856	0.2152395035806572	0.14920314051906877
0.5955955955955956	0.18115425610535119	0.12901244603609002
0.6056056056056056	0.15492232316686336	0.11314597227544605
0.6156156156156156	0.1343095634770189	0.10047507893578175
0.6256256256256256	0.11782490430145387	0.09022057456624641
0.6356356356356356	0.1044423240932442	0.08183080016063311
0.6456456456456456	0.09343707161583065	0.07490669312498163
0.6556556556556556	0.08428545843790292	0.06915423306676349
0.6656656656656657	0.07660150805917633	0.06435341597091784
0.6756756756756757	0.07009574461025206	0.06033751851346625
0.6856856856856857	0.0645477007257619	0.05697894828563257
0.6956956956956957	0.05978716368095167	0.05417941661252436
0.7057057057057057	0.05568112528142809	0.05186301607396082
0.7157157157157157	0.05212453756920344	0.049971295238420935
0.7257257257257257	0.04903365896642471	0.048459739634073636
0.7357357357357357	0.04634119587366847	0.04729526952048602
0.7457457457457457	0.043992709647569225	0.046454497071067705
0.7557557557557557	0.041943929339932406	0.04592257515271824
0.7657657657657657	0.040158722382437555	0.045692533643409965
0.7757757757757757	0.03860755005473513	0.04576504794903902
0.7857857857857858	0.03726628526964321	0.046148625664641126
0.7957957957957958	0.03611530520319339	0.04686023728787354
0.8058058058058059	0.03513879586072506	0.04792646148474817
0.8158158158158159	0.0343242232173936	0.04938527169075389
0.8258258258258259	0.03366193837962838	0.0512886686182704
0.8358358358358359	0.033144893810245914	0.05370647762654324
0.8458458458458459	0.03276845511863836	0.05673180557523885
0.8558558558558559	0.03253029901792284	0.060488930842786594
0.8658658658658659	0.032430393389633244	0.06514485700107801
0.8758758758758759	0.0324710604912666	0.07092653087574427
0.8858858858858859	0.032657129678166155	0.07814706556671168
0.8958958958958959	0.032996192133953425	0.0872467206597023
0.9059059059059059	0.03349897767237027	0.09885890189729775
0.9159159159159159	0.03417988360029537	0.11392025150444748
0.9259259259259259	0.0350576992010114	0.13386198917419453
0.9359359359359359	0.03615658855664144	0.1609590440575345
0.9459459459459459	0.03750742215737947	0.19900540011210044
0.955955955955956	0.03914958875958073	0.2547171492699162
0.965965965965966	0.041133480861724254	0.3409202804162596
0.975975975975976	0.04352394252125213	0.4846829681587043
0.985985985985986	0.04640511824685101	0.7515826034321847
0.995995995995996	0.049887383111467606	1.3365380216622682
1.006006006006006	0.05411743243983286	3.053895532613238
1.016016016016016	0.059293284430481125	12.875015511717828
1.026026026026026	0.06568712852019291	155.40721900805798
1.0360360360360361	0.0736810845947375	8.36593284509318
1.0460460460460461	0.08382494472752527	2.375163540458269
1.0560560560560561	0.09693283697115072	1.0948967118819093
1.0660660660660661	0.11425200900618133	0.6260456352129177
1.0760760760760761	0.13777259069814743	0.4044519940386212
1.0860860860860861	0.17083115860940493	0.2827295218348753
1.0960960960960962	0.21937632343184538	0.20886769054728388
1.1061061061061062	0.29487912740252864	0.16075267681419544
1.1161161161161162	0.4218800045189249	0.12769727152234497
1.1261261261261262	0.6610410259290542	0.1040280190893498
1.1361361361361362	1.1986258638676968	0.08650826415079373
1.1461461461461462	2.862438596296432	0.07318313831300875
1.1561561561561562	14.098206160934422	0.06281592078896579
1.1661661661661662	95.65176428563265	0.05459354985117644
1.1761761761761762	5.625534685467016	0.04796387779570786
1.1861861861861862	1.7209505782733283	0.042541404437402064
1.1961961961961962	0.8149886839127064	0.03805044902973136
1.2062062062062062	0.471562834675241	0.03428969204783603
1.2162162162162162	0.30624365663495684	0.031109377764060028
1.2262262262262262	0.21443797372114912	0.028396265772050358
1.2362362362362362	0.15834783314089185	0.026063463048700244
1.2462462462462462	0.12164969812930392	0.024043409150344874
1.2562562562562563	0.0963680526521351	0.02228294540933357
1.2662662662662663	0.07823505245798017	0.02073978999406195
1.2762762762762763	0.06480128046540536	0.019379979089220654
1.2862862862862863	0.05458053050173826	0.018175983273970412
1.2962962962962963	0.046629221799233955	0.017105303091766447
1.3063063063063063	0.04032528965560694	0.016149409534736894
1.3163163163163163	0.03524537750854091	0.01529293603596592
1.3263263263263263	0.03109340902951266	0.014523056070899895
1.3363363363363363	0.02765738048988874	0.013828999266785623
1.3463463463463463	0.024782323849192614	0.013201671945725121
1.3563563563563563	0.022352881878095365	0.012633357172154013
1.3663663663663663	0.020281782764194962	0.012117475875467196
1.3763763763763763	0.0185020393302866	0.01164839528933342
1.3863863863863863	0.01696155955644904	0.011221274342585087
1.3963963963963963	0.015619353639106496	0.010831938126047661
1.4064064064064064	0.014442819722186638	0.01047677540311181
1.4164164164164164	0.013405771877611673	0.01015265450920251
1.4264264264264264	0.01248698741267199	0.009856854023001444
1.4364364364364364	0.011669123103190673	0.00958700538056539
1.4464464464464464	0.010937897189616049	0.009341045206251843
1.4564564564564564	0.010281465296834488	0.00911717559963771
1.4664664664664664	0.00968993954597589	0.008913830978578646
1.4764764764764764	0.009155014566580081	0.008729650360846268
1.4864864864864864	0.008669674136135804	0.008563454189459363
1.4964964964964964	0.008227959211716778	0.008414224983126014
1.5065065065065064	0.007824783125355582	0.008281091234873073
1.5165165165165164	0.00745578331518544	0.008163314095629079
1.5265265265265264	0.007117201581129902	0.008060276472981704
1.5365365365365364	0.006805786774710293	0.0079714742520183
1.5465465465465464	0.0065187152553525755	0.007896509409749283
1.5565565565565564	0.006253525509001334	0.007835084849759635
1.5665665665665667	0.006008064125661768	0.007787000832095748
1.5765765765765767	0.005780440940893552	0.007752152916783603
1.5865865865865867	0.005568991611818788	0.0077305313799588835
1.5965965965965967	0.005372246255758921	0.007722222100856726
1.6066066066066067	0.005188903058388307	0.007727408957296234
1.6166166166166167	0.0050178059742744495	0.007746377808771595
1.6266266266266267	0.00485792581318847	0.0077795221914602804
1.6366366366366367	0.004708344139818273	0.007827350900155872
1.6466466466466467	0.004568239520863945	0.00789049769082068
1.6566566566566567	0.004436875738735298	0.007969733407601796
1.6666666666666667	0.004313591659234149	0.008065980921893085
1.6766766766766767	0.004197792495221569	0.008180333374949568
1.6866866866866868	0.004088942253062241	0.008314076343665447
1.6966966966966968	0.003986557184535085	0.008468714710850157
1.7067067067067068	0.003890200096403146	0.008646005225946728
1.7167167167167168	0.0037994753940681666	0.008847996004178502
1.7267267267267268	0.003714024755546067	0.009077074549987399
1.7367367367367368	0.003633523348363904	0.009336026330091859
1.7467467467467468	0.003557676515831524	0.009628106497175963
1.7567567567567568	0.003486216870186787	0.009957128126726259
1.7667667667667668	0.003418901739733734	0.010327571343702257
1.7767767767767768	0.0033555109250470124	0.010744719079689675
1.7867867867867868	0.003295844725911534	0.011214827052478053
1.7967967967967968	0.0032397222063710366	0.01174533809684166
1.8068068068068068	0.0031869796700839726	0.012345154488500577
1.8168168168168168	0.003137469322127374	0.013024986823143353
1.8268268268268268	0.0030910580970724758	0.013797804983294503
1.8368368368368369	0.0030476266360214823	0.01467942673087461
1.8468468468468469	0.003007068397975145	0.01568929401928418
1.8568568568568569	0.002969288893195367	0.016851508612489692
1.8668668668668669	0.0029342050281249738	0.018196230846670648
1.8768768768768769	0.0029017445533950116	0.01976159460265574
1.8868868868868869	0.0028718456078069966	0.021596368156422095
1.896896896896897	0.0028444563529154243	0.023763712251813056
1.906906906906907	0.002819534694015576	0.026346584482684995
1.916916916916917	0.0027970480845586113	0.02945566864665182
1.926926926926927	0.0027769734126167536	0.033241272654784326
1.936936936936937	0.002759296968655407	0.03791163778399944
1.946946946946947	0.0027440144957348897	0.043761933005747745
1.956956956956957	0.0027311313240168705	0.05122170068080237
1.966966966966967	0.0027206625930957106	0.06093549606035238
1.976976976976977	0.00271263356696429	0.07390616179738511
1.986986986986987	0.002707080048065972	0.09176315396836907
1.996996996996997	0.0027040488986137916	0.11729806363586176
2.007007007007007	0.00270359867933578	0.1556206314383282
2.017017017017017	0.002705800418172535	0.21691513253613817
2.027027027027027	0.002710738523917396	0.32393027010703884
2.037037037037037	0.0027185118630787875	0.536360810983423
2.047047047047047	0.002729235021697872	1.0547603104513732
2.057057057057057	0.002743039778336847	2.919832094132556
2.067067067067067	0.0027600768193714958	19.817480303389306
2.0770770770770772	0.0027805177342355328	13.641396142237342
2.0870870870870872	0.0028045573352622746	2.4341202669718167
2.0970970970970972	0.002832416356328083	0.9421690484570386
2.1071071071071072	0.0028643445950513216	0.4945719199368814
2.1171171171171173	0.002900624577108156	0.3041171925501036
2.1271271271271273	0.0029415758377357598	0.20599090716762766
2.1371371371371373	0.002987559935914618	0.1489343934189574
2.1471471471471473	0.0030389863425566103	0.11286974092049361
2.1571571571571573	0.003096319375421417	0.08863649674191483
2.1671671671671673	0.0031600863940893682	0.07157425656162349
2.1771771771771773	0.0032308875183323627	0.05910960663424287
2.1871871871871873	0.00330940719774187	0.04972767729097139
2.1971971971971973	0.0033964280422518756	0.042489703983425865
2.2072072072072073	0.003492847428718754	0.0367888514146003
2.2172172172172173	0.003599697534819262	0.032218749978782976
2.2272272272272273	0.0037181696292211187	0.028498988753730546
2.2372372372372373	0.003849643679945951	0.02543101848367529
2.2472472472472473	0.00399572465080023	0.02287106623361913
2.2572572572572573	0.0041582872664000315	0.020712955638745128
2.2672672672672673	0.004339531578443962	0.018876899355152004
2.2772772772772774	0.004542052414515968	0.0173020038974826
2.2872872872872874	0.00476892681714914	0.015941145343671075
2.2972972972972974	0.005023825000526544	0.014757396068572619
2.3073073073073074	0.005311152339925402	0.013721488322818241
2.3173173173173174	0.005636232723136506	0.012809984572144835
2.3273273273273274	0.0060055476293725315	0.012003938187322259
2.3373373373373374	0.006427051168834878	0.011287899862827895
2.3473473473473474	0.006910589973918563	0.010649171415321724
2.3573573573573574	0.007468469810804081	0.010077239002677821
2.3673673673673674	0.008116230576292013	0.009563338107953444
2.3773773773773774	0.008873722113900117	0.009100116413760179
2.3873873873873874	0.009766622110218717	0.008681370184034785
2.3973973973973974	0.010828616596291852	0.00830183639624493
2.4074074074074074	0.012104595531000902	0.00795702755142791
2.4174174174174174	0.013655441838213319	0.007643099439869378
2.4274274274274275	0.015565391278767623	0.007356744563270273
2.4374374374374375	0.01795367062478397	0.0070951056844081135
2.4474474474474475	0.020993512075953933	0.006855705281087809
2.4574574574574575	0.024944414557113406	0.006636387653203666
2.4674674674674675	0.03020935406485132	0.00643527116136004
2.4774774774774775	0.037441702526189086	0.0062507086278901025
2.4874874874874875	0.04775812078349903	0.006081254352132399
2.4974974974974975	0.06319696329833142	0.0059256365153174395
2.5075075075075075	0.08780837090721202	0.005782734000683633
2.5175175175175175	0.13060874902002384	0.0056515568491073065
2.5275275275275275	0.21518274402563423	0.005531229723135029
2.5375375375375375	0.42071147071146364	0.005420977872541431
2.5475475475475475	1.1649806078825335	0.005320115189704504
2.5575575575575575	9.906067062181656	0.005228034019252654
2.5675675675675675	9.04222339871645	0.005144196446996932
2.5775775775775776	1.1236432774805205	0.005068126842376302
2.5875875875875876	0.4100924577158374	0.0049994054682023425
2.5975975975975976	0.21041836673303382	0.0049376630038828724
2.6076076076076076	0.12779239507981416	0.004882575854612513
2.6176176176176176	0.0858569520428275	0.004833862140812971
2.6276276276276276	0.06170317139570579	0.00479127828017249
2.6376376376376376	0.046536069157577395	0.00475461608939465
2.6476476476476476	0.036394339818622494	0.004723700345647902
2.6576576576576576	0.029280740124553745	0.004698386757992696
2.6676676676676676	0.024099771844755646	0.004678560308401851
2.6776776776776776	0.020209893333929096	0.004664133929647683
2.6876876876876876	0.017215190880375823	0.004655047494247638
2.6976976976976976	0.014860612796662795	0.004651267094710208
2.7077077077077076	0.012975853759733431	0.004652784600799527
2.7177177177177176	0.011443685778291185	0.004659617484669109
2.7277277277277276	0.010181281399568531	0.004671808909373115
2.7377377377377377	0.009128776768423016	0.004689428081143989
2.7477477477477477	0.008242036395576717	0.004712570870218636
2.7577577577577577	0.007487943947325622	0.004741360709850818
2.7677677677677677	0.006841259311787542	0.004775949788176591
2.7777777777777777	0.006282473735434829	0.004816520552749383
2.7877877877877877	0.005796316613159897	0.004863287553642127
2.7977977977977977	0.005370697128397406	0.004916499657373636
2.8078078078078077	0.004995941830758021	0.004976442671450656
2.8178178178178177	0.0046642372345628335	0.005043442427804383
2.8278278278278277	0.004369216775929736	0.0051178683833241236
2.8378378378378377	0.004105650935116328	0.00520013780733098
2.8478478478478477	0.0038692120968841053	0.0052907206395670205
2.8578578578578577	0.0036562942389895274	0.0053901451186954726
2.8678678678678677	0.003463873312494848	0.005499004300809797
2.8778778778778777	0.003289398149230937	0.005617963611186963
2.8878878878878878	0.0031307045012181284	0.005747769600986537
2.8978978978978978	0.0029859467728087312	0.005889260115335713
2.9079079079079078	0.0028535434036366662	0.006043376121841236
2.9179179179179178	0.0027321328705656456	0.006211175500560302
2.9279279279279278	0.002620538013450247	0.006393849160869323
2.937937937937938	0.0025177369330903463	0.006592739930455825
2.947947947947948	0.0024228391136544565	0.006809364761055515
2.957957957957958	0.002335065724956834	0.007045440919847769
2.967967967967968	0.002253733289224758	0.007302916992400254
2.977977977977978	0.0021782400716343973	0.007584009721080815
2.987987987987988	0.002108054687991165	0.007891247955522679
2.997997997997998	0.0020427065264612713	0.008227525315098124
3.008008008008008	0.001981777661056753	0.00859616358011063
3.018018018018018	0.001924895997338041	0.009000989369221942
3.028028028028028	0.0018717294408146282	0.009446427367044315
3.038038038038038	0.0018219809175678238	0.009937614295561325
3.048048048048048	0.0017753841080901595	0.01048053905599711
3.058058058058058	0.001731699780277163	0.011082216116608711
3.068068068068068	0.0016907126277230216	0.011750901445376397
3.078078078078078	0.0016522285356149451	0.0124963633138723
3.088088088088088	0.0016160722099281388	0.013330224459502401
3.098098098098098	0.001582085116045299	0.014266397873401625
3.108108108108108	0.0015501236820938643	0.01532164660002028
3.118118118118118	0.001520057729273323	0.016516309475012318
3.1281281281281283	0.0014917690974455473	0.01787525134474391
3.1381381381381384	0.001465150439300847	0.0194291205668629
3.1481481481481484	0.001440104160418588	0.021216032531656992
3.1581581581581584	0.0014165414859494305	0.023283852058491532
3.1681681681681684	0.0013943816375937056	0.025693330439681025
3.1781781781781784	0.0013735511069018244	0.028522482398872433
3.1881881881881884	0.00135398301286481	0.03187279472615579
3.1981981981981984	0.001335616533678642	0.035878195262944
3.2082082082082084	0.0013183964037768367	0.04071827467863071
3.2182182182182184	0.0013022724686136823	0.04663822371433071
3.2282282282282284	0.0012871992907134398	0.0539796714488405
3.2382382382382384	0.001273135801333621	0.0632297791061822
3.2482482482482484	0.001260044992942876	0.07510200952678568
3.2582582582582584	0.0012478936483349265	0.09067414195016432
3.2682682682682684	0.001236652102791521	0.11163474409941326
3.2782782782782784	0.0012262940362707008	0.1407468277754544
3.2882882882882885	0.0012167962929131872	0.1827759868475231
3.2982982982982985	0.0012081387256982273	0.24649390437685037
3.3083083083083085	0.001200304064327063	0.34942536655493994
3.3183183183183185	0.0011932778047483066	0.5304893822860324
3.3283283283283285	0.0011870481190910222	0.888985150324677
3.3383383383383385	0.0011816057848891444	1.7271024996637148
3.3483483483483485	0.0011769441329065246	4.09054614968001
3.3583583583583585	0.0011730590128774952	8.498241028392645
3.3683683683683685	0.0011699487769737185	5.1433972976438165
3.3783783783783785	0.0011676142806994335	2.1278941992297518
3.3883883883883885	0.0011660589014316973	1.0650593111566473
3.3983983983983985	0.001165288574809019	0.6267747571557241
3.4084084084084085	0.0011653118495286415	0.410971140391082
3.4184184184184185	0.001166139961270312	0.29023608201866596
3.4284284284284285	0.0011677869267343734	0.21622343773796096
3.4384384384384385	0.001170269659040478	0.16768042711072645
3.4484484484484486	0.0011736081060457102	0.13415476057308728
3.4584584584584586	0.0011778254134084706	0.11004091771674337
3.4684684684684686	0.0011829481146128122	0.09212009010497502
3.4784784784784786	0.0011890063506303282	0.07843926386540606
3.4884884884884886	0.0011960341222047978	0.06775853211548692
3.4984984984984986	0.0012040695784469343	0.05926034226221563
3.5085085085085086	0.0012131553458832633	0.05238804594324843
3.5185185185185186	0.0012233389029330255	0.046752054296738815
3.5285285285285286	0.0012346730055006105	0.04207311069044708
3.5385385385385386	0.001247216170351605	0.038146817200458746
3.5485485485485486	0.0012610332241453051	0.034820784177927125
3.5585585585585586	0.0012761959271574302	0.03197952120374848
3.5685685685685686	0.0012927836824024673	0.029534212129438565
3.5785785785785786	0.0013108843427269967	0.02741565029607286
3.5885885885885886	0.0013305951304997108	0.025569265291911815
3.5985985985985987	0.0013520236873360658	0.023951562498782088
3.6086086086086087	0.0013752892742908203	0.02252753474475365
3.6186186186186187	0.001400524146843375	0.02126875418731446
3.6286286286286287	0.001427875133491552	0.0201519475654885
3.6386386386386387	0.001457505452422016	0.019157919816921443
3.6486486486486487	0.001489596807284294	0.01827073205148947
3.6586586586586587	0.001524351811599155	0.017477067491425486
3.6686686686686687	0.0015619968011516274	0.016765737878373897
3.6786786786786787	0.0016027851064329812	0.016127295950680427
3.6886886886886887	0.0016470008724050692	0.015553728802446598
3.6986986986986987	0.0016949635321739122	0.015038213485639025
3.7087087087087087	0.0017470330650542407	0.01457492092929902
3.7187187187187187	0.001803616199573987	0.014158857676694236
3.7287287287287287	0.0018651737599950035	0.013785737458531533
3.7387387387387387	0.0019322294031354716	0.01345187648713032
3.7487487487487487	0.002005380053973389	0.01315410775354006
3.7587587587587588	0.0020853084275541727	0.012889710664294342
3.7687687687687688	0.002172798127305448	0.012656353157711955
3.7787787787787788	0.0022687519432606977	0.012452044056494324
3.7887887887887888	0.0023742141485299287	0.012275093891362244
3.798798798798799	0.002490397824110543	0.012124082804202305
3.808808808808809	0.002618718549955105	0.011997834434440323
3.818818818818819	0.002760836215006176	0.01189539492841424
3.828828828828829	0.002918707260550135	0.011816016402797832
3.838838838838839	0.0030946504410220813	0.011759144350907535
3.848848848848849	0.0032914302509015805	0.011724408613779515
3.858858858858859	0.0035123636556298	0.011711617653031987
3.868868868868869	0.0037614578721877493	0.011720755965698403
3.878878878878879	0.004043589965903516	0.01175198457746455
3.888888888888889	0.004364743419033664	0.011805644644205393
3.898898898898899	0.004732323297125575	0.011882264287453516
3.908908908908909	0.005155581331267043	0.011982568891231393
3.918918918918919	0.0056461970034271365	0.012107495201177735
3.928928928928929	0.006219083655215624	0.012258209697576556
3.938938938938939	0.006893524989402003	0.012436131868823306
3.948948948948949	0.007694806264382283	0.012642963200092165
3.958958958958959	0.008656602441346348	0.01288072292471258
3.968968968968969	0.00982455296289722	0.013151791878015235
3.978978978978979	0.011261747999387247	0.013458966165145199
3.988988988988989	0.013057389874718616	0.013805522832171468
3.998998998998999	0.015340917072481808	0.014195300350093776
4.009009009009009	0.018305913441037935	0.014632797534424098
4.019019019019019	0.022252390538675636	0.015123295598127298
4.029029029029029	0.027665540893457182	0.015673009470230894
4.039039039039039	0.03537188702378033	0.01628927644530286
4.049049049049049	0.04687369098094598	0.01698079285710078
4.059059059059059	0.06513852973607231	0.01775791308154085
4.069069069069069	0.09671831760611992	0.01863303018935313
4.079079079079079	0.15853690978976037	0.019621064614259803
4.089089089089089	0.3062096796788471	0.020740097219927582
4.099099099099099	0.8200861826496967	0.022012197579390175
4.109109109109109	5.821627614519121	0.023464519361260056
4.119119119119119	8.10727351654703	0.02513076598084265
4.129129129129129	0.9329195991249744	0.027053176806026466
4.1391391391391394	0.3319296567109619	0.029285256531978433
4.1491491491491495	0.16839370489147149	0.031895583493236804
4.1591591591591595	0.101629756128375	0.03497321350415995
4.1691691691691695	0.06800708910919279	0.03863549158564159
4.1791791791791795	0.0487362695348398	0.043039580310560224
4.1891891891891895	0.03667521298259138	0.048399870664872356
4.1991991991991995	0.028628881261549794	0.05501496942022307
4.2092092092092095	0.022994263404074098	0.06331078044226117
4.2192192192192195	0.018895330495403147	0.07391162955026229
4.2292292292292295	0.015820517846861764	0.08776232715736469
4.2392392392392395	0.013454825888160493	0.10634731388114856
4.2492492492492495	0.011595687684135866	0.13210555950344913
4.2592592592592595	0.0101080358510378	0.16926738796931923
4.2692692692692695	0.00889900504306665	0.22567628394781666
4.2792792792792795	0.00790304249512789	0.3171425120360417
4.2892892892892895	0.007072805604078049	0.4791002823991874
4.2992992992992995	0.0063734117655693074	0.8022299963112078
4.3093093093093096	0.0057787003077128625	1.5530769170442373
4.31931931931932	0.005268740304933213	3.425517612987565
4.32932932932933	0.004828131340354604	4.927350462930871
4.33933933933934	0.004444821449774367	2.5713970753076705
4.34934934934935	0.004109269864304352	1.1610036445217262
4.35935935935936	0.00381384421637572	0.6129747846838492
4.36936936936937	0.0035523800623077965	0.3690317797653043
4.37937937937938	0.0033198546232999135	0.24350019331748743
4.38938938938939	0.00311214210676776	0.17146600576711085
4.3993993993994	0.0029258280997734153	0.12666464585221038
4.40940940940941	0.002758067279220428	0.09705118503664736
4.41941941941942	0.0026064732585315397	0.07652817168836505
4.42942942942943	0.0024690325348944863	0.061758562573122414
4.43943943943944	0.0023440366936297815	0.05079819233129647
4.44944944944945	0.0022300285729768073	0.042455080443813284
4.45945945945946	0.002125759197693093	0.03596680568722962
4.46946946946947	0.002030153088189068	0.030828004747433982
4.47947947947948	0.0019422801336322246	0.026693362069377495
4.48948948948949	0.001861332647242696	0.023320654543613845
4.4994994994995	0.0017866065403644986	0.020536049098672494
4.50950950950951	0.0017174857916154346	0.018212265205301694
4.51951951951952	0.001653429567996757	0.016254438067913695
4.52952952952953	0.0015939614928161974	0.014590734669841376
4.53953953953954	0.0015386606610614095	0.013165984092485771
4.54954954954955	0.0014871540843388363	0.011937266469471842
4.55955955955956	0.001439110311454474	0.010870802700482391
4.56956956956957	0.0013942340199323275	0.00993972520934305
4.57957957957958	0.0013522614134611442	0.00912245623029613
4.58958958958959	0.0013129562908008642	0.008401511906099009
4.5995995995996	0.0012761066766138426	0.007762609323870719
4.60960960960961	0.0012415219243542934	0.007193992048884656
4.61961961961962	0.001209030217172857	0.006685915259161565
4.62962962962963	0.0011784764056325323	0.006230248831966183
4.63963963963964	0.0011497201314402286	0.005820168553013075
4.64964964964965	0.0011226341948927846	0.005449913831103988
4.65965965965966	0.0010971031305753742	0.00511459607841864
4.66966966966967	0.0010730219616203506	0.004810046030664853
4.67967967967968	0.001050295107530286	0.004532691242667321
4.68968968968969	0.001028835424418686	0.004279457149373051
4.6996996996997	0.0010085633597627316	0.004047686664685029
4.70970970970971	0.000989406206447215	0.0038350744633843157
4.71971971971972	0.0009712974431265616	0.0036396129686600627
4.72972972972973	0.0009541761498705623	0.003459547728661527
4.73973973973974	0.000937986489543591	0.003293340367892066
4.74974974974975	0.0009226772467804788	0.0031396376832733136
4.75975975975976	0.0009082014175679418	0.0029972457510651423
4.76976976976977	0.0008945158433268051	0.002865108140112458
4.77977977977978	0.0008815808843284148	0.0027422875062440306
4.78978978978979	0.0008693601278181026	0.002627949983249976
4.7997997997998	0.0008578201269858337	0.0025213518968763317
4.80980980980981	0.0008469301673196577	0.002421828416366655
4.81981981981982	0.0008366620573853442	0.00232878382844821
4.82982982982983	0.0008269899413939532	0.002241683175013114
4.83983983983984	0.000817890131356169	0.0021600450411079523
4.84984984984985	0.0008093409567423332	0.00208343531655264
4.85985985985986	0.0008013226300296226	0.0020114617845406815
4.86986986986987	0.0007938171265445767	0.0019437694146606718
4.87987987987988	0.0007868080773042269	0.0018800362580166908
4.88988988988989	0.0007802806736808022	0.0018199698583027761
4.8998998998999	0.0007742215829625416	0.0017633041064066884
4.90990990990991	0.0007686188738157246	0.0017097964772841401
4.91991991991992	0.0007634619509784642	0.001659225597101893
4.92992992992993	0.0007587414985527454	0.0016113890965865389
4.93993993993994	0.0007544494312437095	0.0015661017128721347
4.94994994994995	0.0007505788532032765	0.0015231936077004574
4.95995995995996	0.000747124023950605	0.001482508874378243
4.96996996996997	0.000744080331238766	0.0014439042098085407
4.97997997997998	0.0007414442704372214	0.0014072477311503526
4.98998998998999	0.0007392134303810896	0.0013724179195197174
5.0	0.0007373864855468154	0.0013393026754644573
