-5.0	0.04908187457898486	0.01585671305656232
-4.98998998998999	0.08364244846932305	0.015587208981582248
-4.97997997997998	0.1741297317085205	0.015338065230907581
-4.96996996996997	0.5637435200358646	0.015108355299024337
-4.95995995995996	12.603864338376514	0.014897249725574335
-4.94994994994995	1.4653092554171403	0.014704009269484331
-4.93993993993994	0.2778663511175504	0.014527979010565541
-4.92992992992993	0.11316350404701292	0.014368583294231106
-4.91991991991992	0.060986632218358684	0.014225321448670053
-4.90990990990991	0.0380616645355557	0.014097764217351587
-4.8998998998999	0.026006853146782322	0.013985550861034068
-4.88988988988989	0.018899685735402502	0.01388838689428345
-4.87987987987988	0.014362885164605835	0.01380604243160574
-4.86986986986987	0.011292342472303426	0.013738351128052113
-4.85985985985986	0.009118711843083114	0.013685209708625943
-4.84984984984985	0.0075242804897129615	0.013646578089999405
-4.83983983983984	0.006320442928788695	0.013622480108761274
-4.82982982982983	0.00538951712967321	0.01361300487974965
-4.81981981981982	0.004654999501313901	0.013618308820204062
-4.80980980980981	0.004065416108788994	0.01363861838723331
-4.7997997997998	0.003585105665406248	0.013674233590437039
-4.78978978978979	0.0031887315389155352	0.013725532357123555
-4.77977977977978	0.0028578933845228274	0.01379297584634489
-4.76976976976977	0.0025789682560164993	0.01387711482913814
-4.75975975975976	0.002341696643921174	0.013978597278138688
-4.74974974974975	0.002138233581937485	0.01409817734004212
-4.73973973973974	0.0019624979073080955	0.014236725900920096
-4.72972972972973	0.0018097172437487236	0.01439524299852929
-4.71971971971972	0.001676104224278471	0.014574872389747117
-4.70970970970971	0.0015586224198931543	0.014776918646853878
-4.6996996996997	0.00145481466088094	0.015002867237849625
-4.68968968968969	0.001362675447952267	0.01525440814608983
-4.67967967967968	0.0012805549752905637	0.015533463709885051
-4.66966966966967	0.0012070861236610662	0.015842221519058307
-4.65965965965966	0.0011411283510516664	0.01618317340287404
-4.64964964964965	0.0010817241559675022	0.016559161792980035
-4.63963963963964	0.001028064994964883	0.016973435063730398
-4.62962962962963	0.0009794643797799067	0.017429713859555246
-4.61961961961962	0.0009353364768080178	0.017932270945801108
-4.60960960960961	0.0008951789600631893	0.018486027803347477
-4.5995995995996	0.000858559178554766	0.019096672082702083
-4.58958958958959	0.0008251029260968603	0.019770801214100294
-4.57957957957958	0.0007944852689954627	0.020516099040303482
-4.56956956956957	0.0007664230119429851	0.021341554443850306
-4.55955955955956	0.0007406684764159837	0.022257733789921054
-4.54954954954955	0.0007170043368318535	0.023277122896840852
-4.53953953953954	0.0006952393140615744	0.02441455961871149
-4.52952952952953	0.0006752045676811416	0.025687785619021505
-4.51951951951952	0.0006567506605052123	0.02711815649490512
-4.50950950950951	0.0006397449941851253	0.02873156453700746
-4.4994994994995	0.0006240696344038952	0.03055965032370559
-4.48948948948949	0.0006096194596236438	0.03264141156310176
-4.47947947947948	0.000596300579785924	0.03502536570167874
-4.46946946946947	0.0005840289810938306	0.03777249588772547
-4.45945945945946	0.0005727293609088541	0.040960322940688874
-4.44944944944945	0.0005623341231493328	0.04468862450819902
-4.43943943943944	0.0005527825095870982	0.04908761083464102
-4.42942942942943	0.0005440198467510392	0.05432984349664769
-4.41941941941942	0.0005359968914062666	0.0606479943416387
-4.40940940940941	0.0005286692604179263	0.06836196293675026
-4.3993993993994	0.0005219969330596088	0.07792144735661032
-4.38938938938939	0.0005159438157662476	0.08997491742934656
-4.37937937937938	0.0005104773608081793	0.10548549405873489
-4.36936936936937	0.000505568231736142	0.12593401320975922
-4.35935935935936	0.0005011900095109032	0.1536929413563257
-4.34934934934935	0.0004973189340948021	0.19275676651457632
-4.33933933933934	0.0004939336771234275	0.2502744759972398
-4.32932932932933	0.0004910151418549397	0.3400615132268486
-4.31931931931932	0.0004885462871651379	0.49159344656095527
-4.3093093093093096	0.00048651197282289187	0.7765571753591317
-4.2992992992992995	0.00048489882363916164	1.4026932869290316
-4.2892892892892895	0.00048369511050986186	3.1093746536390006
-4.2792792792792795	0.00048289064651961576	7.944577958609399
-4.2692692692692695	0.0004824766966895346	7.2501114592918725
-4.2592592592592595	0.0004824459000062557	2.7016112817051168
-4.2492492492492495	0.0004827922026820536	1.19756117045038
-4.2392392392392395	0.00048351080172780186	0.6471777279308621
-4.2292292292292295	0.0004845980980038696	0.39789197147665617
-4.2192192192192195	0.0004860516581460849	0.26652621751066696
-4.2092092092092095	0.0004878701848069347	0.18960569272507669
-4.1991991991991995	0.0004900534947679685	0.14099701251052948
-4.1891891891891895	0.0004926025046406738	0.10846713674324479
-4.1791791791791795	0.0004955192238491933	0.08570610133354747
-4.1691691691691695	0.0004988067547834618	0.06920421377589693
-4.1591591591591595	0.0005024693000393267	0.05688843604670359
-4.1491491491491495	0.0005065121767318092	0.04747289963416359
-4.1391391391391394	0.0005109418379879573	0.04012696572808672
-4.129129129129129	0.0005157659017705811	0.034295399387414806
-4.119119119119119	0.000520993187275559	0.029596065095436053
-4.109109109109109	0.0005266337592602126	0.02575924897196131
-4.099099099099099	0.0005326989806678923	0.022590354950825876
-4.089089089089089	0.0005392015741214949	0.019946243070004983
-4.079079079079079	0.0005461556928746404	0.017719803344483583
-4.069069069069069	0.0005535770019667887	0.01582965146889391
-4.059059059059059	0.0005614827704287672	0.01421309508767626
-4.049049049049049	0.0005698919755740255	0.012821238367035555
-4.039039039039039	0.0005788254204874048	0.01161551456806811
-4.029029029029029	0.0005883058660977515	0.010565190732647898
-4.019019019019019	0.0005983581793478759	0.009645545764723294
-4.009009009009009	0.0006090094992395444	0.0088365224548878
-3.998998998998999	0.0006202894228013013	0.00812171796389151
-3.988988988988989	0.0006322302133170792	0.0074876192689106134
-3.978978978978979	0.0006448670335074348	0.006923018107284986
-3.968968968968969	0.0006582382067819118	0.006418558960099868
-3.958958958958959	0.0006723855101271761	0.005966386694076301
-3.948948948948949	0.0006873545027564177	0.00555986959689945
-3.938938938938939	0.0007031948953198594	0.00519337997730328
-3.928928928928929	0.0007199609651879449	0.00486211909757093
-3.918918918918919	0.0007377120242148866	0.00456197652473592
-3.908908908908909	0.0007565129464912864	0.0042894164072047256
-3.898898898898899	0.0007764347647643221	0.0040413849657636915
-3.888888888888889	0.0007975553456864083	0.003815234812238445
-3.878878878878879	0.0008199601558940121	0.0036086627012119586
-3.868868868868869	0.0008437431328038741	0.003419658069773111
-3.858858858858859	0.0008690076767951764	0.003246460290534905
-3.848848848848849	0.0008958677841425411	0.003087523000473672
-3.838838838838839	0.000924449343967534	0.0029414842053913813
-3.828828828828829	0.0009548916266196783	0.002807141121915937
-3.818818818818819	0.000987348996424206	0.002683428923829765
-3.808808808808809	0.0010219928880482161	0.0025694027203152564
-3.798798798798799	0.0010590140938191946	0.0024642222210927373
-3.7887887887887888	0.001098625419011128	0.002367138644553304
-3.7787787787787788	0.0011410647742253893	0.002277483505612699
-3.7687687687687688	0.0011865987889081336	0.0021946589850131725
-3.7587587587587588	0.001235527048789496	0.0021181296339594442
-3.7487487487487487	0.0012881870832451739	0.002047415210400057
-3.7387387387387387	0.0013449602581901497	0.001982084477654394
-3.7287287287287287	0.00140627876716593	0.001921749824279913
-3.7187187187187187	0.0014726339608942833	0.0018660625871731419
-3.7087087087087087	0.001544586316214904	0.0018147089789181548
-3.6986986986986987	0.0016227774237317436	0.0017674065360765133
-3.6886886886886887	0.0017079444751009138	0.0017239010183162987
-3.6786786786786787	0.0018009378638649664	0.0016839636989777098
-3.6686686686686687	0.001902742688595974	0.00164738899697435
-3.6586586586586587	0.0020145051793182198	0.0016139924074943337
-3.6486486486486487	0.002137565378858556	0.0015836086954151497
-3.6386386386386387	0.002273497829992829	0.0015560903209482042
-3.6286286286286287	0.002424162590800548	0.0015313060716591247
-3.6186186186186187	0.0025917696867026946	0.0015091398789448488
-3.6086086086086087	0.0027789612014159836	0.0014894898007689768
-3.5985985985985987	0.002988916747403202	0.0014722671553237343
-3.5885885885885886	0.003225490246950963	0.0014573957929405737
-3.5785785785785786	0.0034933891155670867	0.001444811496205345
-3.5685685685685686	0.0037984115633507977	0.0014344615001817026
-3.5585585585585586	0.004147764600280089	0.001426304126798418
-3.5485485485485486	0.004550495707249351	0.0014203085293484367
-3.5385385385385386	0.005018087091573034	0.0014164545448511587
-3.5285285285285286	0.005565286469900847	0.0014147326539380252
-3.5185185185185186	0.006211288422733632	0.0014151440495628242
-3.5085085085085086	0.006981446169719347	0.0014177008182259842
-3.4984984984984986	0.007909804482736581	0.0014224262388292613
-3.4884884884884886	0.00904293680515789	0.0014293552072009226
-3.4784784784784786	0.010445914546501608	0.0014385347963578466
-3.4684684684684686	0.012211878427429258	0.0014500249657288615
-3.4584584584584586	0.014477928276295288	0.001463899435739809
-3.4484484484484486	0.017452589802187734	0.0014802467481555574
-3.4384384384384385	0.0214656058288979	0.0014991715370236724
-3.4284284284284285	0.0270634795764065	0.001520796040623544
-3.4184184184184185	0.03520597265699763	0.00154526189140488
-3.4084084084084085	0.047706776003309165	0.0015727322287819579
-3.3983983983983985	0.06833839681106942	0.0016033941895220354
-3.3883883883883885	0.10605098381702316	0.0016374618422837636
-3.3783783783783785	0.1866004704421919	0.0016751796476332985
-3.3683683683683685	0.4117238084331333	0.00171682654321765
-3.3583583583583585	1.5531423577005443	0.0017627207766699891
-3.3483483483483485	135.2499276443774	0.001813225637370283
-3.3383383383383385	1.9207774252470329	0.0018687562747074426
-3.3283283283283285	0.45817138833834226	0.0019297878364234677
-3.3183183183183185	0.20039823917644578	0.001996865219735986
-3.3083083083083085	0.1118892448539373	0.002070614803673885
-3.2982982982982985	0.07134471163636036	0.002151758629507878
-3.2882882882882885	0.04946486199190095	0.002241131624449661
-3.2782782782782784	0.03633253897711736	0.002339702632376223
-3.2682682682682684	0.027838533450657066	0.002448600238642751
-3.2582582582582584	0.022031035543304572	0.0025691446746748383
-3.2482482482482484	0.017886493265738268	0.002702887489621448
-3.2382382382382384	0.014826165374822686	0.002851661223379624
-3.2282282282282284	0.01250282055492274	0.0030176420656340143
-3.2182182182182184	0.010697887007512235	0.003203429527625768
-3.2082082082082084	0.009268215032268542	0.003412148615423924
-3.1981981981981984	0.008116873521968977	0.0036475820702419554
-3.1881881881881884	0.007176335151400655	0.003914343229890576
-3.1781781781781784	0.006398388707597621	0.004218104425555085
-3.1681681681681684	0.005747869752409284	0.004565902286063099
-3.1581581581581584	0.005198642939899416	0.004966551043952767
-3.1481481481481484	0.004730957058579532	0.00543120983497305
-3.1381381381381384	0.00432966181923161	0.005974173256269893
-3.1281281281281283	0.003982979842355961	0.0066139915856559236
-3.118118118118118	0.003681644736058763	0.007375087724658102
-3.108108108108108	0.003418285651303785	0.008290139603440437
-3.098098098098098	0.0031869809374030452	0.009403672186111184
-3.088088088088088	0.0029829298134148893	0.010777615717602508
-3.078078078078078	0.0028022076990734017	0.012500164278549714
-3.068068068068068	0.0026415817049710937	0.014700380837433559
-3.058058058058058	0.002498369955818872	0.01757324160014999
-3.048048048048048	0.00237033324150676	0.02142460989579232
-3.038038038038038	0.002255590780160357	0.026756567692496076
-3.028028028028028	0.0021525541543010226	0.03444050942055299
-3.018018018018018	0.002059875077876497	0.04609866645317738
-3.008008008008008	0.001976403785726131	0.06503940027976328
-2.997997997997998	0.0019011556510757568	0.0988993581267151
-2.987987987987988	0.0018332842276976961	0.1687650610461124
-2.977977977977978	0.0017720593466351237	0.35219152708384893
-2.967967967967968	0.0017168492180611855	1.1473264116336417
-2.957957957957958	0.0016671057283623339	27.140741391889645
-2.947947947947948	0.001622352302814085	2.8906319902982838
-2.937937937937938	0.001582173841134382	0.5538808819630795
-2.9279279279279278	0.0015462083378385966	0.2263837096145116
-2.9179179179179178	0.001514139879982259	0.12227267484880715
-2.9079079079079078	0.0014856927773864309	0.07644901908122259
-2.8978978978978978	0.0014606266292933314	0.052329133446524095
-2.8878878878878878	0.0014387321697360619	0.038100942201090324
-2.8778778778778777	0.001419827764260573	0.029016560562112027
-2.8678678678678677	0.0014037564547702832	0.022868691962772022
-2.8578578578578577	0.001390383468596616	0.01851827207384295
-2.8478478478478477	0.0013795941234645644	0.015329297731281407
-2.8378378378378377	0.00137129207265599	0.012924041079094069
-2.8278278278278277	0.0013653978450316653	0.011066729946156154
-2.8178178178178177	0.0013618476430414023	0.009604049609330026
-2.8078078078078077	0.0013605923689919944	0.008432825824790643
-2.7977977977977977	0.0013615968557565425	0.007481572470876853
-2.7877877877877877	0.0013648392832205977	0.00669950092070559
-2.7777777777777777	0.001370310766159969	0.006049732296007933
-2.7677677677677677	0.0013780151031336973	0.0055049716057998035
-2.7577577577577577	0.0013879686795167851	0.00504467395544603
-2.7477477477477477	0.0014002005209770387	0.004653142532139846
-2.7377377377377377	0.0014147524969682528	0.004318224106545669
-2.7277277277277276	0.0014316796766949337	0.004030396875441828
-2.7177177177177176	0.0014510508432544393	0.0037821214575869955
-2.7077077077077076	0.0014729491748686368	0.003567371817175517
-2.6976976976976976	0.0014974731055861616	0.0033812913782204305
-2.6876876876876876	0.0015247373817819296	0.0032199376474968864
-2.6776776776776776	0.001554874335059535	0.0030800903385858167
-2.6676676676676676	0.001588035397203011	0.002959105679731683
-2.6576576576576576	0.0016243928885900435	0.002854804740801349
-2.6476476476476476	0.0016641421183637719	0.002765387121292375
-2.6376376376376376	0.0017075038427605371	0.0026893637633245682
-2.6276276276276276	0.001754727137754354	0.002625504349102477
-2.6176176176176176	0.0018060927540103908	0.0025727959452584237
-2.6076076076076076	0.0018619170364716276	0.0025304104202141697
-2.5975975975975976	0.001922556508465694	0.0024976787890900864
-2.5875875875875876	0.0019884132419189502	0.0024740711032066546
-2.5775775775775776	0.0020599411619902615	0.0024591808465860908
-2.5675675675675675	0.002137653467865354	0.002452713063614121
-2.5575575575575575	0.0022221313931561093	0.0024544756440311065
-2.5475475475475475	0.002314034581970113	0.00246437335093649
-2.5375375375375375	0.002414113423198744	0.0024824043073405156
-2.5275275275275275	0.0025232237704049905	0.002508658766415316
-2.5175175175175175	0.00264234458319698	0.0025433200879368635
-2.5075075075075075	0.0027725991661797	0.0025866679346149032
-2.4974974974974975	0.002915280863267316	0.0026390837930892834
-2.4874874874874875	0.0030718843031009167	0.002701059021027285
-2.4774774774774775	0.003244143604545731	0.002773205730119728
-2.4674674674674675	0.0034340793673220413	0.0028562709420559235
-2.4574574574574575	0.0036440568298391554	0.002951154609522494
-2.4474474474474475	0.0038768583290221064	0.0030589322886740117
-2.4374374374374375	0.00413577422301966	0.003180883497837425
-2.4274274274274275	0.004424717851446504	0.0033185271212389754
-2.4174174174174174	0.004748372075681747	0.003473665643608097
-2.4074074074074074	0.005112377713164523	0.0036484405732440956
-2.3973973973973974	0.00552357813016068	0.003845402184011681
-2.3873873873873874	0.005990339963929091	0.004067597763896197
-2.3773773773773774	0.006522978305402314	0.004318684020323724
-2.3673673673673674	0.007134327111364749	0.004603071339223928
-2.3573573573573574	0.00784051442942717	0.004926110494375356
-2.3473473473473474	0.008662030999791221	0.005294336565268609
-2.3373373373373374	0.009625226330828067	0.0057157908771045705
-2.3273273273273274	0.010764439456012315	0.006200450720502315
-2.3173173173173174	0.012125091819460237	0.006760810032338827
-2.3073073073073074	0.013768272812280135	0.0074126747210481
-2.2972972972972974	0.015777701779185055	0.008176268234430305
-2.2872872872872874	0.01827058576715235	0.0090777936921483
-2.2772772772772774	0.02141507910862673	0.010151681395060489
-2.2672672672672673	0.025459364942307185	0.011443888113424725
-2.2572572572572573	0.03078211997522052	0.013016850612457831
-2.2472472472472473	0.03798441730529792	0.014957113841952769
-2.2372372372372373	0.04806705744222138	0.01738742108435078
-2.2272272272272273	0.06279777705303678	0.020486518423194457
-2.2172172172172173	0.08554192952299214	0.024522857813803322
-2.2072072072072073	0.12336910589143839	0.029914575217837726
-2.1971971971971973	0.19328782456116586	0.03734205378926354
-2.1871871871871873	0.345306933537349	0.047973203818796245
-2.1771771771771773	0.7846693280866872	0.0639516460658723
-2.1671671671671673	3.2247200213592633	0.08956724334292368
-2.1571571571571573	272.28698199844905	0.1344643036952878
-2.1471471471471473	2.814288970109783	0.2242391680529276
-2.1371371371371373	0.7326775052505476	0.4469397325073744
-2.1271271271271273	0.32985430998841114	1.2918358086135355
-2.1171171171171173	0.18675185754063717	13.956811968176568
-2.1071071071071072	0.12000913788466924	7.626688412423654
-2.0970970970970972	0.08358419392942966	1.049914627389874
-2.0870870870870872	0.06155135620564209	0.39452724549803836
-2.0770770770770772	0.047218171257656975	0.2050889467831671
-2.067067067067067	0.037374028772980225	0.125413865832176
-2.057057057057057	0.030322677697402257	0.08457113679784498
-2.047047047047047	0.025099454199740478	0.06088542480124418
-2.037037037037037	0.021122894740820488	0.04593711744136137
-2.027027027027027	0.01802559139973882	0.03590255837538964
-2.017017017017017	0.015566150453154372	0.028841962552488238
-2.007007007007007	0.013580673884557092	0.02368619632820174
-1.996996996996997	0.011954714641329989	0.01980670826301995
-1.986986986986987	0.010606395854770313	0.016814342827554882
-1.976976976976977	0.009475889500140262	0.01445771312736066
-1.966966966966967	0.008518656876968173	0.012568563320042022
-1.956956956956957	0.007700988748760753	0.011030836127864135
-1.946946946946947	0.006996992605024706	0.009762380654223237
-1.936936936936937	0.006386514266860989	0.00870372428157364
-1.926926926926927	0.005853676769982518	0.007810954617377414
-1.916916916916917	0.005385835561584172	0.007051077865229052
-1.906906906906907	0.0049728197649500355	0.006398915772691887
-1.896896896896897	0.004606373376876483	0.005834984750430384
-1.8868868868868869	0.0042797383785667135	0.005344017301182548
-1.8768768768768769	0.003987340017170976	0.004913912695846817
-1.8668668668668669	0.0037245466117459764	0.00453498016834577
-1.8568568568568569	0.0034874843770887854	0.004199385015070788
-1.8468468468468469	0.003272893320524347	0.003900737727418481
-1.8368368368368369	0.0030780141205532037	0.0036337854516919534
-1.8268268268268268	0.0029004986021522777	0.0033941776540843153
-1.8168168168168168	0.0027383383465482375	0.003178286273809958
-1.8068068068068068	0.0025898073556317566	0.0029830663512679352
-1.7967967967967968	0.002453415695475326	0.002805947045917625
-1.7867867867867868	0.0023278717803318673	0.002644745700037614
-1.7767767767767768	0.0022120515043707726	0.0024975995423754905
-1.7667667667667668	0.0021049728362510906	0.0023629110115944083
-1.7567567567567568	0.002005774798902786	0.00223930368152688
-1.7467467467467468	0.0019136999903605907	0.0021255865022186044
-1.7367367367367368	0.0018280799798985703	0.0020207246107911882
-1.7267267267267268	0.0017483230513838629	0.0019238153678889645
-1.7167167167167168	0.0016739038723568383	0.0018340685772697165
-1.7067067067067068	0.0016043547506674155	0.00175079007425395
-1.6966966966966968	0.0015392582058189278	0.0016733680428922067
-1.6866866866866868	0.0014782406338984951	0.0016012615553614084
-1.6766766766766767	0.0014209668858356404	0.001533990930438993
-1.6666666666666667	0.0013671356115906592	0.0014711295883718823
-1.6566566566566567	0.0013164752490235191	0.0014122971424801458
-1.6466466466466467	0.0012687405574325016	0.0013571535174043841
-1.6366366366366367	0.0012237096128122917	0.0013053939232616975
-1.6266266266266267	0.0011811811958874622	0.0012567445462267318
-1.6166166166166167	0.0011409725152946165	0.0012109588411673674
-1.6066066066066067	0.0011029172176667409	0.0011678143320569346
-1.5965965965965967	0.0010668636440182339	0.0011271098422006162
-1.5865865865865867	0.0010326732982058363	0.0010886630895222988
-1.5765765765765767	0.0010002194984737565	0.0010523085929169487
-1.5665665665665667	0.0009693861875078554	0.0010178958445365622
-1.5565565565565564	0.0009400668800368208	0.0009852877100475124
-1.5465465465465464	0.0009121637301099225	0.0009543590249466344
-1.5365365365365364	0.0008855867027547199	0.0009249953599460825
-1.5265265265265264	0.0008602528368583996	0.0008970919325207113
-1.5165165165165164	0.0008360855879790641	0.0008705526451692102
-1.5065065065065064	0.0008130142413280379	0.0008452892338318839
-1.4964964964964964	0.0007909733864862168	0.0008212205122276929
-1.4864864864864864	0.0007699024465536945	0.0007982716999784215
-1.4764764764764764	0.000749745255361228	0.0007763738240641203
-1.4664664664664664	0.0007304496772311625	0.0007554631845940952
-1.4564564564564564	0.0007119672644644122	0.0007354808771213947
-1.4464464464464464	0.0006942529483225944	0.0007163723647283468
-1.4364364364364364	0.0006772647598198897	0.0006980870940952946
-1.4264264264264264	0.0006609635770859808	0.0006805781503993618
-1.4164164164164164	0.0006453128964351623	0.0006638019466638288
-1.4064064064064064	0.000630278624660053	0.0006477179436470784
-1.3963963963963963	0.0006158288902858603	0.0006322883969076447
-1.3863863863863863	0.0006019338718823096	0.0006174781280605499
-1.3763763763763763	0.000588565641654316	0.0006032543176176563
-1.3663663663663663	0.0005756980227944652	0.0005895863171090854
-1.3563563563563563	0.0005633064592326015	0.0005764454784717661
-1.3463463463463463	0.0005513678965577889	0.0005638049989062797
-1.3363363363363363	0.0005398606730289694	0.0005516397796087683
-1.3263263263263263	0.0005287644197180112	0.0005399262969971218
-1.3163163163163163	0.000518059968919737	0.0005286424851689604
-1.3063063063063063	0.000507729270043717	0.0005177676284911641
-1.2962962962962963	0.0004977553123131328	0.0005072822633208171
-1.2862862862862863	0.00048812205363319095	0.0004971680880082657
-1.2762762762762763	0.0004788143550867862	0.0004874078803599031
-1.2662662662662663	0.00046981792054402873	0.00047798542188829947
-1.2562562562562563	0.00046111924093859244	0.00046888542819892905
-1.2462462462462462	0.00045270554279662196	0.0004600934849707223
-1.2362362362362362	0.0004445647406683156	0.0004515959890022886
-1.2262262262262262	0.0004366853931063971	0.0004433800938876301
-1.2162162162162162	0.00042905666189886176	0.00043543365989381466
-1.2062062062062062	0.0004216682743000967	0.0004277452076879149
-1.1961961961961962	0.0004145104879810231	0.000420303875570171
-1.1861861861861862	0.0004075740585110409	0.0004130993799105011
-1.1761761761761762	0.00040085020912585597	0.000406121978524089
-1.1661661661661662	0.00039433060264281887	0.0003993624367396055
-1.1561561561561562	0.00038800731531053875	0.0003928119959236801
-1.1461461461461462	0.0003818728124726387	0.00038646234426935875
-1.1361361361361362	0.0003759199258837847	0.00038030558966675097
-1.1261261261261262	0.0003701418325588237	0.00037433423448260834
-1.1161161161161162	0.00036453203504190567	0.0003685411521016934
-1.1061061061061062	0.00035908434297413994	0.0003629195650725772
-1.0960960960960962	0.0003537928558836852	0.00035746302476840204
-1.0860860860860861	0.00034865194707987026	0.0003521653924086715
-1.0760760760760761	0.0003436562485960336	0.00034702082135491965
-1.0660660660660661	0.00033880063708987526	0.0003420237405854605
-1.0560560560560561	0.00033408022063632426	0.00033716883925684603
-1.0460460460460461	0.0003294903263476072	0.0003324510522674539
-1.0360360360360361	0.0003250264887626341	0.00032786554675043165
-1.026026026026026	0.0003206844389545665	0.00032340770943783585
-1.016016016016016	0.0003164600942950236	0.00031907313481659876
-1.006006006006006	0.00031234954885230113	0.00031485761403679844
-0.995995995995996	0.00030834906434873074	0.0003107571244992041
-0.985985985985986	0.0003044550616709912	0.00030676782009472374
-0.975975975975976	0.00030066411286997624	0.00030288602203204447
-0.965965965965966	0.00029697293363563094	0.00029910821022853084
-0.955955955955956	0.0002933783762097687	0.00029543101521436164
-0.9459459459459459	0.0002898774226988327	0.0002918512105152751
-0.9359359359359359	0.00028646717877511244	0.0002883657054918306
-0.9259259259259259	0.0002831448677335064	0.00028497153859491847
-0.9159159159159159	0.0002799078248806412	0.0002816658710073104
-0.9059059059059059	0.0002767534922378434	0.00027844598066499224
-0.8958958958958959	0.0002736794135354161	0.00027530925660502917
-0.8858858858858859	0.00027068322948843766	0.0002722531936395112
-0.8758758758758759	0.00026776267331667884	0.00026927538733447214
-0.8658658658658659	0.0002649155665221491	0.0002663735292594562
-0.8558558558558559	0.00026213981487985483	0.0002635454025064097
-0.8458458458458459	0.0002594334046518119	0.0002607888774496768
-0.8358358358358359	0.0002567943989934218	0.0002581019077425677
-0.8258258258258259	0.00025422093455843524	0.0002554825265208086
-0.8158158158158159	0.0002517112182663336	0.0002529288428263938
-0.8058058058058059	0.0002492635242527559	0.0002504390382013489
-0.7957957957957958	0.00024687619096572683	0.0002480113634779923
-0.7857857857857858	0.00024454761841301694	0.0002456441357284079
-0.7757757757757757	0.00024227626554980508	0.00024333573537720348
-0.7657657657657657	0.00024006064779946015	0.00024108460346040152
-0.7557557557557557	0.00023789933469477905	0.00023888923902780107
-0.7457457457457457	0.00023579094763488475	0.00023674819668069932
-0.7357357357357357	0.00023373415776306502	0.00023466008422239583
-0.7257257257257257	0.00023172768393479903	0.00023262356044417178
-0.7157157157157157	0.00022977029079354516	0.00023063733300771419
-0.7057057057057057	0.0002278607869366569	0.0002287001564409978
-0.6956956956956957	0.0002259980231751458	0.0002268108302245956
-0.6856856856856857	0.00022418089086520294	0.0002249681969867682
-0.6756756756756757	0.00022240832033084993	0.0002231711407681044
-0.6656656656656657	0.00022067927935301847	0.00022141858538515265
-0.6556556556556556	0.00021899277173768276	0.00021970949286375253
-0.6456456456456456	0.00021734783594082676	0.00021804286195467094
-0.6356356356356356	0.0002157435437645238	0.0002164177267111329
-0.6256256256256256	0.0002141789991133476	0.0002148331551405314
-0.6156156156156156	0.00021265333680710219	0.00021328824791936644
-0.6056056056056056	0.00021116572144108935	0.00021178213716567567
-0.5955955955955956	0.00020971534631076535	0.00021031398526740028
-0.5855855855855856	0.00020830143237788226	0.00020888298376920629
-0.5755755755755756	0.00020692322728193364	0.00020748835231122826
-0.5655655655655656	0.0002055800043991046	0.00020612933760922304
-0.5555555555555556	0.00020427106194472903	0.00020480521249013528
-0.5455455455455456	0.00020299572211166748	0.0002035152749668034
-0.5355355355355356	0.0002017533302510095	0.0002022588473561042
-0.5255255255255256	0.00020054325408716642	0.00020103527543470444
-0.5155155155155156	0.00019936488296538006	0.0001998439276367841
-0.5055055055055055	0.0001982176271379702	0.00019868419428684922
-0.4954954954954955	0.00019710091707702987	0.00019755548686199706
-0.4854854854854855	0.00019601420282127876	0.0001964572372935672
-0.4754754754754755	0.00019495695334655156	0.00019538889729697656
-0.46546546546546547	0.00019392865596711944	0.0001943499377327249
-0.45545545545545546	0.0001929288157648741	0.00019333984799238405
-0.44544544544544545	0.00019195695503778794	0.0001923581354149508
-0.43543543543543545	0.00019101261278046787	0.00019140432472920205
-0.42542542542542544	0.00019009534417611763	0.00019047795752167627
-0.41541541541541543	0.0001892047201245843	0.00018957859171927398
-0.40540540540540543	0.00018834032677577056	0.00018870580111141956
-0.3953953953953954	0.00018750176509906596	0.0001878591748760288
-0.38538538538538536	0.00018668865045763986	0.0001870383171389991
-0.37537537537537535	0.0001859006122113216	0.0001862428465472257
-0.36536536536536535	0.00018513729333137664	0.00018547239586120965
-0.35535535535535534	0.0001843983500357584	0.00018472661156925985
-0.34534534534534533	0.00018368345143651013	0.0001840051535130973
-0.3353353353353353	0.00018299227921002846	0.00018330769453817996
-0.3253253253253253	0.0001823245272706572	0.00018263392015214938
-0.3153153153153153	0.00018167990147263048	0.00018198352820454408
-0.3053053053053053	0.000181058119313566	0.00018135622857866262
-0.2952952952952953	0.00018045890966192645	0.00018075174289588624
-0.2852852852852853	0.00017988201248781416	0.0001801698042416899
-0.2752752752752753	0.00017932717861131978	0.00017961015689339056
-0.2652652652652653	0.000178794169466097	0.00017907255607128004
-0.2552552552552553	0.00017828275686541042	0.0001785567676925875
-0.24524524524524524	0.0001777927227891432	0.00017806256814981776
-0.23523523523523523	0.00017732385917153625	0.00017758974408267473
-0.22522522522522523	0.00017687596771363164	0.0001771380921819821
-0.21521521521521522	0.0001764488596865891	0.000176707418987956
-0.20520520520520522	0.0001760423557650243	0.00017629754070449098
-0.19519519519519518	0.0001756562858541127	0.000175908283028602
-0.18518518518518517	0.0001752904889377054	0.0001755394809786295
-0.17517517517517517	0.00017494481292171208	0.00017519097874405293
-0.16516516516516516	0.00017461911450598932	0.00017486262953677446
-0.15515515515515516	0.0001743132590441038	0.00017455429545244658
-0.14514514514514515	0.0001740271204235988	0.0001742658473439464
-0.13513513513513514	0.00017376058095433088	0.00017399716470101136
-0.12512512512512514	0.00017351353125874766	0.00017374813553638105
-0.11511511511511512	0.00017328587017651298	0.00017351865628569235
-0.10510510510510511	0.0001730775046678784	0.0001733086317103984
-0.09509509509509509	0.00017288834973986243	0.00017311797480771564
-0.08508508508508508	0.00017271832835881644	0.00017294660673797027
-0.07507507507507508	0.0001725673713927107	0.00017279445674613577
-0.06506506506506507	0.0001724354175402425	0.0001726614620999682
-0.055055055055055056	0.00017232241328203518	0.000172547568032614
-0.04504504504504504	0.0001722283128326481	0.00017245272769247423
-0.035035035035035036	0.00017215307809561345	0.00017237690210065965
-0.025025025025025027	0.00017209667863531816	0.0001723200601183948
-0.015015015015015015	0.0001720590916465466	0.00017228217841387357
-0.005005005005005005	0.00017204030194258423	0.00017226324144471893
0.005005005005005005	0.0001720403019325328	0.00017226324144505405
0.015015015015015015	0.00017205909161836615	0.00017228217841376697
0.025025025025025027	0.00017209667859428393	0.00017232006011751543
0.035035035035035036	0.00017215307805021782	0.00017237690210077935
0.04504504504504504	0.00017222831278861805	0.00017245272769127258
0.055055055055055056	0.00017232241324325	0.00017254756803230026
0.06506506506506507	0.00017243541750725975	0.00017266146210010181
0.07507507507507508	0.00017256737136554814	0.00017279445674550387
0.08508508508508508	0.00017271832833759947	0.00017294660673822438
0.09509509509509509	0.00017288834972317056	0.00017311797480652405
0.10510510510510511	0.00017307750465439309	0.0001733086317093277
0.11511511511511512	0.00017328587016555655	0.00017351865628529176
0.12512512512512514	0.000173513531251005	0.000173748135535766
0.13513513513513514	0.0001737605809470062	0.00017399716469998264
0.14514514514514515	0.00017402712041727301	0.00017426584734280725
0.15515515515515516	0.0001743132590387549	0.00017455429545095848
0.16516516516516516	0.00017461911450221827	0.0001748626295346419
0.17517517517517517	0.00017494481291856713	0.00017519097874226736
0.18518518518518517	0.00017529048893410388	0.00017553948097619496
0.19519519519519518	0.00017565628585229962	0.00017590828302651359
0.20520520520520522	0.00017604235576271582	0.00017629754070162414
0.21521521521521522	0.0001764488596852814	0.00017670741898489096
0.22522522522522523	0.00017687596771174491	0.00017713809217905204
0.23523523523523523	0.00017732385917117638	0.00017758974407976186
0.24524524524524524	0.000177792722787658	0.00017806256814571563
0.2552552552552553	0.00017828275686556638	0.00017855676768903784
0.2652652652652653	0.00017879416946591891	0.00017907255606711662
0.2752752752752753	0.00017932717861178567	0.0001796101568894913
0.2852852852852853	0.0001798820124880102	0.00018016980423671207
0.2952952952952953	0.0001804589096626632	0.00018075174289017797
0.3053053053053053	0.00018105811931458816	0.00018135622857224103
0.3153153153153153	0.00018167990147320047	0.00018198352819813094
0.3253253253253253	0.0001823245272718145	0.00018263392014547403
0.3353353353353353	0.00018299227921126683	0.00018330769453028835
0.34534534534534533	0.00018368345143840567	0.0001840051535045594
0.35535535535535534	0.00018439835003666974	0.0001847266115598724
0.36536536536536535	0.00018513729333268227	0.00018547239585128906
0.37537537537537535	0.00018590061221245195	0.00018624284653621118
0.38538538538538536	0.00018668865045842932	0.00018703831712683596
0.3953953953953954	0.0001875017651008652	0.00018785917486360715
0.40540540540540543	0.00018834032677690786	0.00018870580109685118
0.41541541541541543	0.0001892047201263341	0.00018957859170350543
0.42542542542542544	0.000190095344178676	0.00019047795750375276
0.43543543543543545	0.00019101261278258334	0.00019140432471074755
0.44544544544544545	0.00019195695504103333	0.00019235813539415916
0.45545545545545546	0.00019292881576744113	0.000193339847969981
0.46546546546546547	0.00019392865596977755	0.00019434993770804673
0.4754754754754755	0.00019495695334977446	0.00019538889727112972
0.4854854854854855	0.0001960142028246469	0.00019645723726412057
0.4954954954954955	0.0001971009170808991	0.00019755548683000592
0.5055055055055055	0.00019821762714161036	0.00019868419425169502
0.5155155155155156	0.00019936488296955028	0.00019984392759901158
0.5255255255255256	0.0002005432540915822	0.00020103527539284843
0.5355355355355356	0.0002017533302560655	0.0002022588473101117
0.5455455455455456	0.00020299572211690482	0.00020351527491737625
0.5555555555555556	0.00020427106194989347	0.00020480521243564692
0.5655655655655656	0.00020558000440499606	0.00020612933754939915
0.5755755755755756	0.0002069232272881244	0.00020748835224664407
0.5855855855855856	0.00020830143238485124	0.00020888298369853712
0.5955955955955956	0.00020971534631814465	0.00021031398518956678
0.6056056056056056	0.0002111657214488712	0.00021178213708075946
0.6156156156156156	0.00021265333681555723	0.00021328824782752793
0.6256256256256256	0.00021417899912304592	0.00021483315503910985
0.6356356356356356	0.00021574354377431319	0.0002164177265995643
0.6456456456456456	0.0002173478359514942	0.00021804286183289544
0.6556556556556556	0.00021899277174973917	0.00021970949273082352
0.6656656656656657	0.00022067927936530042	0.00022141858523955197
0.6756756756756757	0.00022240832034361167	0.00022317114060856446
0.6856856856856857	0.00022418089087878194	0.00022496819681287508
0.6956956956956957	0.00022599802318987516	0.00022681083003403638
0.7057057057057057	0.00022786078695286635	0.00022870015623229574
0.7157157157157157	0.00022977029081014503	0.000230637332781317
0.7257257257257257	0.0002317276839533406	0.0002326235601949971
0.7357357357357357	0.00023373415778402712	0.0002346600839493453
0.7457457457457457	0.00023579094765665718	0.0002367481963812551
0.7557557557557557	0.00023789933471683088	0.0002388892387015709
0.7657657657657657	0.00024006064782359598	0.00024108460310280958
0.7757757757757757	0.00024227626557621394	0.00024333573498608955
0.7857857857857858	0.0002445476184406006	0.0002456441353010388
0.7957957957957958	0.0002468761909963696	0.0002480113630089316
0.8058058058058059	0.0002492635242856735	0.0002504390376871262
0.8158158158158159	0.000251711218301854	0.0002529288422641058
0.8258258258258259	0.00025422093459591134	0.000255482525904342
0.8358358358358359	0.0002567943990346633	0.00025810190706648773
0.8458458458458459	0.0002594334046949223	0.00026078887671032003
0.8558558558558559	0.00026213981492649986	0.000263545401696639
0.8658658658658659	0.00026491556657211535	0.00026637352837214826
0.8758758758758759	0.0002677626733710423	0.0002692753863604333
0.8858858858858859	0.0002706832295462162	0.000272253192572921
0.8958958958958959	0.0002736794135975328	0.00027530925543595136
0.9059059059059059	0.0002767534923044856	0.0002784459793840489
0.9159159159159159	0.0002799078249524927	0.0002816658696031837
0.9259259259259259	0.00028314486781066793	0.0002849715370522056
0.9359359359359359	0.00028646717885835103	0.00028836570380091404
0.9459459459459459	0.0002898774227887938	0.0002918512086623621
0.955955955955956	0.00029337837630636916	0.00029543101317983214
0.965965965965966	0.00029697293374007495	0.00029910820799738735
0.975975975975976	0.0003006641129812715	0.00030288601958294544
0.985985985985986	0.0003044550617912268	0.000306767817406476
0.995995995995996	0.0003083490644794131	0.00031075712154807775
1.006006006006006	0.00031234954899274304	0.00031485761079506485
1.016016016016016	0.00031646009444607207	0.00031907313125731655
1.026026026026026	0.00032068443911636047	0.0003234077055258381
1.0360360360360361	0.00032502648893840134	0.00032786554245404224
1.0460460460460461	0.0003294903265353938	0.00033245104754640994
1.0560560560560561	0.0003340802208391429	0.00033716883406750684
1.0660660660660661	0.0003388006373086286	0.00034202373487989836
1.0760760760760761	0.00034365624883166574	0.00034702081508079124
1.0860860860860861	0.0003486519473346546	0.00035216538551038396
1.0960960960960962	0.00035379285615936087	0.0003574630171789079
1.1061061061061062	0.0003590843432706655	0.00036291955672138824
1.1161161161161162	0.00036453203536129797	0.00036854114290834483
1.1261261261261262	0.0003701418329047029	0.00037433422436337124
1.1361361361361362	0.0003759199262572722	0.0003803055785233552
1.1461461461461462	0.00038187281287592164	0.0003864623319953825
1.1561561561561562	0.0003880073157458873	0.00039281198240233485
1.1661661661661662	0.0003943306031123993	0.0003993624218390016
1.1761761761761762	0.0004008502096334174	0.0004061219620972975
1.1861861861861862	0.00040757405905965914	0.0004130993617976149
1.1961961961961962	0.00041451048857509985	0.0004203038555927992
1.2062062062062062	0.0004216682749406948	0.0004277451856468427
1.2162162162162162	0.00042905666259125094	0.000435433635568766
1.2262262262262262	0.0004366853938563818	0.00044338006703462227
1.2362362362362362	0.0004445647414806868	0.00045159595934825736
1.2462462462462462	0.0004527055436735746	0.0004600934522132847
1.2562562562562563	0.00046111924188741013	0.00046888539200015444
1.2662662662662663	0.0004698179215724464	0.0004779853818735202
1.2762762762762763	0.00047881435620106055	0.00048740783611424184
1.2862862862862863	0.0004881220548391901	0.0004971680390633787
1.2962962962962963	0.0004977553136212169	0.0005072822091599258
1.3063063063063063	0.0005077292714616503	0.0005177675685350958
1.3163163163163163	0.0005180599704561724	0.0005286424187736173
1.3263263263263263	0.0005287644213845457	0.0005399262234416674
1.3363363363363363	0.0005398606748373053	0.0005516396980867481
1.3463463463463463	0.0005513678985205446	0.0005638049085209835
1.3563563563563563	0.0005633064613637575	0.0005764453782161909
1.3663663663663663	0.0005756980251073916	0.0005895862058556008
1.3763763763763763	0.000588565644165272	0.0006032541941090034
1.3863863863863863	0.000601933874611992	0.0006174779908818258
1.3963963963963963	0.0006158288932522038	0.0006322882444750265
1.4064064064064064	0.0006302786278851178	0.0006477177741855302
1.4164164164164164	0.0006453128999439262	0.0006638017581795577
1.4264264264264264	0.0006609635809027705	0.0006805779406508517
1.4364364364364364	0.0006772647639747837	0.0006980868605613221
1.4464464464464464	0.0006942529528475755	0.0007163721045743102
1.4564564564564564	0.0007119672693942573	0.0007354805871566232
1.4664664664664664	0.0007304496826036237	0.0007554628612198024
1.4764764764764764	0.0007497452612198795	0.0007763734632219716
1.4864864864864864	0.0007699024529459622	0.0007982712970883532
1.4964964964964964	0.0007909733934629195	0.0008212200621185361
1.5065065065065064	0.0008130142489452082	0.0008452887306512194
1.5165165165165164	0.0008360855963016025	0.0008705520822902402
1.5265265265265264	0.0008602528459548384	0.0008970913024414815
1.5365365365365364	0.000885586712703879	0.0009249946541606797
1.5465465465465464	0.0009121637409957429	0.0009543582337912448
1.5565565565565564	0.0009400668919561315	0.000985286822542623
1.5665665665665667	0.0009693862005665556	0.0010178948481909548
1.5765765765765767	0.0010002195127880966	0.001052307473503573
1.5865865865865867	0.0010326733139069358	0.0010886618308154317
1.5965965965965967	0.0010668636612521402	0.0011271084256775192
1.6066066066066067	0.0011029172365948367	0.0011678127365360063
1.6166166166166167	0.0011409725361000165	0.001210957042403349
1.6266266266266267	0.001181181218771963	0.0012567425164247453
1.6366366366366367	0.0012237096380025468	0.001305391630512944
1.6466466466466467	0.0012687405851840344	0.0013571509250195552
1.6566566566566567	0.0013164752796215675	0.0014122942082128935
1.6666666666666667	0.0013671356453532442	0.0014711262634870843
1.6766766766766767	0.0014209669231276753	0.0015339871586266555
1.6866866866866868	0.0014782406751239967	0.0016012572714463864
1.6966966966966968	0.001539258251439243	0.001673363171280784
1.7067067067067068	0.0016043548011995049	0.0017507845271091203
1.7167167167167168	0.0016739039283938547	0.0018340622523146963
1.7267267267267268	0.0017483231135894148	0.0019238081457616176
1.7367367367367368	0.0018280800490328571	0.002020716351882003
1.7467467467467468	0.0019137000672888448	0.002125577042835252
1.7567567567567568	0.0020057748846141876	0.002239292829244712
1.7667667667667668	0.0021049729318729483	0.0023628985396007274
1.7767767767767768	0.0022120516112033206	0.002497585182560569
1.7867867867867868	0.002327871899861852	0.0026447291345016734
1.7967967967967968	0.002453415829425749	0.0028059278965127826
1.8068068068068068	0.0025898075059893246	0.002983044166609822
1.8168168168168168	0.0027383385156167163	0.0031782605131213905
1.8268268268268268	0.002900498792614156	0.0033941476669309147
1.8368368368368369	0.003078014335535792	0.0036337504524457903
1.8468468468468469	0.0032728935636931614	0.003900696762844789
1.8568568568568569	0.0034874846527529093	0.0041993369228988464
1.8668668668668669	0.0037245469249902797	0.0045349235239487105
1.8768768768768769	0.00398734037402888	0.004913845742988742
1.8868868868868869	0.004279738786221921	0.005343937861342669
1.896896896896897	0.004606373843928379	0.005834890102873964
1.906906906906907	0.004972820301750143	0.006398802494194109
1.916916916916917	0.005385836180671716	0.007050941613368672
1.926926926926927	0.005853677486636644	0.00781078983380594
1.936936936936937	0.006386515099828529	0.008703523779949323
1.946946946946947	0.006996993577492704	0.009762135038918922
1.956956956956957	0.007700989889642674	0.011030532959657837
1.966966966966967	0.008518658222650431	0.01256818589476365
1.976976976976977	0.009475891096897848	0.014457238647967833
1.986986986986987	0.010606397762130055	0.016813739598248403
1.996996996996997	0.01195471693683948	0.019805931254839513
2.007007007007007	0.013580676670728157	0.023685179929594024
2.017017017017017	0.01556615386774019	0.0288406082358317
2.027027027027027	0.018025595631379655	0.03590071269067306
2.037037037037037	0.021122900053535017	0.04593453041018472
2.047047047047047	0.025099460972597916	0.06088166538481647
2.057057057057057	0.03032268649139382	0.08456540459231529
2.067067067067067	0.037374040449087126	0.12540451704961977
2.0770770770770772	0.04721818719756993	0.20507207800466837
2.0870870870870872	0.06155137875430579	0.39449120108387276
2.0970970970970972	0.08358422736429824	1.049806212106901
2.1071071071071072	0.12000919080057128	7.625729265726049
2.1171171171171173	0.18675194972972894	13.955994668606966
2.1271271271271273	0.3298544975301535	1.2916968253366976
2.1371371371371373	0.7326780152733314	0.4468838608457328
2.1471471471471473	2.8142918405430426	0.22420778335164065
2.1571571571571573	272.2874255242088	0.13444346058124776
2.1671671671671673	3.2247193158710745	0.08955193773430406
2.1771771771771773	0.7846694506056988	0.06393962710794107
2.1871871871871873	0.3453070374960998	0.04796330171926411
2.1971971971971973	0.19328790018700648	0.03733359594493195
2.2072072072072073	0.1233691627893148	0.0299071447045527
2.2172172172172173	0.08554197420486098	0.024516180602149162
2.2272272272272273	0.06279781345333015	0.02048040565434104
2.2372372372372373	0.04806708799692957	0.01738173732407597
2.2472472472472473	0.037984443587165496	0.014951758577368031
2.2572572572572573	0.030782143041764173	0.013011746935869978
2.2672672672672673	0.025459385530656714	0.011438975514287271
2.2772772772772774	0.02141509774895612	0.010146911004410515
2.2872872872872874	0.018270602851300208	0.009073125046331202
2.2972972972972974	0.015777717603725625	0.008171667010085473
2.3073073073073074	0.013768287606452842	0.0074081111082208925
2.3173173173173174	0.012125105763826863	0.006756257536324523
2.3273273273273274	0.010764452695213563	0.006195885257605242
2.3373373373373374	0.009625238982560829	0.005711190074698977
2.3473473473473474	0.008662043161200974	0.005289679205651277
2.3573573573573574	0.007840526181788352	0.004921376060108117
2.3673673673673674	0.0071343385235462225	0.004598239630145403
2.3773773773773774	0.006522989436473296	0.004313734820350115
2.3873873873873874	0.005990350865168864	0.00406251054124897
2.3973973973973974	0.005523588846591581	0.0038401558123003477
2.4074074074074074	0.005112388284761438	0.0036430130632343137
2.4174174174174174	0.004748382538343491	0.0034680338772679524
2.4274274274274275	0.0044247282377633	0.0033126665806436973
2.4374374374374375	0.004135784562902182	0.003174767982151951
2.4474474474474475	0.003876868650211833	0.0030525336126091727
2.4574574574574575	0.00364406715834405	0.0029444422766300177
2.4674674674674675	0.003434089727776618	0.0028492117858036716
2.4774774774774775	0.0032441540205142513	0.0027657635151757806
2.4874874874874875	0.003071894797342651	0.0026931939961101488
2.4974974974974975	0.002915291457971525	0.0026307521857156808
2.5075075075075075	0.00277260988317227	0.0025778213763678337
2.5175175175175175	0.002642355444118358	0.0025339049570469846
2.5275275275275275	0.0025232347968880174	0.0024986154319130522
2.5375375375375375	0.002414124637025943	0.002471666256044206
2.5475475475475475	0.0023140460052164784	0.002452866174723759
2.5575575575575575	0.002222143048337953	0.0024421158601280394
2.5675675675675675	0.0021376653780818653	0.0024394067347830607
2.5775775775775776	0.0020599533510583076	0.0024448219605932345
2.5875875875875876	0.0019884257345120487	0.0024585396617892137
2.5975975975975976	0.0019225693302574922	0.0024808385447049764
2.6076076076076076	0.001861930214283079	0.0025121061840052378
2.6176176176176176	0.0018061063159648533	0.0025528503703360446
2.6276276276276276	0.0017547411134288635	0.002603714068553993
2.6376376376376376	0.0017075182633622603	0.0026654947303173314
2.6476476476476476	0.0016641570169085016	0.0027391689565827867
2.6576576576576576	0.001624408300089075	0.002825923837814441
2.6676676676676676	0.0015880513588876768	0.0029271967439876145
2.6776776776776776	0.0015548908865927848	0.0030447259400665345
2.6876876876876876	0.0015247545655088866	0.0031806152317181017
2.6976976976976976	0.0014974909668110524	0.003337417000476473
2.7077077077077076	0.0014729677621364693	0.0035182396141814707
2.7177177177177176	0.001451070208684755	0.0037268875212766992
2.7277277277277276	0.0014316998763315677	0.003968045699929267
2.7377377377377377	0.001414773591189686	0.004247525071590852
2.7477477477477477	0.0014002225749152534	0.004572592858193266
2.7577577577577577	0.001387991763549522	0.004952423046923563
2.7677677677677677	0.0013780392934336313	0.005398719418202399
2.7777777777777777	0.0013703361452864799	0.005926590871078543
2.7877877877877877	0.0013648659408015131	0.006555802777293218
2.7977977977977977	0.0013616248892378499	0.00731260081400936
2.8078078078078077	0.0013606218844874332	0.008232427223191093
2.8178178178178177	0.0013618787562811778	0.009364065634703704
2.8278278278278277	0.0013654306824451197	0.010776142161465172
2.8378378378378377	0.0013713267725812901	0.012567647638101524
2.8478478478478477	0.0013796308375191167	0.014885596330428056
2.8578578578578577	0.0013904223632472677	0.01795593993155088
2.8678678678678677	0.0014037977130998936	0.022140458226265928
2.8778778778778777	0.0014198715880025157	0.028047931180250965
2.8878878878878878	0.0014387787815854796	0.0367679830021963
2.8978978978978978	0.00146067627556886	0.050410723664186835
2.9079079079079078	0.001485745731088187	0.07351184732551713
2.9179179179179178	0.001514196444321574	0.11734704187066532
2.9279279279279278	0.0015462688503194123	0.2168088660251331
2.937937937937938	0.0015822386782901761	0.5292008490000965
2.947947947947948	0.001622421885730823	2.7540123882315646
2.957957957957958	0.001667180529137003	26.567637191457763
2.967967967967968	0.001716929767373929	1.0942723888856642
2.977977977977978	0.001772146242669824	0.3346260861278887
2.987987987987988	0.001833378146699975	0.15988742693937188
2.997997997997998	0.0019012573598935615	0.09344378224022121
3.008008008008008	0.001976514156771938	0.061286142385314435
3.018018018018018	0.002059995107077241	0.04331932815606145
3.028028028028028	0.0021526849827423443	0.03227286287158529
3.038038038038038	0.00225573372031251	0.024999594567939123
3.048048048048048	0.0023704898091990224	0.01995746519553237
3.058058058058058	0.0024985419094846555	0.016318705251724228
3.068068068068068	0.002641771094092496	0.013606673404463553
3.078078078078078	0.0028024169244380125	0.011531182465935737
3.088088088088088	0.002983161702653509	0.00990735881931872
3.098098098098098	0.0031872388404021717	0.008612897308751241
3.108108108108108	0.0034185735618576353	0.007564268621475042
3.118118118118118	0.0036819674484092676	0.006702850168744566
3.1281281281281283	0.00398334315476283	0.005986517416258913
3.1381381381381384	0.004330072801682169	0.005384370065334019
3.1481481481481484	0.004731424409197764	0.004873325219628638
3.1581581581581584	0.005199177465928628	0.0044358586821666044
3.1681681681681684	0.005748485029017141	0.004058472560504075
3.1781781781781784	0.006399101995283557	0.003730634025558812
3.1881881881881884	0.007177168697169525	0.0034440266553392414
3.1981981981981984	0.008117856443204202	0.0031920134010856986
3.2082082082082084	0.009269386108336337	0.0029692454722324586
3.2182182182182184	0.010699298927113634	0.0027713735258422926
3.2282282282282284	0.012504546577065024	0.0025948316824428146
3.2382382382382384	0.014828310148074543	0.002436674112629969
3.2482482482482484	0.017889211139999178	0.0022944500635666562
3.2582582582582584	0.022034563117676202	0.002166107328348871
3.2682682682682684	0.027843250954150276	0.0020499169940332474
3.2782782782782784	0.03633909480923181	0.0019444142720806857
3.2882882882882885	0.049474449984511795	0.00184835160029281
3.2982982982982985	0.07135976832363178	0.0017606611919723694
3.3083083083083085	0.11191552375632434	0.0016804249189237793
3.3183183183183185	0.20045272510365314	0.0016068499323783083
3.3283283283283285	0.45832810570133165	0.0015392488062834966
3.3383383383383385	1.9218275207793085	0.0014770232697837258
3.3483483483483485	135.02251549507844	0.0014196508069093759
3.3583583583583585	1.5528355196568964	0.0013666735609904092
3.3683683683683685	0.41171669042045045	0.0013176891025677663
3.3783783783783785	0.18660958451319365	0.001272342712503823
3.3883883883883885	0.1060600169829848	0.0012303209035777881
3.3983983983983985	0.06834587898847183	0.001191345959718695
3.4084084084084085	0.0477128736692617	0.001155171315297031
3.4184184184184185	0.035210999507694525	0.001121577631306125
3.4284284284284285	0.027067693782638815	0.0010903694521359755
3.4384384384384385	0.021469198135792313	0.0010613723483435464
3.4484484484484486	0.017455698839719105	0.0010344304678244413
3.4584584584584586	0.014480655565275917	0.0010094044317390627
3.4684684684684686	0.012214299422410342	0.0009861695226359103
3.4784784784784786	0.01044808626555087	0.0009646141212827576
3.4884884884884886	0.009044903044864569	0.000944638356037131
3.4984984984984986	0.007911599406429102	0.0009261529347973842
3.5085085085085086	0.006983096808770992	0.0009090781342971067
3.5185185185185186	0.006212816446906333	0.0008933429257870948
3.5285285285285286	0.005566709460013675	0.0008788842195873925
3.5385385385385386	0.0050194194683760495	0.0008656462136994985
3.5485485485485486	0.004551749419201636	0.0008535798342056334
3.5585585585585586	0.004148949639683306	0.0008426422571361197
3.5685685685685686	0.0037995363586716758	0.0008327965032702524
3.5785785785785786	0.003494460833052789	0.0008240110987867172
3.5885885885885886	0.0032265150251785404	0.0008162597959860535
3.5985985985985987	0.002989899881403449	0.0008095213494357937
3.6086086086086087	0.0027799072887084416	0.0008037793439797326
3.6186186186186187	0.002592682744034856	0.0007990220718353152
3.6286286286286287	0.0024250461483513596	0.0007952424570478624
3.6386386386386387	0.0022743550078648347	0.0007924380261586618
3.6486486486486487	0.0021383989497713468	0.0007906109249837339
3.6586586586586587	0.0020153176202257726	0.0007897679819840841
3.6686686686686687	0.0019035362235290214	0.0007899208196054772
3.6786786786786787	0.0018017144997255782	0.0007910860158242874
3.6886886886886887	0.0017087060316751032	0.0007932853189889012
3.6986986986986987	0.0016235255590741355	0.0007965459200945609
3.7087087087087087	0.0015453225481767933	0.0008009007876568684
3.7187187187187187	0.0014733596855162642	0.0008063890717849443
3.7287287287287287	0.0014069952744554665	0.0008130565852471213
3.7387387387387387	0.0013456687457330874	0.0008209563712319092
3.7487487487487487	0.001288888667984283	0.0008301493693914103
3.7587587587587588	0.001236222777300402	0.0008407051940800316
3.7687687687687688	0.001187289646399107	0.0008527030414975059
3.7787787787787788	0.0011417516924399568	0.0008662327458679081
3.7887887887887888	0.0010993092832240461	0.0008813960086676014
3.798798798798799	0.001059695749052654	0.0008983078299997302
3.808808808808809	0.0010226731446346588	0.0009170981769741328
3.818818818818819	0.0009880286349996797	0.0009379139314476847
3.828828828828829	0.0009555714026386303	0.0009609211683024266
3.838838838838839	0.0009251299918154228	0.000986307826686562
3.848848848848849	0.0008965500209028315	0.0010142868503421785
3.858858858858859	0.0008696922057102762	0.0010450998905702975
3.868868868868869	0.0008444306464993302	0.0010790216868046272
3.878878878878879	0.0008206513393783984	0.0011163652673815128
3.888888888888889	0.0007982508792017512	0.0011574881477307052
3.898898898898899	0.0007771353264621974	0.0012027997473583781
3.908908908908909	0.0007572192150268484	0.0012527703045030372
3.918918918918919	0.0007384246812153735	0.0013079416404044324
3.928928928928929	0.0007206806976773662	0.0013689402216282276
3.938938938938939	0.0007039223980821892	0.0014364930943038168
3.948948948948949	0.0006880904806843698	0.0015114474306343344
3.958958958958959	0.0006731306805380094	0.0015947946491287402
3.968968968968969	0.0006589933017633891	0.0016877003673968272
3.978978978978979	0.000645632802266872	0.0017915418489339839
3.988988988988989	0.0006330074245889795	0.0019079551560836484
3.998998998998999	0.0006210788672883891	0.002038894982498782
4.009009009009009	0.000609811992143503	0.002186711200991774
4.019019019019019	0.0005991745629765217	0.0023542476646895424
4.029029029029029	0.0005891370125792056	0.0025449709465720336
4.039039039039039	0.0005796722346051004	0.0027631398167727497
4.049049049049049	0.0005707553977381261	0.003014030834438206
4.059059059059059	0.0005623637798068666	0.003304242268966775
4.069069069069069	0.0005544766197868763	0.003642108949769943
4.079079079079079	0.0005470749859312496	0.004038276708404025
4.089089089089089	0.0005401416585011809	0.0045065104298435245
4.099099099099099	0.0005336610257137817	0.0050648506345393595
4.109109109109109	0.0005276189918196558	0.00573730113011941
4.119119119119119	0.0005220028962403378	0.0065563451027485405
4.129129129129129	0.00051680144294152	0.00756678798910985
4.1391391391391394	0.0005120046393229353	0.008831789301440893
4.1491491491491495	0.0005076037439808933	0.010442629985022484
4.1591591591591595	0.0005035912228344379	0.012535106989876884
4.1691691691691695	0.0004999607132194006	0.015318227563697695
4.1791791791791795	0.0004967069956033241	0.01912697529892258
4.1891891891891895	0.0004938259727004181	0.024525272681800693
4.1991991991991995	0.0004913146558013847	0.032522033538999885
4.2092092092092095	0.0004891711582788638	0.045067843697613325
4.2192192192192195	0.00048739469625012785	0.0663404749666047
4.2292292292292295	0.0004859855964621468	0.10665425918178902
4.2392392392392395	0.00048494531161589094	0.19750002807553677
4.2492492492492495	0.000484276443331555	0.47664958643317185
4.2592592592592595	0.0004839827731472761	2.281776881969113
4.2692692692692695	0.0004840693019427886	26.258696464528725
4.2792792792792795	0.0004845422984088901	1.1797239797603436
4.2892892892892895	0.00048540935716198994	0.35539253672062293
4.2992992992992995	0.00048667946739674805	0.17005926485809253
4.3093093093093096	0.000488363092925503	0.10011618951126605
4.31931931931932	0.0004904722648327276	0.0663260979073359
4.32932932932933	0.000493020688009157	0.0474309859613977
4.33933933933934	0.0004960238631144592	0.035787542467780736
4.34934934934935	0.0004994992257625839	0.02809803839031335
4.35935935935936	0.0005034663050528788	0.02274909865208485
4.36936936936937	0.000507946903856638	0.01887502457246057
4.37937937937938	0.000512965303723207	0.015977160678905856
4.38938938938939	0.0005185484976995014	0.013751649015654214
4.3993993993994	0.0005247264550094973	0.012004660534655903
4.40940940940941	0.0005315324220433437	0.010607766004876054
4.41941941941942	0.0005390032650700031	0.009473098709857712
4.42942942942943	0.0005471798608543304	0.008538873644621716
4.43943943943944	0.0005561075426097105	0.007760603940900423
4.44944944944945	0.0005658366100057677	0.007105588169582476
4.45945945945946	0.0005764229134418581	0.006549346147176281
4.46946946946947	0.0005879285250091612	0.006073253543671459
4.47947947947948	0.0006004225105775265	0.005662935315318755
4.48948948948949	0.0006139818206215956	0.005307151749993921
4.4994994994995	0.0006286923206102218	0.004997011614187291
4.50950950950951	0.0006446499863207243	0.004725406962188123
4.51951951951952	0.0006619622944981535	0.00448660094580917
4.52952952952953	0.0006807498459244967	0.004275923014338902
4.53953953953954	0.000701148266072197	0.004089540652397507
4.54954954954955	0.0007233104385706232	0.003924286437942234
4.55955955955956	0.0007474091394820515	0.0037775256047550966
4.56956956956957	0.0007736401564351194	0.0036470536180563473
4.57957957957958	0.0008022259969526819	0.003531016237268403
4.58958958958959	0.0008334203163967862	0.0034278466022408887
4.5995995995996	0.0008675132292310139	0.0033362153315073446
4.60960960960961	0.00090483771046327	0.0032549906572058186
4.61961961961962	0.0009457773503370154	0.003183206367892263
4.62962962962963	0.0009907757987603248	0.003120035874921217
4.63963963963964	0.0010403483332716314	0.003064771118791438
4.64964964964965	0.0010950961135772015	0.0030168053290468874
4.65965965965966	0.0011557238593604376	0.002975618875000186
4.66966966966967	0.0012230619232504437	0.0029407676128531688
4.67967967967968	0.001298094052518475	0.0029118732632833393
4.68968968968969	0.0013819925774460875	0.002888615452525398
4.6996996996997	0.0014761633849427222	0.002870725126127097
4.70970970970971	0.0015823039130461187	0.0028579791041670453
4.71971971971972	0.0017024786567463826	0.002850195593578131
4.72972972972973	0.0018392184947407053	0.0028472305102427513
4.73973973973974	0.0019956528239299344	0.0028489744928670096
4.74974974974975	0.0021756874880900653	0.0028553505149572335
4.75975975975976	0.0023842475679021627	0.002866312019883704
4.76976976976977	0.002627613514490703	0.002881841520707948
4.77977977977978	0.002913893985757323	0.002901949619018912
4.78978978978979	0.003253702783523044	0.002926674408938
4.7997997997998	0.00366114709605328	0.0029560812416610407
4.80980980980981	0.0041553019968074735	0.002990262834882094
4.81981981981982	0.004762465016222078	0.003029339719010106
4.82982982982983	0.005519700450179288	0.0030734610195712496
4.83983983983984	0.006480590581763602	0.00312280558215371
4.84984984984985	0.007724915423964959	0.0031775834531647578
4.85985985985986	0.009375654536671302	0.003238037737195453
4.86986986986987	0.011630395792103858	0.0033044468590702316
4.87987987987988	0.014822992779037997	0.003377127267238182
4.88988988988989	0.019553977412034042	0.003456436624157517
4.8998998998999	0.02699360571551621	0.0035427775399809974
4.90990990990991	0.039678082006196394	0.003636601917528694
4.91991991991992	0.06398513995118293	0.003738415990816845
4.92992992992993	0.12000285175083387	0.0038487861551743606
4.93993993993994	0.30129101752953064	0.003968345706978454
4.94994994994995	1.718888072389148	0.0040978026334308705
4.95995995995996	9.145302064055537	0.004237948620835929
4.96996996996997	0.5312263339895364	0.004389669482863223
4.97997997997998	0.17023269203453378	0.004553957250811761
4.98998998998999	0.08298170362412184	0.004731924217020927
5.0	0.04909045986603314	0.0049248192824585734
