-5.0	0.0014223901236953484	0.020206777786720843
-4.98998998998999	0.0014360723862915825	0.020465645072195723
-4.97997997997998	0.0014502740438707884	0.020732197982231294
-4.96996996996997	0.0014650268582512083	0.02100676263269726
-4.95995995995996	0.001480365225254227	0.0212896811753515
-4.94994994994995	0.0014963264327789432	0.02158131268514138
-4.93993993993994	0.001512950948882831	0.021882034104188673
-4.92992992992993	0.0015302827438264466	0.0221922412462437
-4.91991991991992	0.0015483696506602487	0.022512349865927817
-4.90990990990991	0.0015672637697487094	0.02284279679699627
-4.8998998998999	0.001587021923312836	0.023184041164448423
-4.88988988988989	0.0016077061670734254	0.02353656567545797
-4.87987987987988	0.0016293843674803838	0.023900877994425553
-4.86986986986987	0.0016521308537759025	0.024277512207900656
-4.85985985985986	0.0016760271565967268	0.02466703038523643
-4.84984984984985	0.0017011628460550249	0.02507002424144697
-4.83983983983984	0.001727636484776042	0.025487116909039226
-4.82982982982983	0.0017555567143377304	0.025918964825716886
-4.81981981981982	0.0017850434963543583	0.02636625974577057
-4.80980980980981	0.0018162295341803464	0.026829730882610613
-4.7997997997998	0.0018492619050187065	0.027310147191173677
-4.78978978978979	0.0018843039390579906	0.02780831979834942
-4.77977977977978	0.0019215373888513173	0.028325104590712538
-4.76976976976977	0.001961164940603523	0.0288614049686538
-4.75975975975976	0.002003413130384877	0.029418174776466553
-4.74974974974975	0.0020485357407497413	0.029996421418116915
-4.73973973973974	0.002096817769906125	0.030597209168501126
-4.72972972972973	0.002148580085596828	0.031221662690020944
-4.71971971971972	0.0022041849011479988	0.031870970764097124
-4.70970970970971	0.0022640422427591574	0.03254639024703512
-4.6996996996997	0.002328617617450791	0.03324925025887363
-4.68968968968969	0.0023984411411376327	0.033980956613259145
-4.67967967967968	0.0024741184517711946	0.034742996494854385
-4.66966966966967	0.002556343815337455	0.03553694338947278
-4.65965965965966	0.0026459159397211004	0.03636446226956012
-4.64964964964965	0.002743757151528811	0.037227315035209534
-4.63963963963964	0.002850936773715681	0.038127366206683895
-4.62962962962963	0.0029686997829837815	0.03906658886039103
-4.61961961961962	0.0030985021476617027	0.04004707079390336
-4.60960960960961	0.003242054676079316	0.04107102089873059
-4.5995995995996	0.0034013777880773284	0.042140775710544795
-4.58958958958959	0.0035788704169854102	0.04325880609547604
-4.57957957957958	0.0037773973437063377	0.04442772401823233
-4.56956956956957	0.004000400792029704	0.04565028932081041
-4.55955955955956	0.004252044264049864	0.04692941642199025
-4.54954954954955	0.004537399662309442	0.04826818082350989
-4.53953953953954	0.004862693177145526	0.04966982528107837
-4.52952952952953	0.005235631913317568	0.051137765464780396
-4.51951951951952	0.005665842889707264	0.05267559489336228
-4.50950950950951	0.0061654706565935	0.05428708888033799
-4.4994994994995	0.006750002263733453	0.05597620717362962
-4.48948948948949	0.007439423609316472	0.057747094906866595
-4.47947947947948	0.008259867793618505	0.05960408140405063
-4.46946946946947	0.009246008990653044	0.06155167629323967
-4.45945945945946	0.010444611826330476	0.06359456228483554
-4.44944944944945	0.011919917551696302	0.06573758385681895
-4.43943943943944	0.01376203414326078	0.06798573096225054
-4.42942942942943	0.016100399796208482	0.07034411673287076
-4.41941941941942	0.01912613601031949	0.07281794799770559
-4.40940940940941	0.023130652331161874	0.07541248727103422
-4.3993993993994	0.028575470618403587	0.07813300468962843
-4.38938938938939	0.03622564124726906	0.08098471820587931
-4.37937937937938	0.04742214270626084	0.08397272017583383
-4.36936936936937	0.06468541275988103	0.08710188833463794
-4.35935935935936	0.09319801256386159	0.09037677904301335
-4.34934934934935	0.1449714871787861	0.09380150064001704
-4.33933933933934	0.2528893288520286	0.09737956478098145
-4.32932932932933	0.5316011041985333	0.10111371381095362
-4.31931931931932	1.5329962573054041	0.1050057225705452
-4.3093093093093096	4.266010692625885	0.10905617360614316
-4.2992992992992995	1.703076310382669	0.11326420561814111
-4.2892892892892895	0.6007543805612903	0.11762723619648704
-4.2792792792792795	0.2927611876553334	0.12214066151786028
-4.2692692692692695	0.17282972924769655	0.12679753776867686
-4.2592592592592595	0.11470529837522934	0.13158825163530818
-4.2492492492492495	0.08228828901673471	0.136500190257626
-4.2392392392392395	0.06238598926954615	0.14151742450187274
-4.2292292292292295	0.04928879022884352	0.1466204231208137
-4.2192192192192195	0.040206837607979315	0.15178581907905556
-4.2092092092092095	0.03364718300993196	0.15698625266052657
-4.1991991991991995	0.02875248154308294	0.16219031844565748
-4.1891891891891895	0.025001862323080014	0.16736264425834843
-4.1791791791791795	0.022063981446578364	0.17246412908249253
-4.1691691691691695	0.019719840540231005	0.17745236310341347
-4.1591591591591595	0.017819942393831282	0.18228224595095568
-4.1491491491491495	0.016259374563437144	0.18690680869492288
-4.1391391391391394	0.014962732325380887	0.1912782313772105
-4.129129129129129	0.013874677454742797	0.19534903161822945
-4.119119119119119	0.012953846833946424	0.19907338244460474
-4.109109109109109	0.012168817668665868	0.2024085008342052
-4.099099099099099	0.01149537194786395	0.2053160347676478
-4.089089089089089	0.010914602813432723	0.20776336805059686
-4.079079079079079	0.010411579041927108	0.20972476066145543
-4.069069069069069	0.009974387165506419	0.2111822489378979
-4.059059059059059	0.009593433907263095	0.21212624448001288
-4.049049049049049	0.009260931116931732	0.21255579195269358
-4.039039039039039	0.00897051065141999	0.2124784716528607
-4.029029029029029	0.00871693310862766	0.2119099597068077
-4.019019019019019	0.008495865249116599	0.21087328382280177
-4.009009009009009	0.008303708312156734	0.2093978327754954
-3.998998998998999	0.008137464482484138	0.20751819122171872
-3.988988988988989	0.007994632272793747	0.20527287713497522
-3.978978978978979	0.00787312405803179	0.20270305734979147
-3.968968968968969	0.00777120075904781	0.1998513086168184
-3.958958958958959	0.0076874199445687835	0.19676047901800722
-3.948948948948949	0.007620594548786773	0.19347268962320752
-3.938938938938939	0.007569760087415767	0.19002850083984596
-3.928928928928929	0.007534148767660093	0.18646625359216915
-3.918918918918919	0.007513169275956302	0.18282158336118687
-3.908908908908909	0.007506391326176525	0.1791270957986101
-3.898898898898899	0.007513534283809248	0.17541218623125596
-3.888888888888889	0.00753445936984401	0.17170298168960926
-3.878878878878879	0.0075691651010286205	0.1680223827130927
-3.868868868868869	0.007617785755630036	0.16439018258046284
-3.858858858858859	0.0076805927705853975	0.1608232432654127
-3.848848848848849	0.007757999087236807	0.15733570984169973
-3.838838838838839	0.007850566572292219	0.15393924786531574
-3.828828828828829	0.00795901675747876	0.1506432911391119
-3.818818818818819	0.008084245269582424	0.1474552900096921
-3.808808808808809	0.00822734047142392	0.14438095282211594
-3.798798798798799	0.008389607014501792	0.141424475298819
-3.7887887887887888	0.008572595222536665	0.13858875439134893
-3.7787787787787788	0.008778137503947691	0.13587558458651763
-3.7687687687687688	0.009008393345750203	0.1332858357657847
-3.7587587587587588	0.00926590490076458	0.1308196125513422
-3.7487487487487487	0.009553665785373412	0.12847639567695818
-3.7387387387387387	0.009875206504747134	0.1262551663318994
-3.7287287287287287	0.010234700997174658	0.12415451468564545
-3.7187187187187187	0.010637100241907362	0.12217273394552149
-3.7087087087087087	0.011088300863837145	0.12030790135401714
-3.6986986986986987	0.011595359416702648	0.1185579475269533
-3.6886886886886887	0.01216676687080918	0.11692071548204265
-3.6786786786786787	0.012812803269385003	0.11539401063014165
-3.6686686686686687	0.013546000311848983	0.11397564290477102
-3.6586586586586587	0.014381750942833319	0.11266346210236959
-3.6486486486486487	0.015339121714249926	0.11145538739911003
-3.6386386386386387	0.01644194867703289	0.11034943190651618
-3.6286286286286287	0.017720335629128815	0.10934372302859903
-3.6186186186186187	0.019212732632407345	0.10843651929038965
-3.6086086086086087	0.02096886630696966	0.1076262242229166
-3.5985985985985987	0.02305394502241107	0.10691139781215556
-3.5885885885885886	0.025554813837863607	0.10629076594875443
-3.5785785785785786	0.02858916358443142	0.10576322825456363
-3.5685685685685686	0.0323196541431636	0.10532786460464386
-3.5585585585585586	0.03697618756397103	0.10498394061474833
-3.5485485485485486	0.04289216943585873	0.10473091231995657
-3.5385385385385386	0.0505657430893866	0.10456843023010069
-3.5285285285285286	0.06076768372760127	0.10449634291302476
-3.5185185185185186	0.07474124260835215	0.1045147002230511
-3.5085085085085086	0.09459499692409924	0.10462375626259596
-3.4984984984984986	0.12413276033598532	0.10482397213691193
-3.4884884884884886	0.17076932290738492	0.10511601853339737
-3.4784784784784786	0.2504722989990927	0.1055007781308516
-3.4684684684684686	0.4024358371225064	0.10597934781572388
-3.4584584584584586	0.7408228970657822	0.10655304065344275
-3.4484484484484486	1.6627290819717278	0.10722338753216241
-3.4384384384384385	3.9915520005077494	0.10799213836217553
-3.4284284284284285	3.281052194400449	0.10886126267578128
-3.4184184184184185	1.3017198277053152	0.1098329494313596
-3.4084084084084085	0.6093290176820462	0.11090960577500934
-3.3983983983983985	0.3424545263958288	0.11209385446017645
-3.3883883883883885	0.2174977680922579	0.11338852956043366
-3.3783783783783785	0.15008122132781804	0.11479667004026563
-3.3683683683683685	0.10987338125640386	0.11632151066466828
-3.3583583583583585	0.08407091983991825	0.11796646963574843
-3.3483483483483485	0.06656913169565891	0.11973513223793944
-3.3383383383383385	0.054173071225900135	0.1216312296544439
-3.3283283283283285	0.04508418063440971	0.12365861198590272
-3.3183183183183185	0.03822909771165503	0.1258212143571164
-3.3083083083083085	0.03293592785206782	0.12812301484185948
-3.2982982982982985	0.028767043604037288	0.13056798277110096
-3.2882882882882885	0.025427681549425585	0.13316001582173728
-3.2782782782782784	0.022713526265493292	0.13590286411755778
-3.2682682682682684	0.02047939886609326	0.13880003942261848
-3.2582582582582584	0.01861988146622582	0.14185470738380573
-3.2482482482482484	0.01705695331804987	0.14506956070418206
-3.2382382382382384	0.015731884998055026	0.14844667112627702
-3.2282282282282284	0.014599795310659587	0.15198731821052153
-3.2182182182182184	0.013625917214303628	0.15569179314712345
-3.2082082082082084	0.012782986512072606	0.1595591762918086
-3.1981981981981984	0.012049383781739167	0.16358708782411424
-3.1881881881881884	0.011407791315374036	0.16777141195540998
-3.1781781781781784	0.010844208308012972	0.1721059965321051
-3.1681681681681684	0.01034721920408955	0.17658233174827737
-3.1581581581581584	0.009907443538903951	0.18118921405628766
-3.1481481481481484	0.009517117637875496	0.1859124042654075
-3.1381381381381384	0.00916977329303067	0.19073429222883662
-3.1281281281281283	0.008859988577910887	0.1956335843491508
-3.118118118118118	0.00858319289295347	0.20058503420397875
-3.108108108108108	0.008335513181949035	0.2055592406108308
-3.098098098098098	0.00811365169290338	0.21052254098101353
-3.088088088088088	0.007914788117254228	0.215437030293169
-3.078078078078078	0.007736500720981805	0.22026073675436894
-3.068068068068068	0.007576702386573242	0.22494798345979303
-3.058058058058058	0.0074335884435942435	0.2294499603797543
-3.048048048048048	0.00730559388602384	0.23371552223095568
-3.038038038038038	0.007191358111004876	0.23769221499000118
-3.028028028028028	0.00708969572269515	0.2413275172616675
-3.018018018018018	0.006999572256405887	0.2445702633440621
-3.008008008008008	0.006920083917376215	0.24737219430111415
-2.997997997997998	0.006850440614617241	0.24968956395292077
-2.987987987987988	0.006789951713462403	0.25148471115512694
-2.977977977977978	0.006738014046122647	0.2527275007858628
-2.967967967967968	0.006694101806055193	0.2533965357404043
-2.957957957957958	0.006657758025808837	0.2534800521575286
-2.947947947947948	0.006628587393188826	0.25297642988063196
-2.937937937937938	0.006606250206944592	0.25189427803306336
-2.9279279279279278	0.0065904573102868735	0.25025208842834623
-2.9179179179179178	0.006580965870672637	0.24807748332611326
-2.9079079079079078	0.006577575899636506	0.2454061145934135
-2.8978978978978978	0.006580127426767705	0.24228029501866954
-2.8878878878878878	0.006588498259931311	0.23874745692564336
-2.8778778778778777	0.006602602278713915	0.23485853744147234
-2.8678678678678677	0.006622388221026249	0.23066638440034823
-2.8578578578578577	0.006647838934920867	0.22622426376780147
-2.8478478478478477	0.0066789710774389785	0.22158453123924668
-2.8378378378378377	0.006715835253712294	0.21679751011275544
-2.8278278278278277	0.006758516597966596	0.21191059721074051
-2.8178178178178177	0.006807135808744047	0.20696760051241853
-2.8078078078078077	0.006861850660382893	0.2020082975191425
-2.7977977977977977	0.006922858024268893	0.19706819277104626
-2.7877877877877877	0.0069903964448008405	0.1921784463268852
-2.7777777777777777	0.007064749328759556	0.1873659419650775
-2.7677677677677677	0.007146248822970858	0.18265346366971544
-2.7577577577577577	0.0072352804726357875	0.17805995086458665
-2.7477477477477477	0.0073322887751737	0.17360080610693565
-2.7377377377377377	0.007437783770281471	0.16928823291942133
-2.7277277277277276	0.007552348838086758	0.16513158562380928
-2.7177177177177176	0.007676649917515718	0.1611377170814164
-2.7077077077077076	0.007811446402730098	0.15731131392084846
-2.6976976976976976	0.007957604036025908	0.1536552120102654
-2.6876876876876876	0.008116110188570582	0.15017068756937907
-2.6776776776776776	0.008288092013322283	0.14685772142197606
-2.6676676676676676	0.008474838070696824	0.14371523550697854
-2.6576576576576576	0.008677824175868522	0.14074130195950835
-2.6476476476476476	0.008898744407319718	0.13793332590835636
-2.6376376376376376	0.009139548456805513	0.13528820368481165
-2.6276276276276276	0.009402486820642968	0.1328024584604719
-2.6176176176176176	0.009690165739563512	0.13047235548385308
-2.6076076076076076	0.010005614336700473	0.12829399911340242
-2.5975975975975976	0.010352367116246592	0.1262634137843237
-2.5875875875875876	0.010734565939301517	0.12437661093113501
-2.5775775775775776	0.011157086873282849	0.12262964373282752
-2.5675675675675675	0.011625699051841493	0.12101865137881788
-2.5575575575575575	0.0121472650646073	0.11953989437481612
-2.5475475475475475	0.012729995694306119	0.11818978223403556
-2.5375375375375375	0.013383776435377583	0.11696489472940032
-2.5275275275275275	0.014120589761225379	0.11586199772833736
-2.5175175175175175	0.0149550664736368	0.11487805448613492
-2.5075075075075075	0.01590521307094961	0.1140102331448984
-2.4974974974974975	0.016993382120127225	0.11325591106914544
-2.4874874874874875	0.018247582622743643	0.11261267654469356
-2.4774774774774775	0.019703273045074455	0.11207832827895246
-2.4674674674674675	0.021405850496353938	0.11165087305898605
-2.4574574574574575	0.023414161566505512	0.11132852185631543
-2.4474474474474475	0.025805541472519004	0.11110968460678226
-2.4374374374374375	0.02868318824659065	0.11099296384202803
-2.4274274274274275	0.032187189340118466	0.11097714730616602
-2.4174174174174174	0.03651141328073244	0.11106119965201112
-2.4074074074074074	0.04193010196744651	0.11124425328079098
-2.3973973973973974	0.048841054316211135	0.11152559836336033
-2.3873873873873874	0.05783829474767533	0.11190467205966961
-2.3773773773773774	0.06983950765105001	0.11238104693794285
-2.3673673673673674	0.08632057603863354	0.11295441858375833
-2.3573573573573574	0.10977271653129915	0.1136245923837304
-2.3473473473473474	0.14465714714915812	0.11439146946794988
-2.3373373373373374	0.19957438493215993	0.11525503179914538
-2.3273273273273274	0.2927381632072093	0.11621532640905809
-2.3173173173173174	0.46772064036151756	0.11727244879708967
-2.3073073073073074	0.8464428824315429	0.11842652553228061
-2.2972972972972974	1.83036891399464	0.11967769612929134
-2.2872872872872874	4.380664190507926	0.12102609430903725
-2.2772772772772774	4.585471758698113	0.1224718288005524
-2.2672672672672673	1.9912859289041498	0.12401496389730168
-2.2572572572572573	0.9407489972221743	0.12565550004352244
-2.2472472472472473	0.5321185981947656	0.12739335479883138
-2.2372372372372373	0.3416562726900237	0.12922834460593904
-2.2272272272272273	0.23926798765053442	0.13116016787138773
-2.2172172172172173	0.17829579891746286	0.13318838995482726
-2.2072072072072073	0.1391671687299318	0.1353124307493835
-2.1971971971971973	0.11260072872291484	0.13753155562032046
-2.1871871871871873	0.09375861804118635	0.13984487054288264
-2.1771771771771773	0.0799248643218192	0.14225132234545076
-2.1671671671671673	0.0694813287224296	0.14474970500530512
-2.1571571571571573	0.06141599830875727	0.14733867296740108
-2.1471471471471473	0.05506992567900144	0.15001676244182074
-2.1371371371371373	0.04999926529938299	0.15278242159102048
-2.1271271271271273	0.04589631814249779	0.15563405043174602
-2.1171171171171173	0.04254243698405845	0.15857005114410708
-2.1071071071071072	0.03977891569609893	0.16158888931204549
-2.0970970970970972	0.037488428332047914	0.16468916640408693
-2.0870870870870872	0.035582869277852286	0.16786970355837838
-2.0770770770770772	0.0339951948690089	0.17112963646493923
-2.067067067067067	0.03267383401478624	0.17446852085505268
-2.057057057057057	0.03157878841304121	0.17788644782887708
-2.047047047047047	0.03067886885342252	0.18138416799604457
-2.037037037037037	0.02994971147987148	0.18496322318919223
-2.027027027027027	0.029372340425072745	0.18862608435360628
-2.017017017017017	0.028932121118762064	0.1923762941368629
-2.007007007007007	0.028617999213193683	0.19621861271069352
-1.996996996996997	0.028421953774898236	0.20015916546053084
-1.986986986986987	0.028338616430107457	0.2042055913743218
-1.976976976976977	0.028365024428218436	0.20836719124801756
-1.966966966966967	0.02850048763036814	0.21265507517712173
-1.956956956956957	0.02874655894068686	0.21708230920252267
-1.946946946946947	0.029107105925813698	0.22166406138875713
-1.936936936936937	0.029588489319934814	0.22641774799361372
-1.926926926926927	0.030199862765805007	0.23136318069239728
-1.916916916916917	0.030953618577407225	0.2365227159907723
-1.906906906906907	0.03186601794516231	0.2419214079334774
-1.896896896896897	0.032958062840230014	0.24758716491326765
-1.8868868868868869	0.03425669395648141	0.25355091071431995
-1.8768768768768769	0.035796439119251705	0.2598467487639172
-1.8668668668668669	0.03762169745105437	0.2665121267705776
-1.8568568568568569	0.039789939081646	0.27358799628738495
-1.8468468468468469	0.04237625030106995	0.2811189579987111
-1.8368368368368369	0.04547989825518117	0.2891533783335917
-1.8268268268268268	0.04923399687615268	0.29774345589948464
-1.8168168168168168	0.05382005545703885	0.3069452066122258
-1.8068068068068068	0.05949043058284494	0.3168183235246063
-1.7967967967967968	0.06660397505874079	0.32742585030088645
-1.7867867867867868	0.0756845134789152	0.3388335849970314
-1.7767767767767768	0.08752042397568266	0.3511091021372501
-1.7667667667667668	0.10334176819095546	0.36432024502397475
-1.7567567567567568	0.12515187204383083	0.3785328962635359
-1.7467467467467468	0.156386820758651	0.3938077833090286
-1.7367367367367368	0.20332614739453214	0.4101960205026542
-1.7267267267267268	0.2783883531535715	0.4277330369999737
-1.7167167167167168	0.40869513414220887	0.4464305055911535
-1.7067067067067068	0.6612320720008407	0.4662658962546718
-1.6966966966966968	1.2244371246849985	0.48716937104237745
-1.6866866866866868	2.5997246059956574	0.50900797308801
-1.6766766766766767	4.234167115736321	0.5315675191196
-1.6666666666666667	2.5964151569860188	0.5545333639579284
-1.6566566566566567	1.1929983072586396	0.5774723207785978
-1.6466466466466467	0.6273518334877202	0.5998194528017604
-1.6366366366366367	0.3784082552062527	0.6208749705701594
-1.6266266266266267	0.25213979565951233	0.6398175520190463
-1.6166166166166167	0.18055407527973513	0.6557402082801893
-1.6066066066066067	0.1364655224650107	0.6677123623084573
-1.5965965965965967	0.1075608762673005	0.6748664613762156
-1.5865865865865867	0.08767357510030419	0.6764996900329647
-1.5765765765765767	0.07345884523797483	0.6721733681209858
-1.5665665665665667	0.06298241000581566	0.6617879996915511
-1.5565565565565564	0.05506564344054943	0.6456140721624909
-1.5465465465465464	0.048958561046789764	0.6242684449771367
-1.5365365365365364	0.04416622720018143	0.5986404867043628
-1.5265265265265264	0.04035173452146862	0.5697852529803433
-1.5165165165165164	0.0372795472698502	0.5388076614808909
-1.5065065065065064	0.03478114188411775	0.5067599789259037
-1.4964964964964964	0.032733473698080856	0.4745671401153872
-1.4864864864864864	0.03104508742768818	0.442984686758405
-1.4764764764764764	0.029646927094496026	0.4125861589095957
-1.4664664664664664	0.028486116121646206	0.3837723479615827
-1.4564564564564564	0.027521661569915746	0.3567937784432533
-1.4464464464464464	0.026721432826178258	0.3317789659387892
-1.4364364364364364	0.026060001533200934	0.30876311914098087
-1.4264264264264264	0.02551707424180535	0.2877140977516473
-1.4164164164164164	0.025076339868354825	0.2685541434545016
-1.4064064064064064	0.02472461195182166	0.2511770505198673
-1.3963963963963963	0.024451183462522705	0.2354611037054154
-1.3863863863863863	0.024247336944358114	0.22127841723094419
-1.3763763763763763	0.024105969663769655	0.2085013903399498
-1.3663663663663663	0.02402130499638186	0.19700695352225864
-1.3563563563563563	0.023988669319586018	0.18667918256814056
-1.3463463463463463	0.024004319339920747	0.17741074565807216
-1.3363363363363363	0.024065308840132346	0.16910354279562806
-1.3263263263263263	0.024169386767403454	0.1616688062405843
-1.3163163163163163	0.024314920764262105	0.15502685755586068
-1.3063063063063063	0.02450084188311512	0.14910666042980364
-1.2962962962962963	0.024726607504046885	0.14384526610196283
-1.2862862862862863	0.02499218050103739	0.13918721728410804
-1.2762762762762763	0.025298023575583174	0.13508395431529033
-1.2662662662662663	0.02564510846070914	0.13149325178653778
-1.2562562562562563	0.026034940462372497	0.12837870325863657
-1.2462462462462462	0.026469599604037376	0.1257092646743924
-1.2362362362362362	0.026951800541062842	0.1234588626294921
-1.2262262262262262	0.027484974490716126	0.12160607110532733
-1.2162162162162162	0.02807337776826978	0.12013385908633316
-1.2062062062062062	0.028722233275454204	0.11902941133835028
-1.1961961961961962	0.029437913612189802	0.11828402529903163
-1.1861861861861862	0.030228177659623566	0.11789308844322001
-1.1761761761761762	0.031102476852346135	0.11785614257370122
-1.1661661661661662	0.032072353513918135	0.11817704435848952
-1.1561561561561562	0.03315196238403012	0.11886423519897034
-1.1461461461461462	0.03435875911616804	0.11993113842964376
-1.1361361361361362	0.03571441807868978	0.12139670829224303
-1.1261261261261262	0.03724606944277438	0.12328616360351662
-1.1161161161161162	0.03898798741815886	0.12563195035539523
-1.1061061061061062	0.04098392613733616	0.1284749926912102
-1.0960960960960962	0.043290401408601006	0.13186631244089897
-1.0860860860860861	0.04598138017241414	0.13586912592121633
-1.0760760760760761	0.04915510901204089	0.14056156643755785
-1.0660660660660661	0.05294426894329976	0.1460402368770702
-1.0560560560560561	0.057531437841720365	0.15242487652987471
-1.0460460460460461	0.06317327174775414	0.15986454131605582
-1.0360360360360361	0.07023948883416685	0.1685458646899525
-1.026026026026026	0.07927795216995255	0.17870421535371392
-1.016016016016016	0.0911278236023815	0.19063894146958713
-1.006006006006006	0.10712591198585988	0.20473445983367605
-0.995995995995996	0.1295050368170927	0.22148982723786592
-0.985985985985986	0.16221825954410043	0.2415608091264252
-0.975975975975976	0.21279772274851208	0.265820652433857
-0.965965965965966	0.2970356329882523	0.2954493023013909
-0.955955955955956	0.45263369120297087	0.33206655647227223
-0.9459459459459459	0.7880709924256111	0.37793406737780005
-0.9359359359359359	1.720646810714246	0.4362663989014342
-0.9259259259259259	5.847471640206706	0.5117153665834118
-0.9159159159159159	20.65006993665866	0.6111258957201909
-0.9059059059059059	4.8558234622965335	0.7446943978262219
-0.8958958958958959	1.6165258829625337	0.9276244378747834
-0.8858858858858859	0.802118315860905	1.1819843045434542
-0.8758758758758759	0.4900984808057019	1.5367153418298423
-0.8658658658658659	0.33948707304215453	2.0178164900197535
-0.8558558558558559	0.25579265940736057	2.6078526601277305
-0.8458458458458459	0.204734228262076	3.159398312652279
-0.8358358358358359	0.17148839943296054	3.3776969589421872
-0.8258258258258259	0.14880479125483492	3.1016916531054175
-0.8158158158158159	0.13279833484379802	2.5329285203444964
-0.8058058058058059	0.12123597337734941	1.9554667715703553
-0.7957957957957958	0.1127611281939951	1.4942952042912054
-0.7857857857857858	0.10651224815223852	1.1570129787833083
-0.7757757757757757	0.10192220836766883	0.9159593242749485
-0.7657657657657657	0.09860685783139224	0.7429600338147763
-0.7557557557557557	0.0963002055845729	0.6169781986897998
-0.7457457457457457	0.09481527023194324	0.5236085060483143
-0.7357357357357357	0.09401968538845	0.45319892179201354
-0.7257257257257257	0.09382013163466575	0.3992636576575641
-0.7157157157157157	0.09415224994810509	0.3573882785137046
-0.7057057057057057	0.09497409356040612	0.32451811462495583
-0.6956956956956957	0.09626196837633369	0.29850243446599406
-0.6856856856856857	0.09800798147763527	0.2778013616759134
-0.6756756756756757	0.10021891138887286	0.2612952307110332
-0.6656656656656657	0.10291621430314292	0.2481587180032406
-0.6556556556556556	0.10613713628834628	0.23777641168225416
-0.6456456456456456	0.10993704604174134	0.22968528777911434
-0.6356356356356356	0.11439326504878575	0.22353494447910618
-0.6256256256256256	0.11961088447205703	0.21905975688715307
-0.6156156156156156	0.12573136598155552	0.2160591737638189
-0.6056056056056056	0.13294519798077592	0.21438367598274038
-0.5955955955955956	0.1415106382642736	0.2139247476100349
-0.5855855855855856	0.1517818253630256	0.21460775103830007
-0.5755755755755756	0.16425164959875055	0.21638695485148735
-0.5655655655655656	0.1796183979833262	0.2192422027867155
-0.5555555555555556	0.19889150396037028	0.2231768750515013
-0.5455455455455456	0.22356281054300922	0.22821690436718153
-0.5355355355355356	0.2558889142206881	0.23441068322941794
-0.5255255255255256	0.29936124185424023	0.24182974365165538
-0.5155155155155156	0.3594803644565448	0.2505701075407352
-0.5055055055055055	0.4449492131498826	0.26075419030150815
-0.4954954954954955	0.5690789224554281	0.272533080242421
-0.4854854854854855	0.7493936147012525	0.286088889913093
-0.4754754754754755	0.9967461592888976	0.30163664707659976
-0.46546546546546547	1.274307709599889	0.3194248100659271
-0.45545545545545546	1.4468238467814691	0.3397328839366425
-0.44544544544544545	1.3856882462716331	0.36286370148777014
-0.43543543543543545	1.1621505710466509	0.3891266684346157
-0.42542542542542544	0.9262949589000374	0.4188067368565741
-0.41541541541541543	0.7436946944496367	0.45211249356078026
-0.40540540540540543	0.6165055096392003	0.48909667838328746
-0.3953953953953954	0.5307259857916233	0.5295460149789114
-0.38538538538538536	0.4734555108160309	0.5728480552181964
-0.37537537537537535	0.43567150691185424	0.617864181048508
-0.36536536536536535	0.411499657806058	0.6628681403380883
-0.35535535535535534	0.39717382838092646	0.7056331960637178
-0.34534534534534533	0.39027609417440906	0.7437359143651606
-0.3353353353353353	0.38925148760545153	0.7750609384909274
-0.3253253253253253	0.39310946788581985	0.7983581152093714
-0.3153153153153153	0.4012416307983927	0.8136156297051449
-0.3053053053053053	0.4133105601320794	0.8220717852789751
-0.2952952952952953	0.4291827919112159	0.8258770297933444
-0.2852852852852853	0.448890057809093	0.8275909807553206
-0.2752752752752753	0.4726096855778536	0.8297322904349339
-0.2652652652652653	0.5006591068963265	0.8345072165224705
-0.2552552552552553	0.5335020209084593	0.8437271693830874
-0.24524524524524524	0.5717655899774744	0.8588594627083801
-0.23523523523523523	0.616269549616135	0.8811457361850356
-0.22522522522522523	0.6680696197910023	0.9117420888872537
-0.21521521521521522	0.7285194020826373	0.9518592884477085
-0.20520520520520522	0.7993573775374223	1.002899701045542
-0.19519519519519518	0.8828291637593094	1.0665988692501587
-0.18518518518518517	0.9818605995007582	1.145186816101354
-0.17517517517517517	1.1003057538126872	1.2415905831440863
-0.16516516516516516	1.2433077711013636	1.3597084157276356
-0.15515515515515516	1.417833431729665	1.504800963656359
-0.14514514514514515	1.6334815681712305	1.6840712153725113
-0.13513513513513514	1.903734656937385	1.907552272901304
-0.12512512512512514	2.2479490703947875	2.1895095144089387
-0.11511511511511512	2.694618783948775	2.550730761888401
-0.10510510510510511	3.2869224405677615	3.0224115448678623
-0.09509509509509509	4.092558633197667	3.6530439305512434
-0.08508508508508508	5.222093762514624	4.521287279644331
-0.07507507507507508	6.8653869042773215	5.76158517187293
-0.06506506506506507	9.369741615369126	7.619291747278069
-0.055055055055055056	13.425089678461111	10.581659458125134
-0.04504504504504504	20.564239052683202	15.732480502942419
-0.035035035035035036	34.7832374455762	25.903015442377182
-0.025025025025025027	69.43325272339432	50.58018446919825
-0.015015015015015015	194.31471484103952	139.68307613563186
-0.005005005005005005	1605.2656668817924	1194.8170220847594
0.005005005005005005	1599.4849498804956	1194.9393452662425
0.015015015015015015	194.49894604575712	139.684823196763
0.025025025025025027	69.64508034582711	50.579125605621364
0.035035035035035036	34.93724241017492	25.90182192115619
0.04504504504504504	20.673059875225483	15.731395551806342
0.055055055055055056	13.502178803720735	10.580692097899698
0.06506506506506507	9.424755753732656	7.618420930812022
0.07507507507507508	6.904996659855083	5.76078947389658
0.08508508508508508	5.25089302305389	4.520549162025032
0.09509509509509509	4.113717693737443	3.652349565403448
0.10510510510510511	3.3026368812312272	3.0217499885235712
0.11511511511511512	2.7064165177694095	2.550093209772024
0.12512512512512514	2.2568999781000754	2.1888887412708886
0.13513513513513514	1.9105934364488555	1.9069422378518452
0.14514514514514515	1.6387849926644347	1.6834667968628745
0.15515515515515516	1.4219666318369604	1.5041977987613553
0.16516516516516516	1.2465495372001996	1.3591028300605654
0.17517517517517517	1.1028596386338168	1.240979609912877
0.18518518518518517	0.9838763925026534	1.1445683136528657
0.19519519519519518	0.8844178102906136	1.0659717578353516
0.20520520520520522	0.8006014068502594	1.0022643502208217
0.21521521521521522	0.7294802524056864	0.9512180955654704
0.22522522522522523	0.6687927952369273	0.9111002910555878
0.23523523523523523	0.616788238543756	0.8805124826771114
0.24524524524524524	0.5721031665503703	0.858249122315697
0.2552552552552553	0.5336737071261358	0.8431607277336182
0.2652652652652653	0.5006729679115888	0.8340133976816302
0.2752752752752753	0.4724670497708972	0.8293477067207456
0.2852852852852853	0.4485853818400061	0.8273582589659129
0.2952952952952953	0.4287029172204694	0.8258397594818115
0.3053053053053053	0.41263321684130505	0.8222657769129715
0.3153153153153153	0.40033291738043764	0.8140577633247137
0.3253253253253253	0.3919198384898743	0.7990365711148214
0.3353353353353353	0.3877094596749633	0.7759319912341199
0.34534534534534533	0.3882783555323955	0.7447305545409714
0.35535535535535534	0.3945695214969045	0.7066718245908922
0.36536536536536535	0.4080651178836883	0.6638770917257125
0.37537537537537535	0.43106939208111167	0.6187875591835127
0.38538538538538536	0.4671694082711592	0.5736520102727126
0.3953953953953954	0.5219618515962754	0.5302166840017453
0.40540540540540543	0.6040734851470053	0.48963490350877165
0.41541541541541543	0.7260072197324772	0.45252808915939235
0.42542542542542544	0.9020944882086959	0.4191138253597429
0.43543543543543545	1.1337159319039263	0.3893405080545972
0.44544544544544545	1.3650933146887678	0.3629988298792152
0.45545545545545546	1.4512275354967885	0.33980220729550625
0.46546546546546547	1.3005361554409571	0.31943928502388885
0.4754754754754755	1.0260735482781949	0.3016052924962432
0.4854854854854855	0.7721837265336836	0.2860189575126426
0.4954954954954955	0.5848145834660353	0.2724302831874832
0.5055055055055055	0.45554538759173463	0.2606229355146869
0.5155155155155156	0.36668775357709976	0.25041370572382726
0.5255255255255256	0.30437181105006156	0.2416505868340756
0.5355355355355356	0.2594581050081267	0.23421038789732607
0.5455455455455456	0.2261651176940597	0.22799642196451067
0.5555555555555556	0.20082890031893086	0.22293657299541605
0.5655655655655656	0.1810871287955	0.21898191919003984
0.5755755755755756	0.16538221220041124	0.21610602955073152
0.5855855855855856	0.15266297106526378	0.21430503465489809
0.5955955955955956	0.14220400405580144	0.21359858931641362
0.6056056056056056	0.13349440530481266	0.21403188948342228
0.6156156156156156	0.1261677992188156	0.21567897972695815
0.6256256256256256	0.11995743685435976	0.21864769855464644
0.6356356356356356	0.11466681360081636	0.22308677142726524
0.6456456456456456	0.11015011440891231	0.22919580063536227
0.6556556556556556	0.10629902709660469	0.23723925793238487
0.6656656656656657	0.10303378693768252	0.24756612578149173
0.6756756756756757	0.10029711648570475	0.26063766373459346
0.6856856856856857	0.09805022301830926	0.27706707478653414
0.6956956956956957	0.09627033810509134	0.2976769072525928
0.7057057057057057	0.09494950467670597	0.3235833447641688
0.7157157157157157	0.0940944839303584	0.35632193802066825
0.7257257257257257	0.0937278010967175	0.39803818208204733
0.7357357357357357	0.09389010489548974	0.45178078318392995
0.7457457457457457	0.0946442138095627	0.5219583853844926
0.7557557557557557	0.09608151108296642	0.61505394602249
0.7657657657657657	0.09833180935012321	0.7407272332842022
0.7757757757757757	0.10157857956525489	0.9134214615375562
0.7857857857857858	0.10608280405385527	1.1542897755786903
0.7957957957957958	0.1122212261066533	1.4918088211502407
0.8058058058058059	0.12054960021564794	1.9543111704683596
0.8158158158158159	0.1319113014608116	2.5352593774625536
0.8258258258258259	0.14763247402233715	3.109879808323192
0.8358358358358359	0.16989234342567316	3.3906399011490156
0.8458458458458459	0.2024741968915079	3.171313344173247
0.8558558558558559	0.25241920137659574	2.614784341091043
0.8658658658658659	0.33407156655357234	2.0203054195959442
0.8758758758758759	0.48044258051411187	1.5366607791111713
0.8858858858858859	0.7818845079058778	1.180766679304886
0.8958958958958959	1.5608889999057516	0.9259748743622735
0.9059059059059059	4.605949109147215	0.7429536810157805
0.9159159159159159	20.397759034708983	0.6094400409311929
0.9259259259259259	6.160129277445206	0.5101395722405246
0.9359359359359359	1.7687804458162866	0.43481501233687314
0.9459459459459459	0.8008373900875859	0.376603848473883
0.955955955955956	0.45711717196039503	0.33084738145322273
0.965965965965966	0.298829311021091	0.2943290217455039
0.975975975975976	0.21353212339063948	0.26478722439749197
0.985985985985986	0.1624819674010688	0.24060316116383662
0.995995995995996	0.1295430338447631	0.22059813081289226
1.006006006006006	0.10705083847360992	0.20390014121507022
1.016016016016016	0.09099529201100821	0.18985458319243237
1.026026026026026	0.07911684339357801	0.1779634208570948
1.0360360360360361	0.07006531770980157	0.16784311936730012
1.0460460460460461	0.06299452642556015	0.15919508414605718
1.0560560560560561	0.05735276599853328	0.15178458732508587
1.0660660660660661	0.05276815610826398	0.14542553993436527
1.0760760760760761	0.048982796994623504	0.13996934953513038
1.0860860860860861	0.04581338542147896	0.1352966729386047
1.0960960960960962	0.04312681485303286	0.1313112477618302
1.1061061061061062	0.04082458990167758	0.12793523568597237
1.1161161161161162	0.038832600315019415	0.12510567846691747
1.1261261261261262	0.037094250333841734	0.12277178281782601
1.1361361361361362	0.0355657438452409	0.12089283002020937
1.1461461461461462	0.03421278708377363	0.11943656205110564
1.1561561561561562	0.033008243098152056	0.1183779357266847
1.1661661661661662	0.031930437457988355	0.11769816486591735
1.1761761761761762	0.03096191731748248	0.11738399119752645
1.1861861861861862	0.030088531134250595	0.11742713993949214
1.1961961961961962	0.029298738542653555	0.1178239272848312
1.2062062062062062	0.02858308771771609	0.11857499551700469
1.2162162162162162	0.027933816243106768	0.11968515792196842
1.2262262262262262	0.027344544213612976	0.12116334059370448
1.2362362362362362	0.026810037107306724	0.12302261201855322
1.2462462462462462	0.026326022140394468	0.1252802942049487
1.2562562562562563	0.025889046205627937	0.1279581512546537
1.2662662662662663	0.02549636668225105	0.13108265269853148
1.2762762762762763	0.025145868731061945	0.1346853096292696
1.2862862862862863	0.02483600444081794	0.13880308153648693
1.2962962962962963	0.02456575053843732	0.14347885057386284
1.3063063063063063	0.024334582438909094	0.14876195739871695
1.3163163163163163	0.02414246330328583	0.15470878822218082
1.3263263263263263	0.02398984755543001	0.16138339551032557
1.3363363363363363	0.02387769904227214	0.1688581238818178
1.3463463463463463	0.023807524783610565	0.1772141967263253
1.3563563563563563	0.023781426080752212	0.18654219610419454
1.3663663663663663	0.0238021697198241	0.196942336253257
1.3763763763763763	0.02387328321121038	0.2085243867710453
1.3863863863863863	0.023999179524830695	0.22140704223895236
1.3963963963963963	0.02418531881119725	0.23571645802382027
1.4064064064064064	0.024438417316927627	0.25158357595476
1.4164164164164164	0.02476671744128153	0.2691397508464411
1.4264264264264264	0.025180338097859585	0.28851006899486914
1.4364364364364364	0.025691731919819428	0.3098036452254147
1.4464464464464464	0.026316286433357487	0.3331001390843738
1.4564564564564564	0.027073121744616797	0.35843181641595523
1.4664664664664664	0.027986160081219246	0.3857608094933892
1.4764764764764764	0.02908557678967474	0.4149519391500803
1.4864864864864864	0.030409794782070548	0.4457427006431135
1.4964964964964964	0.03200826607194431	0.4777138532689287
1.5065065065065064	0.033945413921216507	0.5102663570246975
1.5165165165165164	0.03630632045081067	0.5426126520623529
1.5265265265265264	0.03920509707761894	0.5737914608476163
1.5365365365365364	0.04279747954354133	0.6027140063098717
1.5465465465465464	0.047300257875561844	0.62824455303717
1.5565565565565564	0.05302210679998907	0.6493094379126407
1.5665665665665667	0.06041410093693001	0.6650183353777958
1.5765765765765767	0.0701555905852773	0.6747735629965682
1.5865865865865867	0.08330656496334303	0.6783422803094793
1.5965965965965967	0.10159186570963337	0.675874453688859
1.6066066066066067	0.12796380169338747	0.6678639894725878
1.6166166166166167	0.16779823679830982	0.6550654843555376
1.6266266266266267	0.23166760246359214	0.6383885314944459
1.6366366366366367	0.3424868267773663	0.6187926886236527
1.6466466466466467	0.5563938893098145	0.5972004910410647
1.6566566566566567	1.031727490069566	0.5744371495047623
1.6666666666666667	2.233951429926337	0.5511975657996416
1.6766766766766767	4.242025089280283	0.5280360954217019
1.6866866866866868	3.0446851123588003	0.5053723524174071
1.6966966966966968	1.4025003118241175	0.483506478326024
1.7067067067067068	0.729820565185191	0.4626386116295961
1.7167167167167168	0.43944377238699	0.4428889393691221
1.7267267267267268	0.2940195355269426	0.42431619001048726
1.7367367367367368	0.21202423371974108	0.4069335386782465
1.7467467467467468	0.16154506819445758	0.390721629536151
1.7567567567567568	0.12834772527449698	0.37563884587701474
1.7667667667667668	0.10537764088928123	0.36162916697364444
1.7767767767767768	0.08883466979591895	0.34862802198088894
1.7867867867867868	0.0765307333176679	0.33656654476179476
1.7967967967967968	0.06713590262057031	0.3253745891595405
1.8068068068068068	0.059804917505023064	0.31498280603426937
1.8168168168168168	0.05398009750563068	0.30532402463217645
1.8268268268268268	0.049281668560956754	0.29633412796273473
1.8368368368368369	0.04544391921267373	0.2879525672372
1.8468468468468469	0.04227656851137077	0.28012262428872675
1.8568568568568569	0.03964059212941955	0.27279150245350603
1.8668668668668669	0.03743264608902899	0.2659103044541359
1.8768768768768769	0.035574769016436095	0.2594339391496556
1.8868868868868869	0.03400741848663758	0.25332098649451334
1.896896896896897	0.03268466768205292	0.24753354073084702
1.906906906906907	0.0315708346666995	0.24203704496919032
1.916916916916917	0.030638082315965303	0.23680012530389555
1.926926926926927	0.029864689440694005	0.23179442900070713
1.936936936936937	0.029233795442524167	0.22699446875588478
1.946946946946947	0.02873248608400508	0.2223774732928797
1.956956956956957	0.02835113073412423	0.21792324345660324
1.966966966966967	0.028082910175835262	0.21361401233542138
1.976976976976977	0.027923493903900674	0.2094343076817344
1.986986986986987	0.027870840057219525	0.20537081492697243
1.996996996996997	0.027925101855174828	0.2014122393178684
2.007007007007007	0.028088633111281874	0.1975491660830559
2.017017017017017	0.028366093199093407	0.19377391800869798
2.027027027027027	0.02876465968299745	0.1900804103116729
2.037037037037037	0.02929436567430863	0.1864640032060164
2.047047047047047	0.029968589946480294	0.18292135301904702
2.057057057057057	0.03080474248426759	0.17945026310251483
2.067067067067067	0.03182520864624976	0.17604953607595994
2.0770770770770772	0.033058644903882745	0.1727188291200979
2.0870870870870872	0.034541763577343475	0.16945851410667365
2.0970970970970972	0.03632181196068438	0.16626954431061777
2.1071071071071072	0.03846005754029449	0.16315332930891402
2.1171171171171173	0.04103676116341952	0.1601116194533631
2.1271271271271273	0.04415839910267699	0.15714640102479838
2.1371371371371373	0.04796836505330162	0.1542598028604639
2.1471471471471473	0.052663198476838514	0.15145401491610505
2.1571571571571573	0.058517846909213696	0.14873121889935365
2.1671671671671673	0.0659261863542757	0.14609353080859622
2.1771771771771773	0.07546828859014129	0.14354295494356206
2.1871871871871873	0.08802662460760963	0.14108134873106032
2.1971971971971973	0.10499636934997136	0.1387103975356379
2.2072072072072073	0.12868757096046193	0.13643159850054823
2.2172172172172173	0.16314681357312885	0.1342462523885563
2.2272272272272273	0.21597692513780498	0.13215546236074374
2.2372372372372373	0.30279044106783487	0.13016013863732187
2.2472472472472473	0.4595612020079922	0.1282610080222817
2.2572572572572573	0.7825654527199428	0.12645862733510357
2.2672672672672673	1.5782740627665144	0.1247533998732926
2.2772772772772774	3.7624985134738833	0.12314559411916794
2.2872872872872874	5.170851292397495	0.12163536400065927
2.2972972972972974	2.3180481542324047	0.12022277011583433
2.3073073073073074	1.0097947558926703	0.11890780142174705
2.3173173173173174	0.5330818131961506	0.11769039698323709
2.3273273273273274	0.3237167277458869	0.11657046745519924
2.3373373373373374	0.21615862040372572	0.11554791604951517
2.3473473473473474	0.15434656971661595	0.11462265880108317
2.3573573573573574	0.11581102002457133	0.1137946440032641
2.3673673673673674	0.09027215171052985	0.11306387072987181
2.3773773773773774	0.07252532848700091	0.11243040639814532
2.3873873873873874	0.059718994760064974	0.11189440335663373
2.3973973973973974	0.05018944100393982	0.11145611450321567
2.4074074074074074	0.042915092547479244	0.11111590795323761
2.4174174174174174	0.037241559940154594	0.1108742807855571
2.4274274274274275	0.032734483675921064	0.11073187189705049
2.4374374374374375	0.029096681033637214	0.1106894739914974
2.4474474474474475	0.026119442649959065	0.11074804472121212
2.4574574574574575	0.023652821718938604	0.11090871698529349
2.4674674674674675	0.021586915601352036	0.11117280837007754
2.4774774774774775	0.019839734665464858	0.11154182969292516
2.4874874874874875	0.018349141200921786	0.11201749258170154
2.4974974974974975	0.01706737229233055	0.1126017159862896
2.5075075075075075	0.015957243387066253	0.11329663147798358
2.5175175175175175	0.014989469090837409	0.11410458714240213
2.5275275275275275	0.014140741366673834	0.1150281498160154
2.5375375375375375	0.013392330442336035	0.11607010534947676
2.5475475475475475	0.012729052368175306	0.11723345650629924
2.5575575575575575	0.01213849761606043	0.1185214180162503
2.5675675675675675	0.01161044809021988	0.11993740820517577
2.5775775775775776	0.01113643185374274	0.12148503650807317
2.5875875875875876	0.010709379697033124	0.12316808604557582
2.5975975975975976	0.01032335783949809	0.12499049030056622
2.6076076076076076	0.009973358121910659	0.12695630277404674
2.6176176176176176	0.009655132021614218	0.12906965832800332
2.6276276276276276	0.00936505836820652	0.1313347247390689
2.6376376376376376	0.00910003718935695	0.13375564279594657
2.6476476476476476	0.008857403975152275	0.13633645308133352
2.6576576576576576	0.00863486001541115	0.13908100739556625
2.6676676676676676	0.008430415476706235	0.1419928626193382
2.6776776776776776	0.008242342643467843	0.14507515469435123
2.6876876876876876	0.008069137320311412	0.14833045035429882
2.6976976976976976	0.007909486825288274	0.15176057428959738
2.7077077077077076	0.007762243337620687	0.1553664096346044
2.7177177177177176	0.007626401619370891	0.15914767006250718
2.7277277277277276	0.0075010803295518505	0.16310264243824132
2.7377377377377377	0.007385506304872162	0.1672278999756582
2.7477477477477477	0.007279001303364432	0.17151798724958123
2.7577577577577577	0.007180970803407067	0.17596508030691202
2.7677677677677677	0.007090894528421155	0.1805586275627379
2.7777777777777777	0.007008318428258191	0.18528498019992168
2.7877877877877877	0.006932847898182342	0.19012702441199075
2.7977977977977977	0.006864142056691545	0.19506383196171173
2.8078078078078077	0.006801908935855094	0.20007035000633994
2.8178178178178177	0.006745901465002604	0.2051171556645709
2.8278278278278277	0.006695914151516714	0.2101703049295448
2.8378378378378377	0.006651780379761404	0.2151913086590041
2.8478478478478477	0.006613370267738438	0.22013726975128645
2.8578578578578577	0.006580589031417153	0.2249612144014339
2.8678678678678677	0.006553375822523236	0.22961264568704898
2.8778778778778777	0.0065317030134667544	0.23403833896631698
2.8878878878878878	0.006515575914806804	0.23818338533493721
2.8978978978978978	0.006505032919712227	0.24199247187012413
2.9079079079079078	0.006500146079684531	0.24541136650682802
2.9179179179179178	0.006501022124824199	0.24838855286641323
2.9279279279279278	0.006507803952421043	0.25087693867515626
2.937937937937938	0.006520672618856356	0.25283554357850324
2.947947947947948	0.0065398498808984795	0.25423106125054656
2.957957957957958	0.006565601347878956	0.25503918931549896
2.967967967967968	0.006598240320635689	0.2552456302357766
2.977977977977978	0.006638132413454021	0.2548466869213061
2.987987987987988	0.006685701077238415	0.2538494065686
2.997997997997998	0.0067414341690915655	0.2522712617584884
3.008008008008008	0.006805891748276154	0.2501393947163878
3.018018018018018	0.006879715317778511	0.24748948420056444
3.028028028028028	0.006963638783256169	0.2443643206856969
3.038038038038038	0.0070585014634223535	0.24081219160341413
3.048048048048048	0.007165263566103444	0.2368851833386678
3.058058058058058	0.007285024644611941	0.23263750111199724
3.068068068068068	0.007419045677474786	0.2281238938340932
3.078078078078078	0.0075687755772257765	0.22339825135575608
3.088088088088088	0.007735883145955906	0.21851241934727264
3.098098098098098	0.007922295767719714	0.21351525512765004
3.108108108108108	0.008130246485754486	0.2084519282858797
3.118118118118118	0.008362331581052315	0.20336345426193952
3.1281281281281283	0.00862158139343476	0.19828643776472174
3.1381381381381384	0.008911547957639028	0.19325299594227904
3.1481481481481484	0.00923641415141544	0.18829082807391803
3.1581581581581584	0.009601130581876444	0.18342339846349043
3.1681681681681684	0.010011588539577398	0.1786702013360881
3.1781781781781784	0.01047484027080291	0.17404708007370384
3.1881881881881884	0.010999381924649176	0.16956657739259617
3.1981981981981984	0.011595520367848855	0.1652382975291258
3.2082082082082084	0.012275853468783971	0.16106926579148315
3.2182182182182184	0.013055905730838414	0.15706427471017273
3.2282282282282284	0.013954979361108517	0.15322620935679573
3.2382382382382384	0.014997308287057719	0.14955634715521507
3.2482482482482484	0.016213644693636762	0.14605462969787478
3.2582582582582584	0.01764347339696838	0.14271990575176993
3.2682682682682684	0.019338154312006077	0.1395501458637603
3.2782782782782784	0.02136546470201918	0.13654262982746884
3.2882882882882885	0.02381630015752102	0.13369410882778288
3.2982982982982985	0.02681478843825722	0.13100094439903778
3.3083083083083085	0.030533951338849542	0.1284592264793033
3.3183183183183185	0.03522067397673852	0.12606487286183457
3.3283283283283285	0.041236858361050004	0.1238137122754755
3.3383383383383385	0.049129903200061845	0.12170155319931314
3.3483483483483485	0.05975892860766191	0.11972424035439573
3.3583583583583585	0.074533093911319	0.11787770063812639
3.3683683683683685	0.09589093124098676	0.11615798008079202
3.3783783783783785	0.1283416344151932	0.11456127322523889
3.3883883883883885	0.1809539179437265	0.11308394615694271
3.3983983983983985	0.2740679563346239	0.1117225542532673
3.4084084084084085	0.4604010188279837	0.1104738555744702
3.4184184184184185	0.9047392261036415	0.10933482068812034
3.4284284284284285	2.2035669410862617	0.10830263960098578
3.4384384384384385	4.567756539815418	0.10737472637077848
3.4484484484484486	2.5117580538224122	0.10654872187765746
3.4584584584584586	1.015051086310294	0.10582249515815675
3.4684684684684686	0.5075401270537293	0.10519414363420498
3.4784784784784786	0.29936223482153373	0.1046619925105976
3.4884884884884886	0.19686514963361149	0.10422459356205879
3.4984984984984986	0.13948476391712084	0.1038807234854462
3.5085085085085086	0.10429188698816459	0.10362938195267449
3.5185185185185186	0.08120412892496222	0.10346978946405264
3.5285285285285286	0.06525866678548083	0.10340138506996982
3.5385385385385386	0.05379162177322034	0.10342382399883171
3.5485485485485486	0.0452721964777486	0.10353697520142224
3.5585585585585586	0.03877104147983286	0.10374091879488355
3.5685685685685686	0.033697898087022254	0.1040359433625338
3.5785785785785786	0.0296634668459076	0.10442254303835917
3.5885885885885886	0.02640264973483279	0.1049014142755968
3.5985985985985987	0.023729906107144257	0.10547345216822057
3.6086086086086087	0.021512252339815702	0.10613974615912983
3.6186186186186187	0.019652370545629124	0.10690157493173164
3.6286286286286287	0.01807772442151815	0.10776040023790548
3.6386386386386387	0.01673336072999174	0.10871785936766214
3.6486486486486487	0.015577036920763312	0.10977575591090633
3.6586586586586587	0.01457585430034771	0.11093604839987614
3.6686686686686687	0.013703887877345111	0.11220083635034729
3.6786786786786787	0.012940489569685286	0.11357234314159068
3.6886886886886887	0.012269054805018626	0.11505289508619161
3.6986986986986987	0.011676113417911409	0.11664489594366553
3.7087087087087087	0.011150651013401347	0.11835079602452504
3.7187187187187187	0.01068359644277367	0.1201730549161428
3.7287287287287287	0.01026743057726887	0.12211409673980239
3.7387387387387387	0.009895884732432029	0.12417625672243375
3.7487487487487487	0.009563706102613654	0.12636171774173097
3.7587587587587588	0.009266473813926016	0.12867243538787196
3.7687687687687688	0.00900045359652704	0.13111004998548484
3.7787787787787788	0.008762482202555693	0.1336757839521684
3.7887887887887888	0.0085498749451857	0.13637032285325126
3.798798798798799	0.00836035137156935	0.13919367856458473
3.808808808808809	0.008191975286328633	0.14214503311154422
3.818818818818819	0.008043106235899263	0.14522256204443332
3.828828828828829	0.007912360235881773	0.14842323668157684
3.838838838838839	0.007798578031889533	0.15174260525176694
3.848848848848849	0.007700799575254818	0.15517455394764654
3.858858858858859	0.007618243697862652	0.1587110502192594
3.868868868868869	0.007550292209847279	0.16234187233863592
3.878878878878879	0.0074964778359047175	0.1660543313911629
3.888888888888889	0.007456475564780611	0.169832994408812
3.898898898898899	0.007430097120325609	0.17365942032437715
3.908908908908909	0.007417288382688494	0.17751192370648633
3.918918918918919	0.0074181296975626325	0.1813653846618719
3.928928928928929	0.00743283912062451	0.18519112659317685
3.938938938938939	0.007461778756479011	0.18895688628983265
3.948948948948949	0.007505464474518216	0.19262690260126583
3.958958958958959	0.0075645794265723236	0.1961621500913688
3.968968968968969	0.007639991960612653	0.19952074194109426
3.978978978978979	0.007732778734955128	0.20265852133012313
3.988988988988989	0.007844254103634173	0.20552985211273264
3.998998998998999	0.007976007186822367	0.20808860764041223
4.009009009009009	0.008129948491791099	0.21028934136839542
4.019019019019019	0.008308368549489634	0.21208860530123635
4.029029029029029	0.008514011841213023	0.2134463639226387
4.039039039039039	0.00875017039197775	0.21432743414036168
4.049049049049049	0.009020802927890313	0.21470286845599051
4.059059059059059	0.0093306876173152	0.21455119152999236
4.069069069069069	0.009685619414459811	0.21385940158176647
4.079079079079079	0.010092667316513803	0.21262365869709463
4.089089089089089	0.010560513076147278	0.21084960183975424
4.099099099099099	0.011099902087950938	0.2085522634413522
4.109109109109109	0.011724250904386179	0.2057555818338027
4.119119119119119	0.012450476755768514	0.20249154363053032
4.129129129129129	0.013300146914552977	0.1987990164615462
4.1391391391391394	0.014301097176693657	0.1947223537969659
4.1491491491491495	0.01548975208709104	0.1903098657279499
4.1591591591591595	0.016914518035803155	0.18561225176103205
4.1691691691691695	0.018640856978356546	0.1806810846814045
4.1791791791791795	0.020759065545323464	0.1755674202822541
4.1891891891891895	0.02339654531594642	0.17032058888366267
4.1991991991991995	0.026737794861837742	0.16498720387748642
4.2092092092092095	0.0310582241690413	0.1596104025313611
4.2192192192192195	0.036783898726496206	0.15422931686967337
4.2292292292292295	0.0446026834311657	0.14887875876907825
4.2392392392392395	0.05568421512612818	0.14358909390651872
4.2492492492492495	0.07214953006426283	0.13838627373490558
4.2592592592592595	0.09817344488586333	0.13329199269024924
4.2692692692692695	0.1429085017355103	0.1283239386032737
4.2792792792792795	0.22961225259491383	0.12349610697782236
4.2892892892892895	0.43131987547116385	0.11881915365797177
4.2992992992992995	1.0589907001416246	0.11430076479855926
4.3093093093093096	3.4954840913143856	0.10994602749902516
4.31931931931932	2.546516997021408	0.10575778862417849
4.32932932932933	0.7648770703402812	0.10173699302090249
4.33933933933934	0.32605911565562556	0.09788299544592767
4.34934934934935	0.17541996924238856	0.0941938430311934
4.35935935935936	0.10834651513781811	0.09066652706101865
4.36936936936937	0.07317095972870474	0.08729720428062462
4.37937937937938	0.052589694981966556	0.08408138897350767
4.38938938938939	0.039573144461719625	0.08101411771631524
4.3993993993994	0.030849244343095657	0.0780900891165898
4.40940940940941	0.0247340686717396	0.07530378102724827
4.41941941941942	0.020291637869067455	0.07264954776930338
4.42942942942943	0.01696904227490489	0.07012169982492905
4.43943943943944	0.014423140614663474	0.0677145683243555
4.44944944944945	0.01243210783958534	0.06542255646923843
4.45945945945946	0.010847541013478488	0.06324017983301154
4.46946946946947	0.009567212136467716	0.06116209726938089
4.47947947947948	0.008518902856095351	0.059183133956022545
4.48948948948949	0.007650461596088337	0.05729829790434913
4.4994994994995	0.00692349317602855	0.055502791087321965
4.50950950950951	0.006309242167018253	0.0537920161720334
4.51951951951952	0.005785841229803071	0.05216157969820593
4.52952952952953	0.005336431548032734	0.05060729241337307
4.53953953953954	0.00494785377297955	0.04912516736263621
4.54954954954955	0.004609720198475136	0.04771141623210714
4.55955955955956	0.00431374661634351	0.04636244436078702
4.56956956956957	0.004053264166278454	0.04507484476304983
4.57957957957958	0.003822857943870949	0.04384539144248261
4.58958958958959	0.0036180961841920218	0.04267103222563293
4.5995995995996	0.0034353250386458603	0.04154888130039126
4.60960960960961	0.0032715114420529194	0.040476211607521004
4.61961961961962	0.003124121643389883	0.03945044720236617
4.62962962962963	0.0029910264652273882	0.03846915567947898
4.63963963963964	0.002870426795035717	0.037530040731011204
4.64964964964965	0.002760794531181841	0.03663093489296418
4.65965965965966	0.0026608254373075395	0.035769792519303484
4.66966966966967	0.0025694012460927983	0.034944683012191245
4.67967967967968	0.0024855590022936597	0.03415378432759352
4.68968968968969	0.002408466111727224	0.03339537676776663
4.6996996996997	0.002337399918663672	0.03266783706670797
4.70970970970971	0.002271730899093243	0.03196963276916597
4.71971971971972	0.0022109087594015895	0.03129931690099818
4.72972972972973	0.0021544508823679864	0.030655522925375538
4.73973973973974	0.0021019326799567415	0.030036959977271203
4.74974974974975	0.0020529795031172912	0.029442408367174374
4.75975975975976	0.002007259829164742	0.028870715344006884
4.76976976976977	0.001964479502010403	0.02832079110626919
4.77977977977978	0.001924376844442749	0.027791605050105663
4.78978978978979	0.0018867184952327783	0.02728218224287722
4.7997997997998	0.0018512958514625177	0.026791600110633113
4.80980980980981	0.0018179220180463743	0.02631898532811542
4.81981981981982	0.0017864291837904694	0.025863510900158475
4.82982982982983	0.0017566663575848077	0.02542439342357804
4.83983983983984	0.0017284974096609957	0.025000890519141564
4.84984984984985	0.0017017993718486182	0.024592298423416065
4.85985985985986	0.0016764609590372835	0.024197949731035243
4.86986986986987	0.0016523812792693308	0.02381721127813394
4.87987987987988	0.0016294687059480388	0.02344948215810122
4.88988988988989	0.001607639889306726	0.023094191861570048
4.8998998998999	0.0015868188878835983	0.02275079853282453
4.90990990990991	0.0015669364039127445	0.022418787335014755
4.91991991991992	0.0015479291085851242	0.022097668917640093
4.92992992992993	0.0015297390454483883	0.021786977979314632
4.93993993993994	0.0015123131019216863	0.021486271920100514
4.94994994994995	0.0014956025401742716	0.02119512957732005
4.95995995995996	0.0014795625798440988	0.020913150039630724
4.96996996996997	0.0014641520263777167	0.02063995153421213
4.97997997997998	0.0014493329394254866	0.020375170382478887
4.98998998998999	0.001435070336176919	0.020118460019598793
5.0	0.001421331926020786	0.019869490073941006
