-5.0	0.0005962122310128406	0.0009763121793105287
-4.98998998998999	0.0006126649784275108	0.0009323759011145197
-4.97997997997998	0.0006301865768236583	0.0008926971193937857
-4.96996996996997	0.0006488572506472491	0.0008568000830012203
-4.95995995995996	0.0006687656511369504	0.0008242762455568091
-4.94994994994995	0.0006900098988728772	0.0007947733489279655
-4.93993993993994	0.0007126987829452904	0.0007679865306896427
-4.92992992992993	0.000736953144011388	0.0007436510391921462
-4.91991991991992	0.0007629074740781611	0.0007215362333394386
-4.90990990990991	0.0007907117723199732	0.000701440615762509
-4.8998998998999	0.0008205337048370568	0.0006831877016638526
-4.88988988988989	0.000852561126263109	0.0006666225681709856
-4.87987987987988	0.0008870050341253561	0.0006516089597233344
-4.86986986986987	0.0009241030427296186	0.0006380268508393827
-4.85985985985986	0.0009641234834890822	0.0006257703871086774
-4.84984984984985	0.0010073702640801656	0.0006147461398213355
-4.83983983983984	0.0010541886510770312	0.0006048716224947718
-4.82982982982983	0.0011049721820609434	0.0005960740270804884
-4.81981981981982	0.0011601709664600314	0.0005882891449489096
-4.80980980980981	0.0012203017031504062	0.000581460444391034
-4.7997997997998	0.0012859598328639362	0.0005755382812037835
-4.78978978978979	0.0013578343614262297	0.0005704792231173377
-4.77977977977978	0.00143672604625419	0.0005662454718735137
-4.76976976976977	0.0015235698471350281	0.0005628043699228504
-4.75975975975976	0.0016194628234809914	0.0005601279806173637
-4.74974974974975	0.0017256990418856213	0.000558192732883375
-4.73973973973974	0.0018438135819602427	0.0005569791226277962
-4.72972972972973	0.0019756384548410954	0.0005564714650515407
-4.71971971971972	0.0021233742675584835	0.0005566576923512298
-4.70970970970971	0.0022896829119115484	0.0005575291930623065
-4.6996996996997	0.0024778086341565118	0.0005590806895321011
-4.68968968968969	0.0026917378691963057	0.0005613101512206902
-4.67967967967968	0.002936412701080513	0.0005642187418422911
-4.66966966966967	0.003218019542793845	0.0005678107991815461
-4.65965965965966	0.003544384925603314	0.0005720938469625293
-4.64964964964965	0.003925526345442352	0.0005770786387319446
-4.63963963963964	0.004374431684133649	0.0005827792341654675
-4.62962962962963	0.0049081823939540236	0.0005892131088415819
-4.61961961961962	0.00554960530183605	0.0005964012992116458
-4.60960960960961	0.006329757726025654	0.0006043685848981219
-4.5995995995996	0.007291763405512091	0.0006131437113372031
-4.58958958958959	0.008496908483107468	0.0006227596563663317
-4.57957957957958	0.010034658019302495	0.0006332539453544513
-4.56956956956957	0.012039763468054496	0.000644669020433921
-4.55955955955956	0.014722836833341859	0.0006570526703231828
-4.54954954954955	0.018428023399830084	0.0006704585287821326
-4.53953953953954	0.023749147255137482	0.0006849466512602122
-4.52952952952953	0.03178337307654135	0.0007005841808768227
-4.51951951951952	0.04474560269509105	0.0007174461174129064
-4.50950950950951	0.06767565611788533	0.0007356162054024262
-4.4994994994995	0.11419059799990619	0.0007551879605911438
-4.48948948948949	0.23254805132800113	0.00077626585794434
-4.47947947947948	0.7083486830295526	0.0007989667088739444
-4.46946946946947	10.380267376773741	0.0008234212614578281
-4.45945945945946	2.808851774473296	0.0008497760638298406
-4.44944944944945	0.45655752749723877	0.0008781956401627023
-4.43943943943944	0.17869536362439814	0.0009088650389315246
-4.42942942942943	0.09462847423354308	0.0009419928271645467
-4.41941941941942	0.05849241058071953	0.000977814620202992
-4.40940940940941	0.03972939991480059	0.0010165972587371248
-4.3993993993994	0.02875622477153939	0.0010586437709085026
-4.38938938938939	0.021789928708460318	0.0011042992917634346
-4.37937937937938	0.017093391614344373	0.001153958156129451
-4.36936936936937	0.013778160925598129	0.0012080724374498577
-4.35935935935936	0.011351495199966585	0.0012671622787600988
-4.34934934934935	0.00952227454763835	0.0013318284577986848
-4.33933933933934	0.008109533596691433	0.0014027677554071447
-4.32932932932933	0.006995983429347514	0.001480791864534363
-4.31931931931932	0.0061029017852359405	0.001566850802882798
-4.3093093093093096	0.005375859341710333	0.0016620620975327776
-4.2992992992992995	0.004776249513811853	0.0017677474262879668
-4.2892892892892895	0.004276073728450308	0.0018854789746227134
-4.2792792792792795	0.0038546269426518263	0.0020171385674414037
-4.2692692692692695	0.0034963313515558357	0.002164993762522848
-4.2592592592592595	0.0031892852311727906	0.002331796702529115
-4.2492492492492495	0.002924269307094401	0.002520913850071736
-4.2392392392392395	0.002694052922761816	0.002736498145067561
-4.2292292292292295	0.002492900916662	0.002983720211392456
-4.2192192192192195	0.0023162174967510532	0.003269082946425189
-4.2092092092092095	0.0021602852818323344	0.0036008557188970396
-4.1991991991991995	0.0020220715186255924	0.003989683116653845
-4.1891891891891895	0.0018990824162064184	0.004449453298912801
-4.1791791791791795	0.0017892524134099522	0.004998560639521016
-4.1691691691691695	0.0016908591242664336	0.005661781378136929
-4.1591591591591595	0.0016024573762823022	0.006473127587696634
-4.1491491491491495	0.0015228275973708824	0.00748030924311126
-4.1391391391391394	0.0014509350933542152	0.00875192987082282
-4.129129129129129	0.0013858976682604566	0.010389511636267062
-4.119119119119119	0.0013269596912136173	0.012548443251056115
-4.109109109109109	0.0012734711852281613	0.015476304751581474
-4.099099099099099	0.001224870858084131	0.01958722979279568
-4.089089089089089	0.0011806722499551406	0.025616954811153052
-4.079079079079079	0.0011404523619610058	0.03497664494910172
-4.069069069069069	0.001103842272466007	0.05066062333535574
-4.059059059059059	0.00107051935546903	0.079976380971563
-4.049049049049049	0.0010402007980805017	0.1448908741127995
-4.039039039039039	0.0010126381769863069	0.339256909714031
-4.029029029029029	0.0009876129030911914	1.5342560754736723
-4.019019019019019	0.0009649323813009006	48.520151384755145
-4.009009009009009	0.000944426762560732	0.9469195153315468
-3.998998998998999	0.0009259461887240396	0.26628965086818557
-3.988988988988989	0.000909358449392334	0.12329778843518824
-3.978978978978979	0.0008945469850252587	0.07088143536786368
-3.968968968968969	0.000881409182245297	0.04602158203688901
-3.958958958958959	0.0008698549171793343	0.03231266679123668
-3.948948948948949	0.0008598053102672164	0.02396236360908656
-3.938938938938939	0.0008511916624383128	0.018503606524993284
-3.928928928928929	0.0008439545477327935	0.014741498087649999
-3.918918918918919	0.0008380430416826117	0.0120402098401016
-3.908908908908909	0.0008334140684480581	0.010036126537570385
-3.898898898898899	0.0008300318525196772	0.00850909743484186
-3.888888888888889	0.0008278674634182192	0.007319510836010467
-3.878878878878879	0.0008268984438882215	0.006375363563212729
-3.868868868868869	0.0008271085138916527	0.005614031999790138
-3.858858858858859	0.0008284873443231023	0.004991695549152036
-3.848848848848849	0.0008310303957836295	0.004476949825938471
-3.838838838838839	0.0008347388188509092	0.004046814835641864
-3.828828828828829	0.0008396194136981597	0.003684164173505887
-3.818818818818819	0.0008456846476862465	0.0033760252302980458
-3.808808808808809	0.0008529527308223086	0.00311242879674046
-3.798798798798799	0.0008614477498511013	0.0028856141395655513
-3.7887887887887888	0.0008711998628552675	0.002689469368449345
-3.7787787787787788	0.0008822455572046656	0.0025191307674676698
-3.7687687687687688	0.0008946279750454046	0.002370691533616461
-3.7587587587587588	0.0009083973114540877	0.002240987095675354
-3.7487487487487487	0.0009236112920683409	0.0021274348694351694
-3.7387387387387387	0.0009403357383177499	0.002027913261229312
-3.7287287287287287	0.0009586452303437153	0.0019406693426285183
-3.7187187187187187	0.0009786238795478968	0.0018642477262844031
-3.7087087087087087	0.0010003662253765893	0.0017974352990995789
-3.6986986986986987	0.001023978273513504	0.0017392179438097065
-3.6886886886886887	0.0010495786961602924	0.0016887464179893676
-3.6786786786786787	0.0010773002191013354	0.0016453092972326308
-3.6686686686686687	0.0011072912249840837	0.0016083114218388077
-3.6586586586586587	0.0011397176081204515	0.0015772566732507134
-3.6486486486486487	0.0011747649231438804	0.0015517341919114123
-3.6386386386386387	0.0012126408784641437	0.0015314073606441385
-3.6286286286286287	0.0012535782359325435	0.0015160050374793156
-3.6186186186186187	0.0012978381912111194	0.0015053146434888989
-3.6086086086086087	0.0013457143251953258	0.0014991768057000224
-3.5985985985985987	0.0013975372368238669	0.0014974813285432145
-3.5885885885885886	0.0014536799924967864	0.0015001643270081543
-3.5785785785785786	0.0015145645584070376	0.0015072064028149271
-3.5685685685685686	0.0015806694215497851	0.0015186317868118898
-3.5585585585585586	0.0016525386551247835	0.0015345084068797404
-3.5485485485485486	0.0017307927478228604	0.0015549488750013845
-3.5385385385385386	0.001816141598550348	0.0015801124201628787
-3.5285285285285286	0.0019094001840329808	0.0016102078284485862
-3.5185185185185186	0.002011507544859098	0.001645497489057925
-3.5085085085085086	0.002123549916562869	0.0016863026880092357
-3.4984984984984986	0.002246789071377102	0.0017330103416931938
-3.4884884884884886	0.00238269725515062	0.0017860814243942644
-3.4784784784784786	0.002533000531857698	0.0018460614204297127
-3.4684684684684686	0.0026997329286010084	0.0019135932291526297
-3.4584584584584586	0.002885304568458881	0.001989433075909708
-3.4484484484484486	0.0030925880773210205	0.0020744701454421272
-3.4384384384384385	0.0033250290870963247	0.002169750868231465
-3.4284284284284285	0.0035867888310307464	0.0022765090756818973
-3.4184184184184185	0.003882929940641494	0.0023962036226494107
-3.4084084084084085	0.004219661075117671	0.0025305655952640627
-3.3983983983983985	0.004604662676834683	0.0026816579331086564
-3.3883883883883885	0.005047526120930203	0.0028519512804604827
-3.3783783783783785	0.005560353717747503	0.0030444212615052028
-3.3683683683683685	0.006158590600428199	0.0032626743311829
-3.3583583583583585	0.0068621968694987405	0.0035111121636448757
-3.3483483483483485	0.007697328860470024	0.0037951486317192406
-3.3383383383383385	0.008698798881175104	0.004121499477314888
-3.3283283283283285	0.009913754351474515	0.0044985738531083015
-3.3183183183183185	0.011407319505188068	0.004937010792891645
-3.3083083083083085	0.013271494043972253	0.005450425283995789
-3.2982982982982985	0.01563964913086837	0.006056462996131863
-3.2882882882882885	0.01871103810726035	0.006778318676816827
-3.2782782782782784	0.022794086150455514	0.007646966638036265
-3.2682682682682684	0.028386899396223648	0.008704512181794717
-3.2582582582582584	0.036336618908336026	0.010009357174345307
-3.2482482482482484	0.04817999769025598	0.01164439536064931
-3.2382382382382384	0.0669455743312886	0.01373045241527043
-3.2282282282282284	0.09930010745313216	0.01644918902851722
-3.2182182182182184	0.16239882934989658	0.02008392437351722
-3.2082082082082084	0.31234084150061725	0.02509639756110624
-3.1981981981981984	0.8304358001092392	0.03228075447189268
-3.1881881881881884	6.003771095443221	0.04309821598700185
-3.1781781781781784	11.189733669054489	0.060482564884124825
-3.1681681681681684	1.028117049997965	0.09105916378976106
-3.1581581581581584	0.3551220133771249	0.15252941082815316
-3.1481481481481484	0.17799182034285707	0.30646036422909956
-3.1381381381381384	0.1066312095400022	0.9029790148359076
-3.1281281281281283	0.07095366834398112	10.845418578703764
-3.118118118118118	0.050600332466596315	4.57291766411882
-3.108108108108108	0.037903919199639154	0.6726152785883494
-3.098098098098098	0.029455050482247603	0.25674574493019187
-3.088088088088088	0.023550470412595365	0.13439929253449148
-3.078078078078078	0.019262351911542127	0.08250956398849937
-3.068068068068068	0.016050245433820748	0.0557785471616908
-3.058058058058058	0.013582043977241899	0.04022591393736501
-3.048048048048048	0.01164454154774906	0.03038767313940656
-3.038038038038038	0.010095781658785857	0.02377194247522625
-3.028028028028028	0.008838283902982884	0.019110650891605956
-3.018018018018018	0.007803312937431856	0.015703231269287396
-3.008008008008008	0.006941275832736063	0.01313704242980922
-2.997997997997998	0.0062156637352735805	0.011156216221354811
-2.987987987987988	0.005599117947433622	0.009595258024883724
-2.977977977977978	0.005070809826896125	0.008343282677565548
-2.967967967967968	0.0046146559632903065	0.007323735728343109
-2.957957957957958	0.004218077611839093	0.006482385678324524
-2.947947947947948	0.0038711226560016704	0.005779945042984423
-2.937937937937938	0.003565833891257375	0.005187387868095935
-2.9279279279279278	0.003295787708977582	0.004682893675111432
-2.9179179179179178	0.00305575260520462	0.0042498028408544195
-2.9079079079079078	0.0028414332204778525	0.0038752181802713154
-2.8978978978978978	0.0026492762760868187	0.0035490294415445665
-2.8878878878878878	0.0024763218734196956	0.0032632206182325956
-2.8778778778778777	0.002320088430524544	0.00301137010979408
-2.8678678678678677	0.002178482832662101	0.0027882847244498736
-2.8578578578578577	0.002049729674658548	0.002589728079221508
-2.8478478478478477	0.001932315095569507	0.0024122165636298984
-2.8378378378378377	0.0018249418651142405	0.0022528643198880724
-2.8278278278278277	0.001726493217537753	0.002109264229468181
-2.8178178178178177	0.001636003538730928	0.0019793956558897593
-2.8078078078078077	0.00155263446156452	0.0018615522834549067
-2.7977977977977977	0.001475655258511927	0.001754285200590311
-2.7877877877877877	0.0014044266707491865	0.0016563576550651373
-2.7777777777777777	0.0013383875022690062	0.0015667088236778954
-2.7677677677677677	0.0012770434516431986	0.0014844246007126394
-2.7577577577577577	0.0012199577644402381	0.0014087138930061183
-2.7477477477477477	0.0011667433748891519	0.0013388892665197334
-2.7377377377377377	0.0011170562716604831	0.001274351054821424
-2.7277277277277276	0.0010705898745824727	0.001214574239335223
-2.7177177177177176	0.0010270702499821783	0.0011590975623749593
-2.7077077077077076	0.0009862520247143568	0.0011075144489123736
-2.6976976976976976	0.0009479148846714585	0.0010594654016680169
-2.6876876876876876	0.0009118605640976423	0.0010146316023976474
-2.6776776776776776	0.0008779102486654339	0.0009727295055797174
-2.6676676676676676	0.0008459023285745365	0.0009335062524497534
-2.6576576576576576	0.0008156904487497511	0.000896735766056863
-2.6476476476476476	0.0007871418120854222	0.000862215414217658
-2.6376376376376376	0.0007601356989202364	0.0008297631478332917
-2.6276276276276276	0.0007345621717588392	0.0007992150388058597
-2.6176176176176176	0.0007103209392246247	0.0007704231549157058
-2.6076076076076076	0.0006873203573257619	0.0007432537200295239
-2.5975975975975976	0.0006654765492833032	0.0007175855166762773
-2.5875875875875876	0.0006447126281813533	0.0006933084951214738
-2.5775775775775776	0.0006249580089008827	0.0006703225590245639
-2.5675675675675675	0.0006061477978378765	0.0006485365024878838
-2.5575575575575575	0.0005882222504459916	0.0006278670773223968
-2.5475475475475475	0.0005711262882366477	0.0006082381725653722
-2.5375375375375375	0.0005548090677667305	0.0005895800911313215
-2.5275275275275275	0.0005392235954460312	0.0005718289106015533
-2.5175175175175175	0.0005243263825807044	0.0005549259172121583
-2.5075075075075075	0.0005100771359745121	0.0005388171035403769
-2.4974974974974975	0.000496438479943827	0.0005234527219140217
-2.4874874874874875	0.00048337570614614793	0.0005087868864850272
-2.4774774774774775	0.00047085654809969846	0.0004947772180843962
-2.4674674674674675	0.00045885097763625175	0.00048138452663500265
-2.4574574574574575	0.00044733102088942374	0.0004685725266485553
-2.4474474474474475	0.0004362705916906107	0.00045630758194605155
-2.4374374374374375	0.0004256453405530036	0.0004445584761964236
-2.4274274274274275	0.00041543251753468603	0.0004332962063544254
-2.4174174174174174	0.0004056108476078356	0.00042249379637540423
-2.4074074074074074	0.0003961604172043562	0.00041212612904368597
-2.3973973973973974	0.0003870625708233272	0.0004021697938297677
-2.3873873873873874	0.0003782998166897371	0.00039260294913179094
-2.3773773773773774	0.0003698557405728273	0.00038340519732724706
-2.3673673673673674	0.0003617149269549199	0.0003745574712986044
-2.3573573573573574	0.00035386288686943876	0.000366041931242245
-2.3473473473473474	0.0003462859917369375	0.0003578418707262033
-2.3373373373373374	0.0003389714126590079	0.0003499416310222728
-2.3273273273273274	0.0003319070646602225	0.0003423265229376426
-2.3173173173173174	0.00032508155540694387	0.00033498275534680805
-2.3073073073073074	0.00031848413801820896	0.0003278973698494874
-2.2972972972972974	0.0003121046675746677	0.0003210581808796534
-2.2872872872872874	0.00030593356102964124	0.00031445372081337233
-2.2772772772772774	0.00029996176018211627	0.0003080731895739638
-2.2672672672672673	0.0002941806974902452	0.0003019064083337678
-2.2572572572572573	0.00028858226444053946	0.00029594377690394293
-2.2472472472472473	0.00028315878227978255	0.0002901762345385159
-2.2372372372372373	0.00027790297490444565	0.00028459522377610806
-2.2272272272272273	0.0002728079437242829	0.0002791926571102256
-2.2172172172172173	0.00026786714434517376	0.00027396088618220917
-2.2072072072072073	0.0002630743649071572	0.00026889267335892153
-2.1971971971971973	0.000258423705961724	0.0002639811653778161
-2.1871871871871873	0.0002539095617590719	0.0002592198690021436
-2.1771771771771773	0.00024952660282317215	0.0002546026284381031
-2.1671671671671673	0.00024526975973435615	0.0002501236043850275
-2.1571571571571573	0.0002411342079964798	0.0002457772546134656
-2.1471471471471473	0.00023711535395041087	0.00024155831590104643
-2.1371371371371373	0.0002332088215859418	0.00023746178725228583
-2.1271271271271273	0.00022941044026621204	0.0002334829142928032
-2.1171171171171173	0.00022571623322777492	0.00022961717473354065
-2.1071071071071072	0.00022212240683253915	0.0002258602648239448
-2.0970970970970972	0.00021862534051526994	0.00022220808671797544
-2.0870870870870872	0.00021522157735480644	0.00021865673671420683
-2.0770770770770772	0.0002119078152706412	0.0002152024942379765
-2.067067067067067	0.0002086808987278598	0.00021184181157252521
-2.057057057057057	0.0002055378109853406	0.00020857130425652027
-2.047047047047047	0.00020247566681720906	0.00020538774208567258
-2.037037037037037	0.00019949170565789458	0.00020228804070804117
-2.027027027027027	0.00019658328518565	0.00019926925373137266
-2.017017017017017	0.00019374787526831155	0.00019632856535636294
-2.007007007007007	0.00019098305227838568	0.00019346328342548897
-1.996996996996997	0.00018828649374724648	0.0001906708329412535
-1.986986986986987	0.00018565597331806897	0.00018794874994519157
-1.976976976976977	0.00018308935599631657	0.00018529467580400877
-1.966966966966967	0.00018058459367099278	0.0001827063517935904
-1.956956956956957	0.00017813972090293146	0.00018018161404961236
-1.946946946946947	0.00017575285092297758	0.00017771838878542065
-1.936936936936937	0.0001734221718871999	0.00017531468780625033
-1.926926926926927	0.00017114594331033887	0.0001729686042695981
-1.916916916916917	0.00016892249271465595	0.00017067830870118997
-1.906906906906907	0.0001667502124579714	0.00016844204523834764
-1.896896896896897	0.0001646275567260813	0.00016625812807000146
-1.8868868868868869	0.00016255303869174324	0.0001641249380961293
-1.8768768768768769	0.00016052522783244666	0.00016204091976018136
-1.8668668668668669	0.0001585427473733365	0.00016000457805735992
-1.8568568568568569	0.00015660427188591322	0.0001580144757223092
-1.8468468468468469	0.00015470852498514066	0.00015606923053802725
-1.8368368368368369	0.00015285427717785175	0.00015416751282295218
-1.8268268268268268	0.0001510403437923529	0.00015230804303073656
-1.8168168168168168	0.00014926558303329524	0.0001504895894841474
-1.8068068068068068	0.0001475288941249542	0.00014871096623471995
-1.7967967967967968	0.00014582921554603508	0.00014697103101918386
-1.7867867867867868	0.00014416552336512	0.0001452686833387821
-1.7767767767767768	0.0001425368296490099	0.00014360286261724133
-1.7667667667667668	0.00014094218094763672	0.00014197254647999684
-1.7567567567567568	0.00013938065685372854	0.0001403767490931287
-1.7467467467467468	0.00013785136864466902	0.00013881451960429076
-1.7367367367367368	0.00013635345797178338	0.00013728494065071023
-1.7267267267267268	0.00013488609562330644	0.00013578712694940022
-1.7167167167167168	0.00013344848034112128	0.00013432022395156606
-1.7067067067067068	0.00013203983769986962	0.00013288340655898367
-1.6966966966966968	0.00013065941902893155	0.00013147587792173315
-1.6866866866866868	0.000129306500395243	0.00013009686826232023
-1.6766766766766767	0.00012798038162002126	0.00012874563378716743
-1.6666666666666667	0.00012668038536020046	0.00012742145562773393
-1.6566566566566567	0.00012540585620632563	0.0001261236388467153
-1.6466466466466467	0.00012415615984514848	0.00012485151147835206
-1.6366366366366367	0.00012293068224487614	0.00012360442362415112
-1.6266266266266267	0.00012172882888239859	0.0001223817465809192
-1.6166166166166167	0.00012055002400736584	0.00012118287201909451
-1.6066066066066067	0.00011939370992782803	0.00012000721118663947
-1.5965965965965967	0.00011825934634577291	0.00011885419415928698
-1.5865865865865867	0.00011714640970015772	0.00011772326912030041
-1.5765765765765767	0.00011605439255837159	0.00011661390166905916
-1.5665665665665667	0.00011498280301668431	0.00011552557416979434
-1.5565565565565564	0.0001139311641390451	0.00011445778511662607
-1.5465465465465464	0.0001128990134148646	0.00011341004853843781
-1.5365365365365364	0.00011188590223861707	0.00011238189342092353
-1.5265265265265264	0.00011089139541069432	0.00011137286315896483
-1.5165165165165164	0.00010991507066354462	0.00011038251502707138
-1.5065065065065064	0.0001089565182108039	0.00010941041968152907
-1.4964964964964964	0.00010801534029357823	0.00010845616067360134
-1.4864864864864864	0.00010709115077380189	0.00010751933398737794
-1.4764764764764764	0.0001061835747318033	0.0001065995476029566
-1.4664664664664664	0.00010529224806837642	0.00010569642106472126
-1.4564564564564564	0.00010441681714881142	0.0001048095850793574
-1.4464464464464464	0.00010355693843112131	0.00010393868112795431
-1.4364364364364364	0.0001027122781415171	0.00010308336109110156
-1.4264264264264264	0.00010188251192976758	0.00010224328688329901
-1.4164164164164164	0.00010106732456585818	0.000101418130119213
-1.4064064064064064	0.00010026640962961775	0.00010060757178024259
-1.3963963963963963	9.947946922448193e-5	9.981130189391797e-5
-1.3863863863863863	9.870621369467005e-5	9.902901923220376e-5
-1.3763763763763763	9.794636135404236e-5	9.826043102178136e-5
-1.3663663663663663	9.719963823699348e-5	9.750525266026026e-5
-1.3563563563563563	9.646577783785281e-5	9.676320744200323e-5
-1.3463463463463463	9.574452087614981e-5	9.603402631194388e-5
-1.3363363363363363	9.503561506934723e-5	9.531744760151919e-5
-1.3263263263263263	9.433881490415765e-5	9.461321679647954e-5
-1.3163163163163163	9.365388143119768e-5	9.392108631031078e-5
-1.3063063063063063	9.298058205190566e-5	9.324081524709087e-5
-1.2962962962962963	9.231869032589453e-5	9.257216920797934e-5
-1.2862862862862863	9.166798577507394e-5	9.19149200719703e-5
-1.2762762762762763	9.102825370757347e-5	9.126884580572179e-5
-1.2662662662662663	9.03992850331454e-5	9.063373026157e-5
-1.2562562562562563	8.978087609609568e-5	9.000936301329188e-5
-1.2462462462462462	8.917282850727325e-5	8.93955391629894e-5
-1.2362362362362362	8.857494899234981e-5	8.879205917576166e-5
-1.2262262262262262	8.798704923453553e-5	8.819872872150214e-5
-1.2162162162162162	8.740894572349667e-5	8.761535850826635e-5
-1.2062062062062062	8.68404596200223e-5	8.704176413551252e-5
-1.1961961961961962	8.628141661477767e-5	8.647776594854418e-5
-1.1861861861861862	8.573164679326442e-5	8.592318888794327e-5
-1.1761761761761762	8.51909845167846e-5	8.537786236567904e-5
-1.1661661661661662	8.46592682881711e-5	8.484162012554394e-5
-1.1561561561561562	8.413634063882407e-5	8.431430011674976e-5
-1.1461461461461462	8.36220480128742e-5	8.379574437300157e-5
-1.1361361361361362	8.311624065462659e-5	8.32857988917649e-5
-1.1261261261261262	8.261877250234984e-5	8.278431352589139e-5
-1.1161161161161162	8.212950108184394e-5	8.229114186411582e-5
-1.1061061061061062	8.164828741245186e-5	8.180614113368348e-5
-1.0960960960960962	8.117499590129405e-5	8.13291720918305e-5
-1.0860860860860861	8.070949425602841e-5	8.086009892686801e-5
-1.0760760760760761	8.025165339052964e-5	8.039878916598663e-5
-1.0660660660660661	7.980134734306053e-5	7.99451135772678e-5
-1.0560560560560561	7.935845318426635e-5	7.949894608716982e-5
-1.0460460460460461	7.892285093763946e-5	7.906016368118573e-5
-1.0360360360360361	7.849442350185839e-5	7.86286463359404e-5
-1.026026026026026	7.807305657550034e-5	7.82042769267466e-5
-1.016016016016016	7.765863857875801e-5	7.77869411554347e-5
-1.006006006006006	7.725106058261859e-5	7.737652746955477e-5
-0.995995995995996	7.6850216246086e-5	7.697292699475092e-5
-0.985985985985986	7.645600173178227e-5	7.657603345676704e-5
-0.975975975975976	7.6068315664306e-5	7.618574312224583e-5
-0.965965965965966	7.568705904693875e-5	7.580195472157437e-5
-0.955955955955956	7.531213521234398e-5	7.542456939746802e-5
-0.9459459459459459	7.494344975889898e-5	7.505349062841755e-5
-0.9359359359359359	7.458091049419272e-5	7.468862418036481e-5
-0.9259259259259259	7.422442737946522e-5	7.432987804202423e-5
-0.9159159159159159	7.387391247800192e-5	7.397716237067576e-5
-0.9059059059059059	7.352927989925576e-5	7.363038943723283e-5
-0.8958958958958959	7.319044574927744e-5	7.328947357289375e-5
-0.8858858858858859	7.28573280872182e-5	7.295433112011442e-5
-0.8758758758758759	7.252984686691486e-5	7.262488037892333e-5
-0.8658658658658659	7.220792390572902e-5	7.230104156221181e-5
-0.8558558558558559	7.189148282677295e-5	7.198273674707534e-5
-0.8458458458458459	7.158044902011455e-5	7.16698898326242e-5
-0.8358358358358359	7.127474960625132e-5	7.136242649300524e-5
-0.8258258258258259	7.097431338473386e-5	7.106027413762757e-5
-0.8158158158158159	7.067907080964856e-5	7.076336186487941e-5
-0.8058058058058059	7.038895393521536e-5	7.047162042991726e-5
-0.7957957957957958	7.010389639075243e-5	7.018498220354464e-5
-0.7857857857857858	6.982383333944275e-5	6.990338112762311e-5
-0.7757757757757757	6.954870144515986e-5	6.96267526916809e-5
-0.7657657657657657	6.927843883640523e-5	6.93550338856649e-5
-0.7557557557557557	6.901298507988997e-5	6.90881631736881e-5
-0.7457457457457457	6.875228113879576e-5	6.882608045645674e-5
-0.7357357357357357	6.849626935055509e-5	6.856872704149835e-5
-0.7257257257257257	6.824489339419631e-5	6.831604561345858e-5
-0.7157157157157157	6.79980982586785e-5	6.806798019829053e-5
-0.7057057057057057	6.775583021970244e-5	6.782447614048932e-5
-0.6956956956956957	6.75180368085694e-5	6.758548007082569e-5
-0.6856856856856857	6.728466678416682e-5	6.735093987868151e-5
-0.6756756756756757	6.705567011650516e-5	6.712080469065381e-5
-0.6656656656656657	6.683099794836312e-5	6.689502483318362e-5
-0.6556556556556556	6.661060258240063e-5	6.667355182150055e-5
-0.6456456456456456	6.639443744916511e-5	6.645633832724991e-5
-0.6356356356356356	6.618245709408167e-5	6.624333815022738e-5
-0.6256256256256256	6.597461714235584e-5	6.603450621125642e-5
-0.6156156156156156	6.577087429111007e-5	6.582979850899797e-5
-0.6056056056056056	6.557118627825259e-5	6.562917211893012e-5
-0.5955955955955956	6.537551186744818e-5	6.543258515582334e-5
-0.5855855855855856	6.518381082685371e-5	6.523999676470905e-5
-0.5755755755755756	6.499604391133205e-5	6.50513670938188e-5
-0.5655655655655656	6.48121728409408e-5	6.486665728187098e-5
-0.5555555555555556	6.463216028789976e-5	6.468582943168808e-5
-0.5455455455455456	6.445596985483303e-5	6.450884660167409e-5
-0.5355355355355356	6.428356605809469e-5	6.433567277946311e-5
-0.5255255255255256	6.411491431672265e-5	6.41662728696776e-5
-0.5155155155155156	6.394998093062958e-5	6.40006126814249e-5
-0.5055055055055055	6.378873306659307e-5	6.383865889906977e-5
-0.4954954954954955	6.36311387467877e-5	6.368037908583812e-5
-0.4854854854854855	6.347716682807543e-5	6.352574164954737e-5
-0.4754754754754755	6.332678699547192e-5	6.337471584497459e-5
-0.46546546546546547	6.317996974121582e-5	6.32272717468158e-5
-0.45545545545545546	6.303668635791744e-5	6.308338024481275e-5
-0.44544544544544545	6.289690892314046e-5	6.294301302492506e-5
-0.43543543543543545	6.276061028442331e-5	6.280614256225643e-5
-0.42542542542542544	6.26277640520022e-5	6.267274210084052e-5
-0.41541541541541543	6.249834458693316e-5	6.254278565106852e-5
-0.40540540540540543	6.237232698439432e-5	6.24162479719596e-5
-0.3953953953953954	6.224968706950901e-5	6.229310456068953e-5
-0.38538538538538536	6.213040138281701e-5	6.217333164452852e-5
-0.37537537537537535	6.20144471729894e-5	6.205690616659248e-5
-0.36536536536536535	6.190180238529439e-5	6.194380578002528e-5
-0.35535535535535534	6.179244564932471e-5	6.18340088353442e-5
-0.34534534534534533	6.168635627745828e-5	6.172749437240778e-5
-0.3353353353353353	6.158351424929054e-5	6.162424210958865e-5
-0.3253253253253253	6.148390020786891e-5	6.152423243581989e-5
-0.3153153153153153	6.138749544569788e-5	6.142744640721787e-5
-0.3053053053053053	6.129428190241665e-5	6.133386572904835e-5
-0.2952952952952953	6.120424215441871e-5	6.124347275655441e-5
-0.2852852852852853	6.11173594104853e-5	6.115625048276708e-5
-0.2752752752752753	6.103361750080258e-5	6.10721825362728e-5
-0.2652652652652653	6.095300087260159e-5	6.0991253165277376e-5
-0.2552552552552553	6.087549458517599e-5	6.091344724297937e-5
-0.24524524524524524	6.080108429710887e-5	6.08387502492105e-5
-0.23523523523523523	6.0729756269953665e-5	6.076714827428828e-5
-0.22522522522522523	6.0661497354913995e-5	6.0698628007197725e-5
-0.21521521521521522	6.0596294992430786e-5	6.063317673165182e-5
-0.20520520520520522	6.053413720120399e-5	6.0570782322019575e-5
-0.19519519519519518	6.04750125845174e-5	6.051143323592876e-5
-0.18518518518518517	6.041891030777543e-5	6.045511851412544e-5
-0.17517517517517517	6.03658201141081e-5	6.0401827767032294e-5
-0.16516516516516516	6.031573230341106e-5	6.0351551183810465e-5
-0.15515515515515516	6.026863773912242e-5	6.0304279512970085e-5
-0.14514514514514515	6.0224527842011315e-5	6.026000407124894e-5
-0.13513513513513514	6.018339458332155e-5	6.021871673463095e-5
-0.12512512512512514	6.0145230483836946e-5	6.0180409932959854e-5
-0.11511511511511512	6.0110028610254735e-5	6.014507665322092e-5
-0.10510510510510511	6.007778257889905e-5	6.0112710430833475e-5
-0.09509509509509509	6.0048486539174894e-5	6.0083305346666457e-5
-0.08508508508508508	6.002213518491395e-5	6.0056856032298976e-5
-0.07507507507507508	5.999872374478049e-5	6.003335765814234e-5
-0.06506506506506507	5.997824798164958e-5	6.001280593853258e-5
-0.055055055055055056	5.9960704194253164e-5	5.999519712679984e-5
-0.04504504504504504	5.994608920903625e-5	5.998052801221853e-5
-0.035035035035035036	5.993440038820336e-5	5.996879592463474e-5
-0.025025025025025027	5.992563561899531e-5	5.995999872701411e-5
-0.015015015015015015	5.9919793318258463e-5	5.995413481920264e-5
-0.005005005005005005	5.99168724321683e-5	5.995120313121731e-5
0.005005005005005005	5.991687243194615e-5	5.995120313077015e-5
0.015015015015015015	5.9919793317703033e-5	5.995413481908253e-5
0.025025025025025027	5.9925635618439826e-5	5.995999872755412e-5
0.035035035035035036	5.993440038831364e-5	5.996879592594597e-5
0.04504504504504504	5.99460892090356e-5	5.9980528012635376e-5
0.055055055055055056	5.9960704194030394e-5	5.999519712632295e-5
0.06506506506506507	5.997824798087144e-5	6.001280593860446e-5
0.07507507507507508	5.999872374400286e-5	6.00333576595395e-5
0.08508508508508508	6.00221351849117e-5	6.005685603357857e-5
0.09509509509509509	6.0048486539506226e-5	6.008330534893721e-5
0.10510510510510511	6.007778257867562e-5	6.0112710431991586e-5
0.11511511511511512	6.0110028610808586e-5	6.014507665570222e-5
0.12512512512512514	6.0145230483169355e-5	6.0180409935546794e-5
0.13513513513513514	6.01833945837601e-5	6.021871673620931e-5
0.14514514514514515	6.022452784367086e-5	6.026000407215587e-5
0.15515515515515516	6.0268637740450204e-5	6.030427951564352e-5
0.16516516516516516	6.031573230362933e-5	6.035155118548163e-5
0.17517517517517517	6.03658201137726e-5	6.04018277695855e-5
0.18518518518518517	6.0418910308548975e-5	6.0455118516779645e-5
0.19519519519519518	6.047501258418472e-5	6.051143323890891e-5
0.20520520520520522	6.053413720175379e-5	6.0570782324001e-5
0.21521521521521522	6.059629499309096e-5	6.063317673439417e-5
0.22522522522522523	6.066149735490566e-5	6.069862801070932e-5
0.23523523523523523	6.072975626972824e-5	6.076714827845606e-5
0.24524524524524524	6.080108429699444e-5	6.083875025326693e-5
0.2552552552552553	6.087549458451087e-5	6.091344724657647e-5
0.2652652652652653	6.095300087348161e-5	6.099125317053028e-5
0.2752752752752753	6.1033617501574474e-5	6.107218254030144e-5
0.2852852852852853	6.111735941113953e-5	6.115625048844468e-5
0.2952952952952953	6.120424215463989e-5	6.124347276178065e-5
0.3053053053053053	6.129428190241267e-5	6.133386573392916e-5
0.3153153153153153	6.138749544502801e-5	6.142744641218904e-5
0.3253253253253253	6.148390020763728e-5	6.152423244222473e-5
0.3353353353353353	6.15835142505117e-5	6.162424211454115e-5
0.34534534534534533	6.168635627745698e-5	6.172749437802146e-5
0.35535535535535534	6.179244564942369e-5	6.183400884194073e-5
0.36536536536536535	6.190180238540465e-5	6.194380578617215e-5
0.37537537537537535	6.201444717332552e-5	6.205690617338347e-5
0.38538538538538536	6.213040138236894e-5	6.217333165042667e-5
0.3953953953953954	6.224968706872575e-5	6.229310456756158e-5
0.40540540540540543	6.237232698383055e-5	6.24162479789424e-5
0.41541541541541543	6.2498344586814e-5	6.254278565868833e-5
0.42542542542542544	6.262776405210061e-5	6.267274210954726e-5
0.43543543543543545	6.276061028397897e-5	6.280614257029542e-5
0.44544544544544545	6.289690892279372e-5	6.294301303383581e-5
0.45545545545545546	6.30366863580264e-5	6.30833802534671e-5
0.46546546546546547	6.317996974128711e-5	6.322727175713216e-5
0.4754754754754755	6.332678699600115e-5	6.337471585526898e-5
0.4854854854854855	6.347716682860982e-5	6.352574166148254e-5
0.4954954954954955	6.363113874666782e-5	6.368037909520172e-5
0.5055055055055055	6.37887330670167e-5	6.383865890996327e-5
0.5155155155155156	6.394998093083471e-5	6.400061269118183e-5
0.5255255255255256	6.411491431727313e-5	6.41662728816419e-5
0.5355355355355356	6.42835660578645e-5	6.433567279074083e-5
0.5455455455455456	6.4455969854363e-5	6.450884661447175e-5
0.5555555555555556	6.463216028721558e-5	6.46858294458787e-5
0.5655655655655656	6.481217284147295e-5	6.486665729572158e-5
0.5755755755755756	6.499604391052664e-5	6.505136710941314e-5
0.5855855855855856	6.518381082694175e-5	6.523999677960881e-5
0.5955955955955956	6.537551186739668e-5	6.543258517203734e-5
0.6056056056056056	6.557118627824532e-5	6.562917213465609e-5
0.6156156156156156	6.577087429108903e-5	6.58297985256741e-5
0.6256256256256256	6.597461714265544e-5	6.603450622892889e-5
0.6356356356356356	6.618245709373643e-5	6.624333816883406e-5
0.6456456456456456	6.63944374496822e-5	6.64563383453844e-5
0.6556556556556556	6.661060258246982e-5	6.667355184138365e-5
0.6656656656656657	6.68309979479975e-5	6.68950248534806e-5
0.6756756756756757	6.705567011680366e-5	6.712080471119519e-5
0.6856856856856857	6.728466678511947e-5	6.735093990131923e-5
0.6956956956956957	6.751803680762944e-5	6.758548009449348e-5
0.7057057057057057	6.775583022034724e-5	6.782447616401908e-5
0.7157157157157157	6.799809825874334e-5	6.806798022302589e-5
0.7257257257257257	6.824489339415619e-5	6.831604563864003e-5
0.7357357357357357	6.849626935141253e-5	6.856872706841442e-5
0.7457457457457457	6.87522811391113e-5	6.882608048408909e-5
0.7557557557557557	6.901298508060732e-5	6.908816320228352e-5
0.7657657657657657	6.92784388372449e-5	6.935503391549251e-5
0.7757757757757757	6.954870144575817e-5	6.962675272322777e-5
0.7857857857857858	6.982383333924021e-5	6.990338116042294e-5
0.7957957957957958	7.010389639134119e-5	7.018498223705057e-5
0.8058058058058059	7.038895393439673e-5	7.047162046566833e-5
0.8158158158158159	7.067907080972837e-5	7.076336190133265e-5
0.8258258258258259	7.097431338443287e-5	7.106027417497796e-5
0.8358358358358359	7.127474960596441e-5	7.136242653225724e-5
0.8458458458458459	7.158044901917383e-5	7.166988987336298e-5
0.8558558558558559	7.189148282626225e-5	7.198273679101255e-5
0.8658658658658659	7.220792390629284e-5	7.230104160579837e-5
0.8758758758758759	7.25298468676925e-5	7.262488042471079e-5
0.8858858858858859	7.285732808683935e-5	7.295433116896476e-5
0.8958958958958959	7.319044574942969e-5	7.328947362324584e-5
0.9059059059059059	7.352927989959297e-5	7.363038949049733e-5
0.9159159159159159	7.387391247802557e-5	7.397716242507855e-5
0.9259259259259259	7.422442738055449e-5	7.432987809863768e-5
0.9359359359359359	7.458091049500333e-5	7.46886242401923e-5
0.9459459459459459	7.494344975925377e-5	7.505349069124659e-5
0.955955955955956	7.531213521261614e-5	7.542456946189684e-5
0.965965965965966	7.568705904695826e-5	7.58019547896002e-5
0.975975975975976	7.606831566472582e-5	7.61857431933979e-5
0.985985985985986	7.645600173275031e-5	7.657603352968826e-5
0.995995995995996	7.685021624617664e-5	7.69729270701929e-5
1.006006006006006	7.7251060584641e-5	7.737652754924588e-5
1.016016016016016	7.765863858005741e-5	7.778694123939795e-5
1.026026026026026	7.8073056575915e-5	7.820427701485187e-5
1.0360360360360361	7.849442350145244e-5	7.862864642671173e-5
1.0460460460460461	7.89228509370765e-5	7.906016377561725e-5
1.0560560560560561	7.935845318464455e-5	7.949894618653444e-5
1.0660660660660661	7.980134734386289e-5	7.994511368122984e-5
1.0760760760760761	8.025165339169416e-5	8.039878927543999e-5
1.0860860860860861	8.070949425656188e-5	8.086009904001799e-5
1.0960960960960962	8.117499590188782e-5	8.132917221011529e-5
1.1061061061061062	8.164828741373783e-5	8.18061412570142e-5
1.1161161161161162	8.212950108441936e-5	8.229114199388426e-5
1.1261261261261262	8.261877250337689e-5	8.278431366095425e-5
1.1361361361361362	8.311624065472244e-5	8.32857990334906e-5
1.1461461461461462	8.362204801326629e-5	8.379574452095726e-5
1.1561561561561562	8.413634063894595e-5	8.431430027125943e-5
1.1661661661661662	8.465926828967002e-5	8.484162028797078e-5
1.1761761761761762	8.519098451785243e-5	8.53778625345627e-5
1.1861861861861862	8.57316467947998e-5	8.592318906480312e-5
1.1961961961961962	8.628141661508257e-5	8.647776613210637e-5
1.2062062062062062	8.684045962143103e-5	8.70417643294715e-5
1.2162162162162162	8.740894572442225e-5	8.761535871197932e-5
1.2262262262262262	8.798704923534702e-5	8.819872893431207e-5
1.2362362362362362	8.857494899386568e-5	8.879205939737055e-5
1.2462462462462462	8.917282850807608e-5	8.939553939625465e-5
1.2562562562562563	8.978087609625919e-5	9.000936325782448e-5
1.2662662662662663	9.039928503427307e-5	9.063373051726322e-5
1.2762762762762763	9.102825370940073e-5	9.12688460718379e-5
1.2862862862862863	9.166798577658155e-5	9.191492035392781e-5
1.2962962962962963	9.231869032685131e-5	9.25721695012554e-5
1.3063063063063063	9.298058205437615e-5	9.324081555480226e-5
1.3163163163163163	9.365388143376097e-5	9.392108663135846e-5
1.3263263263263263	9.433881490739324e-5	9.461321713692955e-5
1.3363363363363363	9.503561507187672e-5	9.53174479578185e-5
1.3463463463463463	9.574452087997524e-5	9.603402668517685e-5
1.3563563563563563	9.64657778411092e-5	9.676320783422228e-5
1.3663663663663663	9.719963823971032e-5	9.7505253070133e-5
1.3763763763763763	9.794636135704373e-5	9.826043145196915e-5
1.3863863863863863	9.870621369694104e-5	9.902901968416481e-5
1.3963963963963963	9.947946922684312e-5	9.981130236836881e-5
1.4064064064064064	0.00010026640963347007	0.00010060757227881671
1.4164164164164164	0.00010106732456993953	0.00010141813064429677
1.4264264264264264	0.00010188251193284876	0.0001022432874331559
1.4364364364364364	0.00010271227814432418	0.00010308336166894981
1.4464464464464464	0.00010355693843582723	0.00010393868173628706
1.4564564564564564	0.00010441681715219796	0.00010480958571697935
1.4664664664664664	0.000105292248073929	0.00010569642173463559
1.4764764764764764	0.00010618357473658905	0.00010659954830734067
1.4864864864864864	0.00010709115078000592	0.0001075193347294319
1.4964964964964964	0.00010801534029867628	0.00010845616145314223
1.5065065065065064	0.00010895651821655602	0.00010941042050200687
1.5165165165165164	0.00010991507067034462	0.00011038251589034772
1.5265265265265264	0.00011089139541580972	0.00011137286406732556
1.5365365365365364	0.00011188590224375419	0.00011238189437698589
1.5465465465465464	0.0001128990134211407	0.00011341004954502982
1.5565565565565564	0.00011393116414558923	0.00011445778617554009
1.5665665665665667	0.0001149828030232111	0.00011552557528477615
1.5765765765765767	0.00011605439256461211	0.0001166139028452842
1.5865865865865867	0.00011714640970862763	0.0001177232703587126
1.5965965965965967	0.0001182593463533372	0.00011885419546473566
1.6066066066066067	0.00011939370993645756	0.00012000721256220951
1.6166166166166167	0.00012055002401549228	0.00012118287346939759
1.6266266266266267	0.00012172882889100298	0.00012238174811108227
1.6366366366366367	0.0001229306822551765	0.00012360442523652777
1.6466466466466467	0.0001241561598553239	0.00012485151317833656
1.6566566566566567	0.0001254058562166555	0.00012612364064052938
1.6666666666666667	0.00012668038537119828	0.0001274214575220262
1.6766766766766767	0.0001279803816320635	0.00012874563578549135
1.6866866866866868	0.00012930650040666764	0.0001300968703704726
1.6966966966966968	0.000130659419041215	0.0001314758801488766
1.7067067067067068	0.00013203983771336756	0.00013288340890999905
1.7167167167167168	0.00013344848035502695	0.0001343202264351441
1.7267267267267268	0.00013488609563787142	0.00013578712957316319
1.7367367367367368	0.0001363534579877346	0.00013728494342458078
1.7467467467467468	0.0001378513686610644	0.00013881452253449624
1.7567567567567568	0.00013938065687028187	0.000140376752191006
1.7667667667667668	0.00014094218096408765	0.00014197254975513744
1.7767767767767768	0.00014253682966751163	0.00014360286608010786
1.7867867867867868	0.00014416552338536714	0.0001452686870011887
1.7967967967967968	0.00014582921556717751	0.00014697103489455662
1.8068068068068068	0.0001475288941467421	0.00014871097033626468
1.8168168168168168	0.0001492655830573282	0.000150489593824442
1.8268268268268268	0.00015104034381796126	0.0001523080476246613
1.8368368368368369	0.0001528542772028564	0.00015416751768860062
1.8468468468468469	0.00015470852501275997	0.0001560692356914025
1.8568568568568569	0.00015660427191432896	0.00015801448118108355
1.8668668668668669	0.0001585427474038256	0.00016000458384383826
1.8768768768768769	0.00016052522786539264	0.00016204092588988837
1.8868868868868869	0.00016255303872697428	0.00016412494459653183
1.896896896896897	0.00016462755676188148	0.00016625813496280815
1.906906906906907	0.00016675021249689816	0.00016844205254979572
1.916916916916917	0.00016892249275468103	0.00017067831645884414
1.926926926926927	0.00017114594335225524	0.00017296861250032077
1.936936936936937	0.0001734221719313459	0.00017531469654147932
1.946946946946947	0.00017575285097167463	0.00017771839806092314
1.956956956956957	0.00017813972095256556	0.00018018162389883083
1.966966966966967	0.00018058459372502874	0.00018270636225593625
1.976976976976977	0.00018308935605162275	0.00018529468692049368
1.986986986986987	0.00018565597337770947	0.00018794876176137854
1.996996996996997	0.0001882864938119187	0.00019067084550078726
2.007007007007007	0.00019098305234480358	0.0001934632967827824
2.017017017017017	0.00019374787533763059	0.0001963285795613568
2.027027027027027	0.00019658328526053537	0.00019926926884457466
2.037037037037037	0.0001994917057368368	0.00020228805678932155
2.047047047047047	0.00020247566690105825	0.00020538775920839417
2.057057057057057	0.00020553781107481863	0.00020857132248874814
2.067067067067067	0.000208680898820909	0.0002118418309926039
2.0770770770770772	0.00021190781537109955	0.00021520251492860695
2.0870870870870872	0.00021522157746009553	0.00021865675876515302
2.0970970970970972	0.00021862534062582376	0.0002222081102270987
2.1071071071071072	0.00022212240694987413	0.00022586028989449394
2.1171171171171173	0.00022571623335245684	0.00022961720147820865
2.1271271271271273	0.0002294104403996706	0.0002334829428293204
2.1371371371371373	0.0002332088217248631	0.00023746181770951716
2.1471471471471473	0.00023711535409920564	0.00024155834842353095
2.1571571571571573	0.00024113420815427357	0.0002457772893537442
2.1671671671671673	0.0002452697599006806	0.00025012364150493044
2.1771771771771773	0.0002495266030012513	0.0002546026681120474
2.1871871871871873	0.0002539095619484199	0.00025921991142012816
2.1971971971971973	0.00025842370616287555	0.00026398121074514133
2.2072072072072073	0.00026307436512052536	0.0002688927218989069
2.2172172172172173	0.0002678671445715256	0.00027396093813842216
2.2272272272272273	0.00027280794396571475	0.0002791927127379348
2.2372372372372373	0.0002779029751603537	0.00028459528336164145
2.2472472472472473	0.00028315878255301993	0.00029017629838331226
2.2572572572572573	0.0002885822647312762	0.0002959438453431922
2.2672672672672673	0.0002941806978005744	0.00030190648172320403
2.2772772772772774	0.000299961760513468	0.00030807326830677075
2.2872872872872874	0.0003059335613809053	0.00031445380530658424
2.2972972972972974	0.00031210466794854777	0.0003210582715947508
2.3073073073073074	0.0003184841384181901	0.0003278974672870891
2.3173173173173174	0.0003250815558327626	0.0003349828600491684
2.3273273273273274	0.00033190706511525964	0.00034232663549354787
2.3373373373373374	0.00033897141314304184	0.0003499417520809332
2.3473473473473474	0.0003462859922543487	0.00035784200098402626
2.3573573573573574	0.0003538628874219425	0.00036604207146506473
2.3673673673673674	0.00036171492754655656	0.0003745576223181044
2.3773773773773774	0.00036985574120422255	0.00038340536005357796
2.3873873873873874	0.0003782998173663547	0.00039260312456373096
2.3973973973973974	0.00038706257154395347	0.00040216998304950233
2.4074074074074074	0.00039616041797713446	0.000412126333241798
2.4174174174174174	0.00040561084843435705	0.0004224940168537285
2.4274274274274275	0.00041543251842091495	0.00043329644453841504
2.4374374374374375	0.00042564534150155847	0.0004445587336544802
2.4474474474474475	0.0004362705927094001	0.0004563078603904336
2.4574574574574575	0.00044733102197979643	0.00046857282796519564
2.4674674674674675	0.0004588509788089284	0.0004813848528978546
2.4774774774774775	0.00047085654935980495	0.000494777571571525
2.4874874874874875	0.0004833757074961099	0.0005087872697129355
2.4974974974974975	0.0004964384813960463	0.000523453137645495
2.5075075075075075	0.0005100771375345949	0.0005388175548313146
2.5175175175175175	0.0005243263842581592	0.000554926407432788
2.5275275275275275	0.000539223597251422	0.0005718294434865036
2.5375375375375375	0.0005548090697125109	0.0005895806707978796
2.5475475475475475	0.0005711262903322312	0.0006082388035884394
2.5575575575575575	0.0005882222527072077	0.000627867764772291
2.5675675675675675	0.0006061478002736551	0.0006485372520030048
2.5775775775775776	0.0006249580115320618	0.000670323376854088
2.5875875875875876	0.000644712631020094	0.0006933093882375307
2.5975975975975976	0.0006654765523538216	0.0007175864928485634
2.6076076076076076	0.000687320360644861	0.0007432547879221368
2.6176176176176176	0.0007103209428146512	0.0007704243242097248
2.6276276276276276	0.0007345621756474468	0.0007992163203533463
2.6376376376376376	0.0007601357031369582	0.0008297645537834338
2.6476476476476476	0.000787141816658948	0.0008622169582095093
2.6576576576576576	0.0008156904537077467	0.0008967374634386323
2.6676676676676676	0.0008459023339671464	0.0009335081204961463
2.6776776776776776	0.0008779102545259473	0.0009727315637855018
2.6876876876876876	0.0009118605704745374	0.0010146338728027002
2.6976976976976976	0.000947914891620571	0.0010594679092395226
2.7077077077077076	0.000986252032292269	0.0011075172219678364
2.7177177177177176	0.0010270702582498203	0.0011591006331338398
2.7277277277277276	0.0010705898836138894	0.0012145776445147793
2.7377377377377377	0.0011170562815416161	0.001274354836372665
2.7477477477477477	0.0011667433857048685	0.0013388934724811827
2.7577577577577577	0.0012199577762984398	0.0014087185785190445
2.7677677677677677	0.0012770434646596845	0.0014844298292712096
2.7777777777777777	0.0013383875165646447	0.0015667146685911996
2.7877877877877877	0.0014044266864788838	0.0016563642012169502
2.7977977977977977	0.0014756552758474666	0.0017542925466036087
2.8078078078078077	0.0015526344806912951	0.0018615605442778439
2.8178178178178177	0.0016360035598692532	0.001979404966013763
2.8278278278278277	0.0017264932409373312	0.002109274746840271
2.8378378378378377	0.001824941891057862	0.0022528762307627553
2.8478478478478477	0.001932315124383099	0.002412230088617022
2.8578578578578577	0.0020497297067246876	0.002589743480860209
2.8678678678678677	0.0021784828684181896	0.002788302316756767
2.8778778778778777	0.0023200884704746875	0.003011390270424066
2.8878878878878878	0.0024763219181629754	0.003263243804074731
2.8978978978978978	0.0026492763263104876	0.0035490562088956214
2.9079079079079078	0.0028414332770096613	0.0038752492112244046
2.9179179179179178	0.0030557526690031937	0.004249838978161039
2.9279279279279278	0.003295787781191087	0.004682935968779235
2.937937937937938	0.0035658339732546254	0.005187437638539031
2.947947947947948	0.003871122749423886	0.005780003967666506
2.957957957957958	0.004218077718674321	0.006482455912864027
2.967967967967968	0.00461465608596472	0.007323820078325114
2.977977977977978	0.005070809968382641	0.008343384847570811
2.987987987987988	0.0055991181113935	0.00959538298732855
2.997997997997998	0.006215663926304701	0.011156370776877913
3.008008008008008	0.006941276056620424	0.013137236083885204
3.018018018018018	0.00780331320154955	0.01570347765055119
3.028028028028028	0.008838284216859865	0.019110970139686077
3.038038038038038	0.010095782034927874	0.02377236545569916
3.048048048048048	0.011644542002805366	0.03038824932360049
3.058058058058058	0.013582044533814081	0.040226727221359095
3.068068068068068	0.016050246123259875	0.055779750642909395
3.078078078078078	0.019262352778403893	0.08251146619319505
3.088088088088088	0.02355047152221985	0.13440261029496522
3.098098098098098	0.02945505193379834	0.2567525594957905
3.108108108108108	0.037903921150554166	0.6726346719656068
3.118118118118118	0.05060033518078748	4.573066243918248
3.1281281281281283	0.07095367229671322	10.845624405538404
3.1381381381381384	0.10663121567219021	0.9030060981930135
3.1481481481481484	0.17799183078563333	0.3064705780203095
3.1581581581581584	0.3551220340393004	0.15253491350909346
3.1681681681681684	1.0281171035823804	0.09106269337358207
3.1781781781781784	11.189733650823605	0.060485076005270866
3.1881881881881884	6.003771890617845	0.0431001296218878
3.1981981981981984	0.8304358892044943	0.032282285994886965
3.2082082082082084	0.31234087412123246	0.025097669120363025
3.2182182182182184	0.16239884654722256	0.02008501071315742
3.2282282282282284	0.099300118281859	0.016450138642243116
3.2382382382382384	0.06694558190634263	0.013731298267786404
3.2482482482482484	0.04818000337115071	0.011645160733218684
3.2582582582582584	0.036336623384813305	0.010010059044818826
3.2682682682682684	0.028386903056551158	0.008705163276006086
3.2782782782782784	0.022794089230597413	0.007647576726421717
3.2882882882882885	0.018711040759360684	0.00677889542294278
3.2982982982982985	0.01563965145766891	0.006057012528719617
3.3083083083083085	0.013271496117592737	0.005450952592993616
3.3183183183183185	0.011407321377823203	0.004937520010019325
3.3283283283283285	0.009913756061959248	0.004499068454918087
3.3383383383383385	0.008698800459044946	0.004121982434940942
3.3483483483483485	0.007697330328679059	0.0037956225233167925
3.3583583583583585	0.006862198246177728	0.0035115792602781674
3.3683683683683685	0.006158591900124569	0.0032631366634664196
3.3783783783783785	0.0055603549523237945	0.0030448806721957615
3.3883883883883885	0.005047527300156325	0.002852409466619789
3.3983983983983985	0.0046046638088839955	0.0026821164805092704
3.4084084084084085	0.004219662166877959	0.0025310260069597943
3.4184184184184185	0.003882930998014684	0.002396667343185421
3.4284284284284285	0.0035867898590784967	0.0022769775120189692
3.4384384384384385	0.0033250300902385108	0.0021702254082818567
3.4484484484484486	0.0030925890594381412	0.0020749521747822634
3.4584584584584586	0.002885305532983611	0.0019899239933790593
3.4684684684684686	0.0026997338786163096	0.0019140944616477217
3.4784784784784786	0.002533001470144217	0.0018465744373569208
3.4884884884884886	0.0023826981842368384	0.0017866077520676627
3.4984984984984986	0.002246789993582695	0.0017335515781033372
3.5085085085085086	0.0021235508340460433	0.001686860518102967
3.5185185185185186	0.0020115084596314167	0.0016460737009842484
3.5285285285285286	0.0019094010979860056	0.0016108043310066947
3.5385385385385386	0.0018161425134859174	0.001580731261809158
3.5485485485485486	0.0017307936654644054	0.0015555922647695086
3.5585585585585586	0.0016525395771372561	0.0015351787376806365
3.5685685685685686	0.001580670349557181	0.0015193316614902255
3.5785785785785786	0.001514565493994928	0.0015079386636112576
3.5885885885885886	0.0014536809372242383	0.001500932088992713
3.5985985985985987	0.0013975381922580923	0.0014982880178381482
3.6086086086086087	0.0013457152928886417	0.0015000262032711178
3.6186186186186187	0.0012978391727349536	0.0015062109357983863
3.6286286286286287	0.0012535792328684729	0.0015169528750988224
3.6386386386386387	0.0012126418924244462	0.001532411926502177
3.6486486486486487	0.0011747659557862825	0.0015528012811221162
3.6586586586586587	0.0011397186611264828	0.0015783927868997054
3.6686686686686687	0.0011072923001072628	0.0016095238776004637
3.6786786786786787	0.0010773013181423485	0.0016466063605795802
3.6886886886886887	0.0010495798210022698	0.0016901374585111368
3.6986986986986987	0.0010239794261141838	0.0017407136223463737
3.7087087087087087	0.00100036740777825	0.0017990477930976605
3.7187187187187187	0.0009786250938943974	0.0018659910025868322
3.7287287287287287	0.0009586464788946283	0.0019425594896992399
3.7387387387387387	0.0009403370234474319	0.002029968896327062
3.7487487487487487	0.0009236126162852601	0.002129677640987674
3.7587587587587588	0.0009083986774121651	0.0022434423075669506
3.7687687687687688	0.0008946293855606487	0.002373388926986328
3.7787787787787788	0.00088224701526861	0.002522105507887571
3.7887887887887888	0.000871201371652356	0.0026927633034938272
3.798798798798799	0.0008614493127785416	0.002889277416521772
3.808808808808809	0.0008529543514906892	0.0031165219653542
3.818818818818819	0.0008456863299745713	0.0033806220073723694
3.828828828828829	0.000839621161760785	0.003689355123342551
3.838838838838839	0.000834740637136209	0.004052712337352634
3.848848848848849	0.0008310322890704573	0.004483694879874615
3.858858858858859	0.000828489317756547	0.004999467261538994
3.868868868868869	0.0008271105730062692	0.0056230610495615965
3.878878878878879	0.0008269005946587699	0.006385951730943001
3.888888888888889	0.0008278697122987267	0.007332060008127095
3.898898898898899	0.0008300342064895759	0.008524153871384854
3.908908908908909	0.0008334165350712576	0.010054450594639724
3.918918918918919	0.000838045629163088	0.012062889885607605
3.928928928928929	0.0008439572649802378	0.014770144866573215
3.938938938938939	0.0008511945191540749	0.01854070250799217
3.948948948948949	0.0008598083170041303	0.024011932240798457
3.958958958958959	0.0008698580854775277	0.03238166140305422
3.968968968968969	0.0008814125247037132	0.04612308346677742
3.978978978978979	0.0008945505154420449	0.07104312466048247
3.988988988988989	0.0009093621829011592	0.12358945000440498
3.998998998998999	0.0009259501419461586	0.26694680959710265
4.009009009009009	0.0009444309537988091	0.9494025793109553
4.019019019019019	0.0009649368307289866	48.60786639180695
4.029029029029029	0.0009876176330018828	1.5376106858812995
4.039039039039039	0.001012643212054318	0.3400963501037645
4.049049049049049	0.0010402061656766895	0.14526899425539905
4.059059059059059	0.0010705250860397612	0.08019357749364033
4.069069069069069	0.0011038483999220104	0.05080311030555111
4.079079079079079	0.0011404589241921098	0.03507829813026581
4.089089089089089	0.0011806792893896746	0.025693794054648455
4.099099099099099	0.0012248784223666152	0.01964782437136984
4.109109109109109	0.0012734793279940313	0.015525661325070373
4.119119119119119	0.001326968473043994	0.012589687937863888
4.129129129129129	0.0013859071577684312	0.010424700343891431
4.1391391391391394	0.0014509453685179966	0.008782472264459721
4.1491491491491495	0.0015228387471213293	0.007507205591396689
4.1591591591591595	0.0016024695024015024	0.006497108326272367
4.1691691691691695	0.001690872343713887	0.005683393077014629
4.1791791791791795	0.0017892668611450696	0.005018220977313191
4.1891891891891895	0.0018990982486364267	0.004467487363258382
4.1991991991991995	0.00202208891788555	0.004006348049256498
4.2092092092092095	0.0021603044611140745	0.0036163578593519327
4.2192192192192195	0.0023162387069530755	0.003283590016503524
4.2292292292292295	0.002492924454809501	0.0029973701414939655
4.2392392392392395	0.0026940791427622762	0.0027494055786059326
4.2492492492492495	0.0029242986335446686	0.0025331750109476507
4.2592592592592595	0.0031893181773783655	0.002343493089128719
4.2692692692692695	0.003496368543196061	0.002176194986880658
4.2792792792792795	0.003854669149362598	0.0020279045633194953
4.2892892892892895	0.004276121906497903	0.0018958617331292981
4.2992992992992995	0.004776304864636687	0.0017777923739455929
4.3093093093093096	0.005375923393656034	0.0016718092006560116
4.31931931931932	0.00610297650978376	0.0015763354603181047
4.32932932932933	0.0069960714100095875	0.0014900456353343652
4.33933933933934	0.008109638280322986	0.0014118189565637666
4.34934934934935	0.009522400628948453	0.0013407026589995436
4.35935935935936	0.0113516492286125	0.0012758827147568497
4.36936936936937	0.013778352300784096	0.0012166603542745908
4.37937937937938	0.017093634286873074	0.0011624331037443105
4.38938938938939	0.02179024424956408	0.001112679373196645
4.3993993993994	0.028756648269946023	0.0010669458557415452
4.40940940940941	0.03972999224640962	0.0010248371674437826
4.41941941941942	0.058493286677304114	0.0009860072843790545
4.42942942942943	0.09462987760497062	0.0009501524299535765
4.43943943943944	0.17869790217286322	0.000917005138989633
4.44944944944945	0.4565631026823032	0.000886329282072628
4.45945945945946	2.8088588872662275	0.0008579158773599271
4.46946946946947	10.380750989369929	0.0008315795513989665
4.47947947947948	0.7083688158475422	0.0008071555375532433
4.48948948948949	0.23255402832410016	0.0007844971214705421
4.4994994994995	0.11419344714769707	0.0007634734601926289
4.50950950950951	0.06767733685884199	0.0007439677149783179
4.51951951951952	0.044746721847999375	0.0007258754481904011
4.52952952952953	0.03178417882754402	0.0007091032440829364
4.53953953953954	0.0237497599005857	0.0006935675194717125
4.54954954954955	0.018428508367672902	0.0006791934967899567
4.55955955955956	0.014723232809920515	0.0006659143161194535
4.56956956956957	0.01204009482635488	0.0006536702670041712
4.57957957957958	0.010034940900131519	0.000642408123872758
4.58958958958959	0.008497154014780113	0.0006320805714996481
4.5995995995996	0.007291979519637488	0.0006226457092469738
4.60960960960961	0.006329950235540588	0.0006140666245290278
4.61961961961962	0.005549778569307625	0.0006063110277677684
4.62962962962963	0.004908339761185014	0.0005993509420385303
4.63963963963964	0.004374575757124154	0.0005931624420461614
4.64964964964965	0.003925659188598753	0.0005877254379836177
4.65965965965966	0.0035445081972906157	0.0005830235006423088
4.66966966966967	0.003218134591932715	0.0005790437249563591
4.67967967967968	0.002936520637326669	0.0005757766297812177
4.68968968968969	0.0026918396147813466	0.0005732160925909589
4.6996996996997	0.0024779049627289087	0.0005713593179220336
4.70970970970971	0.0022897744780635545	0.0005702068396351276
4.71971971971972	0.0021234616295899224	0.0005697625569644554
4.72972972972973	0.0019757220924517065	0.0005700338054072155
4.73973973973974	0.0018438939101657011	0.0005710314639437798
4.74974974974975	0.001725776422094627	0.0005727701008150838
4.75975975975976	0.0016195375723626038	0.0005752681606365081
4.76976976976977	0.0015236422438022945	0.0005785481967845886
4.77977977977978	0.0014367963380853331	0.000582637153557981
4.78978978978979	0.0013579027688824653	0.0005875667039715358
4.7997997997998	0.0012860265534327536	0.0005933736501946646
4.80980980980981	0.0012203669146638905	0.000600100394966891
4.81981981981982	0.0011602348298382905	0.000607795494490542
4.82982982982983	0.001105034843631548	0.0006165143048302133
4.83983983983984	0.0010542502445596551	0.0006263197369176694
4.84984984984985	0.0010074309122553317	0.0006372831379559183
4.85985985985986	0.0009641832996298695	0.0006494853209505136
4.86986986986987	0.0009241621318356517	0.0006630177684708275
4.87987987987988	0.0008870634939971283	0.0006779840426151492
4.88988988988989	0.0008526190484232181	0.0006945014399493112
4.8998998998999	0.0008205911753516595	0.0007127029387577376
4.90990990990991	0.0007907688725032634	0.0007327394971983088
4.91991991991992	0.0007629642811252515	0.0007547827738473888
4.92992992992993	0.0007370097315666769	0.0007790283601612686
4.93993993993994	0.0007127552215837221	0.0008056996356775942
4.94994994994995	0.0006900662565834972	0.0008350523848908899
4.95995995995996	0.0006688219936875196	0.000867380351033722
4.96996996996997	0.0006489136419944532	0.0009030219486314857
4.97997997997998	0.0006302430794319289	0.0009423684170909071
4.98998998998999	0.0006127216535821257	0.0009858737789492284
5.0	0.0005962691391294775	0.0010340670711876465
