-5.0	0.001077206952832685	0.015967246468773687
-4.98998998998999	0.0010774206261695896	0.015573329445483645
-4.97997997997998	0.0010781947831155709	0.015210086224202437
-4.96996996996997	0.0010795144574826583	0.014875266735318832
-4.95995995995996	0.0010813671340106248	0.014566844368276589
-4.94994994994995	0.0010837425921899773	0.014282993318341083
-4.93993993993994	0.0010866327745363885	0.014022068393523445
-4.92992992992993	0.0010900316769507994	0.013782587046100078
-4.91991991991992	0.0010939352589331402	0.013563213404637963
-4.90990990990991	0.0010983413721592841	0.013362744098381887
-4.8998998998999	0.0011032497057356643	0.013180095682957875
-4.88988988988989	0.00110866174735402	0.013014293494547668
-4.87987987987988	0.001114580759182524	0.012864461777095923
-4.86986986986987	0.001121011768042214	0.012729814943692736
-4.85985985985986	0.0011279615693900976	0.012609649848909497
-4.84984984984985	0.0011354387448049919	0.012503338963091611
-4.83983983983984	0.0011434536930778692	0.012410324352312005
-4.82982982982983	0.001152018674774282	0.012330112379713041
-4.81981981981982	0.0011611478708435838	0.012262269054036438
-4.80980980980981	0.0011708574556318111	0.012206415960899417
-4.7997997997998	0.0011811656848411535	0.01216222672039167
-4.78978978978979	0.0011920929995932576	0.012129423922368116
-4.77977977977978	0.0012036621473309516	0.012107776497282438
-4.76976976976977	0.0012158983211151932	0.012097097486580728
-4.75975975975976	0.0012288293186652837	0.012097242181885385
-4.74974974974975	0.0012424857230753342	0.01210810660744621
-4.73973973973974	0.001256901107301144	0.012129626324302971
-4.72972972972973	0.0012721122647629142	0.012161775539163614
-4.71971971971972	0.0012881594691110288	0.012204566504580362
-4.70970970970971	0.0013050867662927255	0.012258049200423506
-4.6996996996997	0.0013229423027815471	0.012322311290480985
-4.68968968968969	0.0013417786944063504	0.012397478350723579
-4.67967967967968	0.001361653440806985	0.012483714369404032
-4.66966966966967	0.0013826293914636655	0.01258122252208488
-4.65965965965966	0.0014047752700238577	0.012690246228034528
-4.64964964964965	0.0014281662649138526	0.012811070497585638
-4.63963963963964	0.0014528846953366403	0.012944023583656738
-4.62962962962963	0.0014790207633362668	0.013089478954091183
-4.61961961961962	0.0015066734044060764	0.013247857605639604
-4.60960960960961	0.0015359512510451524	0.013419630744228125
-4.5995995995996	0.00156697372647816	0.013605322861338849
-4.58958958958959	0.0015998722883295777	0.013805515240973159
-4.57957957957958	0.0016347918458583834	0.01402084993778689
-4.56956956956957	0.0016718923786359996	0.014252034273179816
-4.55955955955956	0.0017113507893886657	0.014499845903562233
-4.54954954954955	0.0017533630302378335	0.014765138523270771
-4.53953953953954	0.0017981465489510303	0.015048848273952867
-4.52952952952953	0.0018459431108618926	0.015352000943179518
-4.51951951951952	0.0018970220633479102	0.015675720047371156
-4.50950950950951	0.0019516841236071178	0.016021235908458605
-4.4994994994995	0.002010265786974674	0.016389895850233878
-4.48948948948949	0.0020731444742863605	0.016783175659618906
-4.47947947947948	0.0021407445624302616	0.017202692480139968
-4.46946946946947	0.0022135444749707607	0.01765021933105124
-4.45945945945946	0.002292085049977783	0.018127701475806328
-4.44944944944945	0.0023769794541383974	0.018637274898877277
-4.43943943943944	0.002468924976898769	0.01918128719168588
-4.42942942942943	0.002568717121956883	0.01976232119699734
-4.41941941941942	0.002677266520150497	0.020383221818964133
-4.40940940940941	0.0027956193258702987	0.021047126473504683
-4.3993993993994	0.0029249819391121558	0.021757499734211535
-4.38938938938939	0.0030667511304979717	0.022518172823931672
-4.37937937937938	0.0032225509577216	0.023333388715094886
-4.36936936936937	0.0033942782757040166	0.024207853736028958
-4.35935935935936	0.0035841591977696036	0.02514679674055742
-4.34934934934935	0.0037948196172636678	0.026156037089043054
-4.33933933933934	0.004029373926392748	0.027242062917445457
-4.32932932932933	0.004291537487030171	0.028412121444024312
-4.31931931931932	0.004585770388549391	0.029674323391389316
-4.3093093093093096	0.004917462820749838	0.031037763994199708
-4.2992992992992995	0.0052931763831794935	0.03251266353521865
-4.2892892892892895	0.005720961433441658	0.0341105309190837
-4.2792792792792795	0.006210779069482789	0.03584435447330964
-4.2692692692692695	0.006775069008782704	0.03772882498173739
-4.2592592592592595	0.007429523842329131	0.03978059693121451
-4.2492492492492495	0.0081941598226041	0.0420185951148667
-4.2392392392392395	0.009094821116860063	0.044464375113745534
-4.2292292292292295	0.010165329780753778	0.04714254779952602
-4.2192192192192195	0.011450617979760715	0.0500812798832973
-4.2092092092092095	0.013011389545843379	0.05331288468494028
-4.1991991991991995	0.014931225502878929	0.05687451968360659
-4.1891891891891895	0.017327711543010816	0.0608090099460635
-4.1791791791791795	0.0203704087103387	0.06516581902181162
-4.1691691691691695	0.024310921234313266	0.07000219097167877
-4.1591591591591595	0.029535317356499443	0.07538448818629523
-4.1491491491491495	0.03666005504576584	0.08138974838896826
-4.1391391391391394	0.04671797625863645	0.08810747873306053
-4.129129129129129	0.06154526030870144	0.09564169194341957
-4.119119119119119	0.08466027687188711	0.10411316372215103
-4.109109109109109	0.12349718169446584	0.11366184369633972
-4.099099099099099	0.1959988245540869	0.12444927080419729
-4.089089089089089	0.3546083515435205	0.13666070801035582
-4.079079079079079	0.8054580521034871	0.15050649085099874
-4.069069069069069	2.8289800649857053	0.16622173797535353
-4.059059059059059	7.175017367909455	0.18406304666689702
-4.049049049049049	1.7256535938733792	0.2043000367892796
-4.039039039039039	0.6056430822433859	0.22719858346517013
-4.029029029029029	0.3004042188868263	0.2529913599409166
-4.019019019019019	0.17906214837632967	0.28183020824519384
-4.009009009009009	0.1192127869475183	0.3137146706075192
-3.998998998998999	0.08541270915566603	0.3483933700171165
-3.988988988988989	0.06447695572074398	0.38524241234797457
-3.978978978978979	0.05061239433841203	0.4231404326733012
-3.968968968968969	0.04095404282213202	0.4603836229392522
-3.958958958958959	0.033954067111795806	0.494708313121137
-3.948948948948949	0.0287168481193349	0.523492609972492
-3.938938938938939	0.024694955820930203	0.5441641207624238
-3.928928928928929	0.021538446913746116	0.5547399145949578
-3.918918918918919	0.019015111599614255	0.5543145939054345
-3.908908908908909	0.016965919367362584	0.5432847631144332
-3.898898898898899	0.015278968398994565	0.5232065248860771
-3.888888888888889	0.013873649835950439	0.49636377381009983
-3.878878878878879	0.012690692537741407	0.46524587025201053
-3.868868868868869	0.011685718385380985	0.4321223046160135
-3.858858858858859	0.010824961044310128	0.3988027621003999
-3.848848848848849	0.010082355983111562	0.3665717523789462
-3.838838838838839	0.009437521617337543	0.3362374276092179
-3.828828828828829	0.008874332661454602	0.3082314966047054
-3.818818818818819	0.008379895052892964	0.282716547866203
-3.808808808808809	0.007943798195327569	0.259678575758982
-3.798798798798799	0.007557561921747695	0.23899760237564105
-3.7887887887887888	0.0072142222717809555	0.22049731802794417
-3.7787787787787788	0.00690801761677896	0.20397778229962238
-3.7687687687687688	0.006634148262475173	0.18923570198351153
-3.7587587587587588	0.006388590495972162	0.176076163779577
-3.7487487487487487	0.006167951419413691	0.16431877002960746
-3.7387387387387387	0.005969354653626576	0.15380026422655266
-3.7287287287287287	0.005790349629193244	0.14437505365271833
-3.7187187187187187	0.005628839062206535	0.1359145441345639
-3.7087087087087087	0.005483020566900424	0.1283058631762744
-3.6986986986986987	0.005351339345402433	0.12145032290141573
-3.6886886886886887	0.005232449621318917	0.11526182902395513
-3.6786786786786787	0.005125183024322271	0.1096653504638446
-3.6686686686686687	0.005028522536816887	0.10459550776767569
-3.6586586586586587	0.004941580920545177	0.09999530462075412
-3.6486486486486487	0.004863582772534493	0.09581500712263165
-3.6386386386386387	0.004793849539001818	0.09201116473107362
-3.6286286286286287	0.0047317869540996985	0.0885457613997834
-3.6186186186186187	0.004676874476551079	0.08538548325538182
-3.6086086086086087	0.004628656382476098	0.08250108881304195
-3.5985985985985987	0.00458673423786068	0.07986686838283562
-3.5885885885885886	0.0045507605270493365	0.07746018045802129
-3.5785785785785786	0.004520433255397798	0.07526105420855464
-3.5685685685685686	0.004495491377473964	0.073251848552914
-3.5585585585585586	0.004475710929555818	0.07141695956205328
-3.5485485485485486	0.004460901766856351	0.06974256911284818
-3.5385385385385386	0.004450904824042808	0.06821642874233136
-3.5285285285285286	0.0044455898323342465	0.06682767355475258
-3.5185185185185186	0.004444853438457085	0.0655666618116139
-3.5085085085085086	0.004448617681731179	0.064424836499447
-3.4984984984984986	0.004456828792903775	0.06339460573738458
-3.4884884884884886	0.004469456287499898	0.06246923936630395
-3.4784784784784786	0.0044864923312029036	0.061642779468441385
-3.4684684684684686	0.004507951361829837	0.060909962910130934
-3.4584584584584586	0.004533869956767942	0.0602661542904433
-3.4484484484484486	0.004564306939899945	0.05970728792468788
-3.4384384384384385	0.004599343726474718	0.05922981769906508
-3.4284284284284285	0.004639084908588474	0.05883067380846717
-3.4184184184184185	0.004683659088866914	0.058507225539342664
-3.4084084084084085	0.004733219973554509	0.05825724938580375
-3.3983983983983985	0.004787947742120924	0.05807890189508376
-3.3883883883883885	0.004848050714753461	0.0579706967314146
-3.3783783783783785	0.004913767345405301	0.05793148552567267
-3.3683683683683685	0.004985368574113166	0.05796044214616027
-3.3583583583583585	0.005063160580085285	0.058057050084556756
-3.3483483483483485	0.005147487984963222	0.05822109270132116
-3.3383383383383385	0.005238737566282587	0.05845264611841103
-3.3283283283283285	0.005337342551857132	0.058752074585460244
-3.3183183183183185	0.005443787580627086	0.059120028177830714
-3.3083083083083085	0.005558614431029031	0.059557442714190105
-3.2982982982982985	0.00568242863811864	0.06006554180514974
-3.2882882882882885	0.005815907144479285	0.060645840965753
-3.2782782782782784	0.005959807158268087	0.06130015374201861
-3.2682682682682684	0.006114976427164329	0.06203059981560417
-3.2582582582582584	0.006282365179563556	0.06283961506125614
-3.2482482482482484	0.006463040036800217	0.06372996353800883
-3.2382382382382384	0.006658200265319441	0.06470475139735403
-3.2282282282282284	0.006869196817511229	0.06576744268860121
-3.2182182182182184	0.007097554710732025	0.06692187703198917
-3.2082082082082084	0.007344999418607356	0.06817228911405591
-3.1981981981981984	0.007613488107139119	0.06952332993347968
-3.1881881881881884	0.007905246747285481	0.07098008968799172
-3.1781781781781784	0.00822281438990534	0.07254812214218102
-3.1681681681681684	0.00856909621433984	0.07423347024619109
-3.1581581581581584	0.008947427380331907	0.07604269268476624
-3.1481481481481484	0.009361650257394764	0.0779828909181037
-3.1381381381381384	0.009816208313316439	0.08006173612429518
-3.1281281281281283	0.01031626087811235	0.08228749526111533
-3.118118118118118	0.010867824234252746	0.08466905522254453
-3.108108108108108	0.011477946135951968	0.08721594376152057
-3.098098098098098	0.012154923085044457	0.08993834547551943
-3.088088088088088	0.012908572715482049	0.09284711068635536
-3.078078078078078	0.013750577791367102	0.09595375448143209
-3.068068068068068	0.014694924082985252	0.09927044249801634
-3.058058058058058	0.015758462461423164	0.10280995921248319
-3.048048048048048	0.016961637011524578	0.1065856535285952
-3.038038038038038	0.01832943742523652	0.11061135533046457
-3.028028028028028	0.019892657911787064	0.1149012553799118
-3.018018018018018	0.02168958028278957	0.1194697395048529
-3.008008008008008	0.02376825203780019	0.12433116648619928
-2.997997997997998	0.0261896114447701	0.12949957747496102
-2.987987987987988	0.02903183784395093	0.13498832328452479
-2.977977977977978	0.03239650572453999	0.1408095946953869
-2.967967967967968	0.036417446115683864	0.14697384026728375
-2.957957957957958	0.041273759056167036	0.15348905647199726
-2.947947947947948	0.04720934332899238	0.16035993677738306
-2.937937937937938	0.0545629322776674	0.16758687030917319
-2.9279279279279278	0.0638155752987735	0.17516478770980676
-2.9179179179179178	0.07566807427216295	0.18308186271305069
-2.9079079079079078	0.09117184796742502	0.19131809364011038
-2.8978978978978978	0.11195933156861097	0.19984381017137198
-2.8878878878878878	0.1406693471654505	0.20861817750759512
-2.8778778778778777	0.1817772405897682	0.2175878016276152
-2.8678678678678677	0.24332395026997053	0.22668557358258495
-2.8578578578578577	0.3408022972496947	0.23582992353736482
-2.8478478478478477	0.506678795933239	0.2449246802905725
-2.8378378378378377	0.815785165823316	0.2538597409428445
-2.8278278278278277	1.4540524483197332	0.2625127387509924
-2.8178178178178177	2.8136396593169004	0.27075184623784376
-2.8078078078078077	4.465218938543956	0.2784397601020902
-2.7977977977977977	3.47714947058632	0.2854387860750552
-2.7877877877877877	1.8527564117957032	0.2916167870585511
-2.7777777777777777	1.0277245942675148	0.29685359883928214
-2.7677677677677677	0.6331609362156256	0.30104738500291334
-2.7577577577577577	0.4255181850712748	0.30412032920274445
-2.7477477477477477	0.30526711568488807	0.30602307473422563
-2.7377377377377377	0.23005397823693016	0.3067374285510149
-2.7277277277277276	0.18008915848118434	0.3062770379154514
-2.7177177177177176	0.14528046247698287	0.3046859903464956
-2.7077077077077076	0.12008760087406134	0.30203553572214586
-2.6976976976976976	0.10127802125602324	0.29841933672698656
-2.6876876876876876	0.08686779675614441	0.29394778530742666
-2.6776776776776776	0.07558661207453143	0.28874196317115536
-2.6676676676676676	0.06659135307739134	0.28292777955663184
-2.6576576576576576	0.05930498224061403	0.27663071167457765
-2.6476476476476476	0.05332194074592202	0.2699714323676533
-2.6376376376376376	0.04835051341972106	0.2630624648507367
-2.6276276276276276	0.0441765584444522	0.25600587819936726
-2.6176176176176176	0.040640022180909896	0.24889194234089224
-2.6076076076076076	0.03761934326712276	0.2417986013982508
-2.5975975975975976	0.035020859674733375	0.23479159631974417
-2.5875875875875876	0.03277146684806406	0.22792506497110215
-2.5775775775775776	0.03081343546934277	0.22124246220443308
-2.5675675675675675	0.029100692630051446	0.2147776663746618
-2.5575575575575575	0.027596112716547588	0.20855616638791455
-2.5475475475475475	0.026269516555379027	0.20259625049890825
-2.5375375375375375	0.025096174924680546	0.19691014224197023
-2.5275275275275275	0.02405567626066021	0.19150504891689735
-2.5175175175175175	0.023131060736384282	0.1863841037001919
-2.5075075075075075	0.022308151492283615	0.1815471940153827
-2.4974974974974975	0.021575033406009626	0.17699167686184447
-2.4874874874874875	0.020921643414826	0.172712987049829
-2.4774774774774775	0.020339445999139266	0.16870514738467396
-2.4674674674674675	0.019821174269712964	0.1649611913685245
-2.4574574574574575	0.01936062202717569	0.16147350942242747
-2.4474474474474475	0.01895247574835165	0.15823412935066236
-2.4374374374374375	0.018592178090313022	0.15523494105393312
-2.4274274274274275	0.01827581646187776	0.15246787454662356
-2.4174174174174174	0.018000031676970372	0.14992503928944806
-2.4074074074074074	0.0177619428127436	0.1475988317980469
-2.3973973973973974	0.017559085237597	0.14548201749244855
-2.3873873873873874	0.017389359421595647	0.14356779183680834
-2.3773773773773774	0.017250988643084806	0.14184982500456045
-2.3673673673673674	0.01714248409439376	0.14032229359004078
-2.3573573573573574	0.017062616197208252	0.13897990227148502
-2.3473473473473474	0.017010391181091888	0.13781789780612727
-2.3373373373373374	0.016985032172844215	0.13683207729428795
-2.3273273273273274	0.01698596420222858	0.13601879227773178
-2.3173173173173174	0.017012802658027903	0.13537494992672383
-2.3073073073073074	0.017065344835723535	0.13489801231082682
-2.2972972972972974	0.01714356430796001	0.13458599453375789
-2.2872872872872874	0.017247607928275628	0.1344374623310963
-2.2772772772772774	0.017377795346698154	0.13445152957853687
-2.2672672672672673	0.01753462098063387	0.13462785602739813
-2.2572572572572573	0.017718758443276573	0.13496664547250456
-2.2472472472472473	0.0179310674918253	0.13546864445445553
-2.2372372372372373	0.018172603616748557	0.1361351415056727
-2.2272272272272273	0.01844463045704574	0.13696796685787366
-2.2172172172172173	0.018748635294705347	0.1379694924381544
-2.2072072072072073	0.019086347958007045	0.13914263188361894
-2.1971971971971973	0.019459763550860338	0.14049084020182964
-2.1871871871871873	0.019871169525972687	0.14201811258737093
-2.1771771771771773	0.02032317774039092	0.14372898177328816
-2.1671671671671673	0.020818762273156894	0.1456285131445601
-2.1571571571571573	0.021361303957994474	0.14772229666508319
-2.1471471471471473	0.021954642791591986	0.1500164344658053
-2.1371371371371373	0.02260313963471339	0.15251752270622784
-2.1271271271271273	0.023311748935827922	0.1552326260489669
-2.1171171171171173	0.02408610459856704	0.15816924277656147
-2.1071071071071072	0.0249326215964432	0.16133525822728673
-2.0970970970970972	0.02585861654637023	0.16473888383256927
-2.0870870870870872	0.026872451214134768	0.16838857860703757
-2.0770770770770772	0.027983703890178326	0.17229294947746931
-2.067067067067067	0.029203374799920245	0.17646062635433088
-2.057057057057057	0.030544133280366613	0.18090010736930973
-2.047047047047047	0.0320206164695202	0.1856195692572517
-2.037037037037037	0.033649791858838846	0.19062663749608302
-2.027027027027027	0.03545139944550817	0.19592811060352003
-2.017017017017017	0.0374484936494942	0.20152963300471008
-2.007007007007007	0.039668110990900764	0.20743531124953327
-1.996996996996997	0.04214209724232634	0.21364726921084537
-1.986986986986987	0.044908138066693984	0.2201651394028137
-1.976976976976977	0.04801105096045713	0.22698548992125142
-1.966966966966967	0.051504414983599534	0.23410118992702936
-1.956956956956957	0.05545264012578591	0.2415007212777704
-1.946946946946947	0.059933612884067566	0.24916745002074575
-1.936936936936937	0.06504210244005283	0.25707887907587645
-1.926926926926927	0.0708941780435727	0.26520591248430736
-1.916916916916917	0.07763298033997262	0.2735121717866359
-1.906906906906907	0.08543631798409208	0.281953415805466
-1.896896896896897	0.09452674055284865	0.2904771253478448
-1.8868868868868869	0.1051849890172302	0.29902232267596335
-1.8768768768768769	0.11776807028528676	0.30751970016863595
-1.8668668668668669	0.13273366872397738	0.3158921312766808
-1.8568568568568569	0.15067321090074456	0.32405562748341654
-1.8468468468468469	0.1723566102371062	0.33192078572639183
-1.8368368368368369	0.19879236760899638	0.33939474073338227
-1.8268268268268268	0.23130675407567486	0.3463835965775748
-1.8168168168168168	0.2716437901766527	0.3527952640328299
-1.8068068068068068	0.32208000297518874	0.3585425797325856
-1.7967967967967968	0.38552591344044745	0.36354653631043526
-1.7867867867867868	0.465531406267459	0.3677394172646935
-1.7767767767767768	0.5659904962923796	0.3710676135517693
-1.7667667667667668	0.6901121496694788	0.373493906208629
-1.7567567567567568	0.8379307538429867	0.37499903248519567
-1.7467467467467468	1.0017231149000694	0.3755824095072386
-1.7367367367367368	1.160545242329872	0.375261962556045
-1.7267267267267268	1.279895335062447	0.374073084642321
-1.7167167167167168	1.3250157071986548	0.37206682896829524
-1.7067067067067068	1.2835653052546465	0.3693074959817885
-1.6966966966966968	1.1744770018227562	0.36586981493393095
-1.6866866866866868	1.0324013886872534	0.36183593320417223
-1.6766766766766767	0.887114482121561	0.35729241646621074
-1.6666666666666667	0.7553663847361057	0.3523274337451223
-1.6566566566566567	0.6431479419494388	0.3470282602587591
-1.6466466466466467	0.5504943262806982	0.34147918479477424
-1.6366366366366367	0.4750084182730952	0.33575986353403675
-1.6266266266266267	0.41371304365038924	0.329944123342716
-1.6166166166166167	0.36383055670798653	0.3240991872947812
-1.6066066066066067	0.32302775613958723	0.31828527445515065
-1.5965965965965967	0.28943456276956964	0.3125555142301974
-1.5865865865865867	0.26158360955464993	0.30695611147319185
-1.5765765765765767	0.238332968292319	0.3015267001974474
-1.5665665665665667	0.21879502342761276	0.29630082932957985
-1.5565565565565564	0.20227794028210924	0.2913065317701888
-1.5465465465465464	0.1882398313791788	0.28656693678211476
-1.5365365365365364	0.17625369668484916	0.28210089442985226
-1.5265265265265264	0.165980879784945	0.27792358881191725
-1.5165165165165164	0.15715103393473448	0.27404712381185736
-1.5065065065065064	0.14954698631014024	0.2704810708951678
-1.4964964964964964	0.1429932641885236	0.2672329731107878
-1.4864864864864864	0.13734735608588247	0.26430880300311854
-1.4764764764764764	0.13249302024713808	0.2617133747505559
-1.4664664664664664	0.12833513252754192	0.2594507126760715
-1.4564564564564564	0.12479569848915133	0.25752437948042967
-1.4464464464464464	0.1218107520390228	0.2559377682723751
-1.4364364364364364	0.11932793442391444	0.2546943628348445
-1.4264264264264264	0.1173045999082499	0.2537979706704581
-1.4164164164164164	0.11570633320002245	0.25325293329877974
-1.4064064064064064	0.11450579243753156	0.25306431808587376
-1.3963963963963963	0.11368181306665567	0.25323809562764193
-1.3863863863863863	0.11321872420280317	0.2537813064056611
-1.3763763763763763	0.11310584153951438	0.25470222011674204
-1.3663663663663663	0.11333711059272579	0.2560104907480979
-1.3563563563563563	0.11391088184666223	0.2577173101414865
-1.3463463463463463	0.1148298057857072	0.2598355624528533
-1.3363363363363363	0.11610084132962747	0.2623799815638614
-1.3263263263263263	0.11773537620689019	0.26536731312148704
-1.3163163163163163	0.1197494626399544	0.26881648245432177
-1.3063063063063063	0.12216417667882985	0.2727487691076265
-1.2962962962962963	0.12500611491837033	0.2771879881194235
-1.2862862862862863	0.1283080485093944	0.28216067738093353
-1.2762762762762763	0.13210976173123837	0.2876962894280237
-1.2662662662662663	0.13645911141120232	0.2938273847147089
-1.2562562562562563	0.14141335479768033	0.30058982174593835
-1.2462462462462462	0.14704080792000113	0.30802293725840074
-1.2362362362362362	0.15342291507555067	0.3161697068101402
-1.2262262262262262	0.16065683430448144	0.3250768724837455
-1.2162162162162162	0.16885867544089644	0.3347950197272248
-1.2062062062062062	0.1781675690998928	0.3453785793990655
-1.1961961961961962	0.1887508001355345	0.35688572360253745
-1.1861861861861862	0.20081031206969688	0.3693781145959024
-1.1761761761761762	0.21459098536646004	0.3829204547122695
-1.1661661661661662	0.23039121910441052	0.39757977164384195
-1.1561561561561562	0.2485765103699539	0.41342435764404284
-1.1461461461461462	0.2695969358213361	0.43052226352742234
-1.1361361361361362	0.2940096982392222	0.4489392296814448
-1.1261261261261262	0.322508196791676	0.468735918424134
-1.1161161161161162	0.35595936822858126	0.4899642980081225
-1.1061061061061062	0.39545120317977045	0.5126630232777898
-1.0960960960960962	0.4423520690204135	0.5368516687229493
-1.0860860860860861	0.49838210062697424	0.5625237065780051
-1.0760760760760761	0.5656930253772671	0.589638198807789
-1.0660660660660661	0.6469434450732298	0.6181103025901372
-1.0560560560560561	0.7453361325549073	0.6478008894471203
-1.0460460460460461	0.8645422581537247	0.6785058588694006
-1.0360360360360361	1.0083599011231217	0.7099460859021991
-1.026026026026026	1.1798295870376614	0.7417593530375604
-1.016016016016016	1.379388531985298	0.7734960186008141
-1.006006006006006	1.6016674113557872	0.804620461006302
-0.995995995995996	1.8312148946409526	0.8345203636301813
-0.985985985985986	2.039454281951667	0.8625255043119447
-0.975975975975976	2.1879157921932526	0.8879367584652822
-0.965965965965966	2.2417836774035504	0.910064500627466
-0.955955955955956	2.188177719060295	0.9282736711034478
-0.9459459459459459	2.043802268700873	0.9420308580145214
-0.9359359359359359	1.8443601995415673	0.9509473844753954
-0.9259259259259259	1.6264538991582633	0.9548121268388409
-0.9159159159159159	1.4161190727702826	0.9536089200473015
-0.9059059059059059	1.2270580628134153	0.9475158023604453
-0.8958958958958959	1.0639330826851168	0.9368864448419436
-0.8858858858858859	0.9263044454413818	0.9222170772373607
-0.8758758758758759	0.8114552873562525	0.9041042945254093
-0.8658658658658659	0.7159961541860671	0.8831998772012172
-0.8558558558558559	0.6366350335105082	0.8601682025463199
-0.8458458458458459	0.5704798683720261	0.8356503479497217
-0.8358358358358359	0.5151110422300248	0.8102371337117897
-0.8258258258258259	0.46855422420719733	0.7844516133325813
-0.8158158158158159	0.42921824842874295	0.7587402064603939
-0.8058058058058059	0.39582735590782164	0.733470891615031
-0.7957957957957958	0.3673595740799851	0.7089365842151283
-0.7857857857857858	0.34299484848478085	0.6853618899136127
-0.7757757757757757	0.32207303818033334	0.6629116963872934
-0.7657657657657657	0.3040605810724302	0.6417004241908664
-0.7557557557557557	0.2885243106851185	0.6218011136104067
-0.7457457457457457	0.2751109823782295	0.6032538319284717
-0.7357357357357357	0.2635312795944316	0.5860731254155911
-0.7257257257257257	0.2535473048927628	0.5702544124233788
-0.7157157157157157	0.24496277197601904	0.5557793274876013
-0.7057057057057057	0.23761529064058381	0.5426200941432033
-0.6956956956956957	0.23137027656724093	0.5307430388960586
-0.6856856856856857	0.22611612691846691	0.5201113712140295
-0.6756756756756757	0.2217603865845893	0.5106873529152446
-0.6656656656656657	0.21822669405091646	0.5024339709582222
-0.6556556556556556	0.2154523447960621	0.4953162144984343
-0.6456456456456456	0.2133863474796425	0.48930204280989287
-0.6356356356356356	0.21198787678804	0.48436311685183925
-0.6256256256256256	0.21122504879517526	0.48047535470998
-0.6156156156156156	0.21107396171794848	0.47761936026650986
-0.6056056056056056	0.21151795823623623	0.4757807653165472
-0.5955955955955956	0.21254707603597955	0.4749505178976455
-0.5855855855855856	0.2141576616092722	0.47512514366541586
-0.5755755755755756	0.2163521292170011	0.47630700257399505
-0.5655655655655656	0.21913885262479293	0.47850455970078265
-0.5555555555555556	0.22253218216135923	0.48173268665233093
-0.5455455455455456	0.22655258409071988	0.4860130084461512
-0.5355355355355356	0.23122690340845417	0.49137431000583065
-0.5255255255255256	0.2365887552750992	0.49785301630483797
-0.5155155155155156	0.24267905447061214	0.5054937607774066
-0.5055055055055055	0.24954669680357633	0.5143500577916464
-0.4954954954954955	0.25724941145814423	0.5244850968124076
-0.4854854854854855	0.2658548091108008	0.5359726784142068
-0.4754754754754755	0.27544165757166045	0.5488983155705206
-0.46546546546546547	0.2861014250369965	0.5633605278493011
-0.45545545545545546	0.29794014124931995	0.5794723613563523
-0.44544544544544545	0.3110806394586291	0.5973631737861628
-0.43543543543543545	0.32566525786389094	0.61718073202632
-0.42542542542542544	0.3418590989889977	0.639093679792615
-0.41541541541541543	0.35985397060031427	0.6632944452860587
-0.40540540540540543	0.37987316373590263	0.6900026744809262
-0.3953953953953954	0.40217726447732416	0.7194692952660746
-0.38538538538538536	0.42707124901747456	0.7519813423918185
-0.37537537537537535	0.4549131802234828	0.7878677045583106
-0.36536536536536535	0.4861249135071598	0.8275059949931626
-0.35535535535535534	0.5212053373833081	0.871330798242883
-0.34534534534534533	0.5607468294502893	0.9198436122947907
-0.3353353353353353	0.6054558149477193	0.9736248915271347
-0.3253253253253253	0.6561785912848386	1.0333487092089733
-0.3153153153153153	0.7139339540494273	1.099800707846815
-0.3053053053053053	0.7799546649216652	1.1739002048318703
-0.2952952952952953	0.8557404921027586	1.2567275884002265
-0.2852852852852853	0.9431265047743432	1.349558501552546
-0.2752752752752753	1.0443716238332743	1.453906807892188
-0.2652652652652653	1.1622742814392706	1.5715790196585375
-0.2552552552552553	1.3003246574072527	1.7047438276059295
-0.24524524524524524	1.4629066928783432	1.8560217292239323
-0.23523523523523523	1.655568461612859	2.0286016950617887
-0.22522522522522523	1.8853873163297146	2.226394633271732
-0.21521521521521522	2.1614677733624106	2.454237565910571
-0.20520520520520522	2.495627314760865	2.7181686430347862
-0.19519519519519518	2.9033512893925577	3.0258025721564032
-0.18518518518518517	3.4051379197172364	3.3868506878542535
-0.17517517517517517	4.028416343752206	3.813853048152554
-0.16516516516516516	4.8103185090795195	4.323227390953357
-0.15515515515515516	5.801743318185075	4.936801823153519
-0.14514514514514515	7.07341028371013	5.684103719719348
-0.13513513513513514	8.72503487006432	6.60586258340821
-0.12512512512512514	10.899507056358917	7.7595208576536585
-0.11511511511511512	13.805282538688477	9.22818071148698
-0.10510510510510511	17.752622806166663	11.135663593673263
-0.09509509509509509	23.21390452336159	13.672945240252195
-0.08508508508508508	30.927172120351333	17.146904087363843
-0.07507507507507508	42.08011741731894	22.075657523084622
-0.06506506506506507	58.648452910198515	29.38875835469818
-0.055055055055055056	84.0357091496043	40.886160356644034
-0.04504504504504504	124.28204899903771	60.413446991435265
-0.035035035035035036	190.11819061955288	97.32983137635028
-0.025025025025025027	298.5548874696901	178.77307329555356
-0.015015015015015015	461.5066218652879	401.9979077196052
-0.005005005005005005	621.1168833658799	1063.7142041917725
0.005005005005005005	615.2026421441306	1060.6209403654345
0.015015015015015015	452.6453519187673	400.79206098644227
0.025025025025025027	293.5227536583478	178.4535034410013
0.035035035035035036	188.22585369280236	97.24548548423515
0.04504504504504504	123.94789206435522	60.4032111326435
0.055055055055055056	84.33728144943544	40.90217156380728
0.06506506506506507	59.15291304836434	29.414159120467993
0.07507507507507508	42.602641552139374	22.103786621425712
0.08508508508508508	31.397380840192813	17.174949569070318
0.09509509509509509	23.611881951401045	13.699700782478045
0.10510510510510511	18.079407894036972	11.160641254349546
0.11511511511511512	14.069536427007547	9.25122878842906
0.12512512512512514	11.11168420587857	7.780648229809745
0.13513513513513514	8.895009710081533	6.625153922426298
0.14514514514514515	7.209666719625983	5.701677113575196
0.15515515515515516	5.911242238884638	4.952787144555353
0.16516516516516516	4.898633434379683	4.337755195218504
0.17517517517517517	4.099952140537763	3.8270489694292857
0.18518518518518517	3.4633534718657	3.398832765144357
0.19519519519519518	2.9509561699549898	3.0366801547063766
0.20520520520520522	2.534744546661505	2.7280421480623516
0.21521521521521522	2.193763969546044	2.463198689917903
0.22522522522522523	1.9121747590570723	2.2345267953693937
0.23523523523523523	1.6778843230841591	2.0359805881613973
0.24524524524524524	1.4815741807974407	1.8627159095132815
0.2552552552552553	1.316000108137519	1.7108153035833584
0.2652652652652653	1.175483431708687	1.5770838197252213
0.2752752752752753	1.055537590208961	1.45889551565583
0.2852852852852853	0.9525914213893262	1.3540767539202858
0.2952952952952953	0.8637822980749159	1.2608165348652958
0.3053053053053053	0.786800176842789	1.177596928366617
0.3153153153153153	0.7197690864016391	1.1031386088382045
0.3253253253253253	0.6611563804939796	1.0363578544485017
0.3353353353353353	0.6097027461223761	0.9763323305547833
0.34534534534534533	0.564367846386529	0.9222736634713838
0.35535535535535534	0.5242878269726284	0.8735053069001637
0.36536536536536535	0.48874188792381174	0.8294445659482353
0.37537537537537535	0.45712582894434617	0.7895879111553314
0.38538538538538536	0.428930993655693	0.7534989141010913
0.3953953953953954	0.403727419641452	0.72079828573392
0.40540540540540543	0.3811502842985751	0.6911556117717479
0.41541541541541543	0.3608889482587836	0.6642824659296778
0.42542542542542544	0.3426780574566686	0.6399266481076067
0.43543543543543545	0.32629028558461165	0.6178673460540248
0.44544544544544545	0.31153039057150567	0.597911059063174
0.45545545545545546	0.29823032916520054	0.5798881536329824
0.46546546546546547	0.28624522800678437	0.5636499457656092
0.4754754754754755	0.2754500516545269	0.5490662241987148
0.4854854854854855	0.2657368408466867	0.5360231445138993
0.4954954954954955	0.2570124200216388	0.5244214365588483
0.5055055055055055	0.24919649342226613	0.514174877692963
0.5155155155155156	0.24222006523389966	0.5052089924560976
0.5255255255255256	0.2360241321204554	0.49745994578316094
0.5355355355355356	0.2305586069326656	0.490873602145412
0.5455455455455456	0.22578144087616614	0.4854047271898962
0.5555555555555556	0.22165791844579685	0.48101631177446935
0.5655655655655656	0.21816010537340152	0.47767900083205095
0.5755755755755756	0.2152664349316914	0.4753706113866206
0.5855855855855856	0.2129614224691827	0.4740757252596569
0.5955955955955956	0.21123550222656623	0.47378534264355804
0.6056056056056056	0.2100849845022918	0.4744965826950713
0.6156156156156156	0.2095121352670246	0.4762124166241291
0.6256256256256256	0.2095253846073999	0.47894141731438417
0.6356356356356356	0.21013967511230186	0.4826975072459206
0.6456456456456456	0.21137696675424225	0.4874996832061006
0.6556556556556556	0.2132669212914396	0.49337169188888574
0.6656656656656657	0.2158477971239495	0.5003416247368353
0.6756756756756757	0.2191675953769453	0.5084413931462834
0.6856856856856857	0.22328551041604502	0.5177060362466018
0.6956956956956957	0.22827375393314303	0.5281728027710522
0.7057057057057057	0.23421984226876547	0.5398799361337062
0.7157157157157157	0.2412294633593134	0.5528650780147027
0.7257257257257257	0.24943007457760957	0.5671631912455033
0.7357357357357357	0.25897542849562666	0.5828038890482619
0.7457457457457457	0.27005128366852743	0.5998080471080856
0.7557557557557557	0.28288263636951555	0.6181835713987982
0.7657657657657657	0.2977429121921988	0.6379202038810227
0.7757757757757757	0.31496568973729366	0.6589832781608214
0.7857857857857858	0.33495969808873427	0.6813063984349774
0.7957957957957958	0.35822803835782113	0.7047831201821776
0.8058058058058059	0.385392820709414	0.7292578732701668
0.8158158158158159	0.4172266517693371	0.7545165980427841
0.8258258258258259	0.4546925680677582	0.7802778647066956
0.8358358358358359	0.4989938843626442	0.8061856012667916
0.8458458458458459	0.5516345520955607	0.8318049231635517
0.8558558558558559	0.6144880198624018	0.856622859213189
0.8658658658658659	0.689866228194834	0.8800558836334531
0.8758758758758759	0.7805662562712486	0.9014659448499818
0.8858858858858859	0.8898428881200362	0.9201859882251622
0.8958958958958959	1.0211989943000568	0.9355547319672044
0.9059059059059059	1.1777881383843176	0.9469587499402442
0.9159159159159159	1.3610881555841816	0.9538780222941959
0.9259259259259259	1.5684161499808862	0.9559295095822901
0.9359359359359359	1.7891281834969814	0.9529025457371353
0.9459459459459459	2.0006282253120333	0.9447803654535639
0.955955955955956	2.1679482862653896	0.9317439761761348
0.965965965965966	2.2523540424032986	0.9141574911649288
0.975975975975976	2.2291833689356118	0.8925372183374033
0.985985985985986	2.10286371075727	0.8675093976732329
0.995995995995996	1.9044949797754929	0.839762857699466
1.006006006006006	1.6743104135898172	0.8100028112118396
1.016016016016016	1.4450960751250548	0.778910773891297
1.026026026026026	1.236104321094756	0.747113693941016
1.0360360360360361	1.0550770892406682	0.7151634023501579
1.0460460460460461	0.9026987706628316	0.6835258671945934
1.0560560560560561	0.7762835891559815	0.652578674513374
1.0660660660660661	0.6720107399040923	0.622614672796502
1.0760760760760761	0.5860385042968207	0.5938496895490295
1.0860860860860861	0.5149593832874474	0.5664324907989731
1.0960960960960962	0.4559239402225474	0.540455553097208
1.1061061061061062	0.40661931468909224	0.5159656381942112
1.1161161161161162	0.3651956065461805	0.49297353453360476
1.1261261261261262	0.3301824040555092	0.4714626264209006
1.1361361361361362	0.30041238113020546	0.45139616624623796
1.1461461461461462	0.2749571848832247	0.43272326681731166
1.1561561561561562	0.25307587258316044	0.4153837148221403
1.1661661661661662	0.2341743399783533	0.3993117484480735
1.1761761761761762	0.2177737456479496	0.38443895595892924
1.1861861861861862	0.20348604995579997	0.3706964483076803
1.1961961961961962	0.1909950804965462	0.35801644544472205
1.2062062062062062	0.18004185221729763	0.34633339811358926
1.2162162162162162	0.17041315142139432	0.33558474795788845
1.2262262262262262	0.16193262307149353	0.3257114106245766
1.2362362362362362	0.15445378184220357	0.3166580502467924
1.2462462462462462	0.1478545066441817	0.30837319962419957
1.2562562562562563	0.14203268422694676	0.3008092686234104
1.2662662662662663	0.1369027475316394	0.293922473657471
1.2762762762762763	0.13239291488795668	0.2876727132966465
1.2862862862862863	0.12844298179987024	0.28202340886213073
1.2962962962962963	0.12500255165060678	0.2769413239658553
1.3063063063063063	0.12202961797660059	0.2723963731466481
1.3163163163163163	0.11948943111948773	0.2683614268034427
1.3263263263263263	0.11735359762468582	0.2648121173449885
1.3363363363363363	0.11559937289684598	0.26172664973220766
1.3463463463463463	0.11420911723378023	0.25908561824449616
1.3563563563563563	0.11316989311641444	0.2568718302694664
1.3663663663663663	0.11247318806252526	0.2550701371127459
1.3763763763763763	0.1121147528745387	0.2536672711908429
1.3863863863863863	0.11209455008199305	0.2526516884579786
1.3963963963963963	0.11241681210360668	0.25201341448809245
1.4064064064064064	0.11309021343632218	0.2517438922572486
1.4164164164164164	0.11412816631580075	0.2518358293286204
1.4264264264264264	0.1155492551410483	0.25228304181452826
1.4364364364364364	0.11737783191540103	0.2530802921699942
1.4464464464464464	0.11964480355576992	0.25422311755337773
1.4564564564564564	0.12238865282882692	0.2557076451770494
1.4664664664664664	0.1256567488030657	0.2575303907699479
1.4764764764764764	0.12950702127051494	0.25968803600554197
1.4864864864864864	0.13401009828889232	0.26217718053776606
1.4964964964964964	0.13925203912152154	0.2649940641759539
1.5065065065065064	0.1453378396106755	0.2681342547723204
1.5165165165165164	0.15239594778821192	0.2715922976617503
1.5265265265265264	0.1605841102692483	0.27536132308154193
1.5365365365365364	0.1700969826385132	0.2794326090149463
1.5465465465465464	0.18117608980058605	0.283795098483414
1.5565565565565564	0.194122927107529	0.28843487260701
1.5665665665665667	0.2093162615350079	0.2933345839154202
1.5765765765765767	0.22723502819929342	0.29847285857156286
1.5865865865865867	0.24848859864138512	0.3038236814740139
1.5965965965965967	0.2738565281673536	0.3093557846743175
1.6066066066066067	0.3043398913212489	0.31503206709528353
1.6166166166166167	0.3412252698586424	0.320809081894553
1.6266266266266267	0.38615863817750845	0.3266366364722098
1.6366366366366367	0.4412158316982615	0.33245755823168266
1.6466466466466467	0.5089303754110532	0.3382076855958098
1.6566566566566567	0.5921811373942842	0.3438161469292798
1.6666666666666667	0.6937239661365167	0.3492059881493838
1.6766766766766767	0.8149529330897715	0.3542952010998709
1.6866866866866868	0.9532867336437464	0.35899818764725794
1.6966966966966968	1.0978956286081702	0.36322766808622337
1.7067067067067068	1.2255551531424131	0.36689700713510615
1.7167167167167168	1.3027341383865805	0.3699228885432324
1.7267267267267268	1.300604284718154	0.37222822396935773
1.7367367367367368	1.2156875281059432	0.3737451389513045
1.7467467467467468	1.0737065132176022	0.37441784525894756
1.7567567567567568	0.9111171227009357	0.37420519155993875
1.7667667667667668	0.7557075451718857	0.37308268860198096
1.7767767767767768	0.6210150899766361	0.37104383364411825
1.7867867867867868	0.5101943282006713	0.3681006103526167
1.7967967967967968	0.4212791223285784	0.36428310931074703
1.8068068068068068	0.35061425253316914	0.35963829172897516
1.8168168168168168	0.29448552581837495	0.3542279940934211
1.8268268268268268	0.2497067568845539	0.3481263339384999
1.8368368368368369	0.21373204224239567	0.341416718656182
1.8468468468468469	0.18459141825693406	0.33418867614100295
1.8568568568568569	0.16078082511074063	0.32653471834299724
1.8668668668668669	0.14115587233952995	0.3185474204939214
1.8768768768768769	0.12484405544415755	0.3103168564511987
1.8868868868868869	0.11117676099761416	0.30192848175218184
1.896896896896897	0.0996381399942074	0.29346150754628647
1.906906906906907	0.08982716034548016	0.28498776595470987
1.916916916916917	0.08142955537143137	0.27657103392610083
1.926926926926927	0.07419706707162407	0.268266759626551
1.936936936936937	0.06793202671313608	0.26012212247387273
1.946946946946947	0.062475835488028784	0.25217635365130603
1.956956956956957	0.05770030165330769	0.2444612462918074
1.966966966966967	0.05350107922186805	0.23700179137851962
1.976976976976977	0.0497926617438669	0.22981688482659443
1.986986986986987	0.04650453433347983	0.2229200616199373
1.996996996996997	0.04357819434556568	0.21632022313494495
2.007007007007007	0.040964828136009386	0.21002233314283486
2.017017017017017	0.03862348688206996	0.2040280660346691
2.027027027027027	0.036519644688136496	0.19833639740936845
2.037037037037037	0.034624051545154466	0.19294413232432622
2.047047047047047	0.032911815232324934	0.18784637036103535
2.057057057057057	0.03136166213994919	0.1830369093940431
2.067067067067067	0.029955338800131445	0.1785085917668487
2.0770770770770772	0.02867712474468208	0.1742535976732944
2.0870870870870872	0.02751343395991853	0.17026369109433556
2.0970970970970972	0.02645248724666311	0.16653042379269123
2.1071071071071072	0.025484041636137086	0.16304530274947304
2.1171171171171173	0.024599165958707793	0.15979992612822236
2.1271271271271273	0.02379005393673224	0.15678609244735695
2.1371371371371373	0.02304986793735847	0.1539958871849554
2.1471471471471473	0.022372607898653196	0.151421750566615
2.1571571571571573	0.02175300102257982	0.14905652982400036
2.1671671671671673	0.021186408681492214	0.14689351877433685
2.1771771771771773	0.020668747660413034	0.1449264871678776
2.1871871871871873	0.020196423396993186	0.14314970188783618
2.1971971971971973	0.019766273312335138	0.14155794176388872
2.2072072072072073	0.019375518674528722	0.14014650747671978
2.2172172172172173	0.019021723718440818	0.13891122778356288
2.2272272272272273	0.018702760975357773	0.13784846308078963
2.2372372372372373	0.018416781955039017	0.13695510713380735
2.2472472472472473	0.018162192478057664	0.13622858764447304
2.2572572572572573	0.017937632087665835	0.13566686618717463
2.2672672672672673	0.01774195707931425	0.135268437922076
2.2772772772772774	0.017574226780900388	0.13503233138526533
2.2872872872872874	0.01743369279753278	0.13495810855531543
2.2972972972972974	0.017319791008937036	0.13504586530162724
2.3073073073073074	0.0172321361718179	0.13529623222847761
2.3173173173173174	0.01717051904348477	0.13571037583348972
2.3273273273273274	0.017134906002505227	0.13628999979996256
2.3373373373373374	0.01712544120273335	0.13703734613298887
2.3473473473473474	0.017142451361381452	0.13795519572374035
2.3573573573573574	0.017186453349440772	0.13904686778289937
2.3673673673673674	0.01725816482989265	0.14031621741398462
2.3773773773773774	0.017358518276723366	0.14176763039591678
2.3873873873873874	0.017488678810940832	0.1434060140038178
2.3973973973973974	0.017650066412931514	0.1452367824098571
2.4074074074074074	0.017844383221157698	0.1472658348640137
2.4174174174174174	0.018073646811359617	0.14949952444837905
2.4274274274274275	0.018340230581607383	0.15194461471920562
2.4374374374374375	0.018646912657527222	0.15460822099177526
2.4474474474474475	0.01899693510067862	0.1574977323742159
2.4574574574574575	0.01939407567400311	0.16062070992075406
2.4674674674674675	0.019842735024102137	0.163984755449456
2.4774774774774775	0.020348042931898416	0.1675973446729434
2.4874874874874875	0.020915988315497503	0.1714656173489765
2.4974974974974975	0.021553579037140714	0.1755961162206015
2.5075075075075075	0.022269039385701968	0.17999446566374627
2.5175175175175175	0.02307205555228052	0.184664980316469
2.5275275275275275	0.023974082734093956	0.1896101937025066
2.5375375375375375	0.02498873204634939	0.1948302972273714
2.5475475475475475	0.026132261706685627	0.200322481243921
2.5575575575575575	0.027424205755459695	0.20608017257171252
2.5675675675675675	0.028888186026017292	0.21209216741745476
2.5775775775775776	0.030552970929520612	0.2183416656605659
2.5875875875875876	0.032453870559108484	0.22480522253645893
2.5975975975975976	0.03463459585859123	0.23145164740084115
2.6076076076076076	0.03714976688024253	0.2382408967891604
2.6176176176176176	0.04006834241601421	0.24512303024566148
2.6276276276276276	0.04347837870826392	0.2520373214786622
2.6376376376376376	0.04749373940211181	0.2589116423129701
2.6476476476476476	0.05226372610677593	0.26566225925044046
2.6576576576576576	0.05798717490253853	0.2721941972502768
2.6676676676676676	0.06493354558368691	0.27840232622572986
2.6776776776776776	0.07347525340990757	0.28417330565229004
2.6876876876876876	0.08413862003175028	0.28938847522640015
2.6976976976976976	0.09768671023900066	0.29392770114687383
2.7077077077077076	0.11525889104291882	0.29767408007092067
2.7177177177177176	0.1386157819370966	0.3005192753955305
2.7277277277277276	0.1705900787711685	0.30236913088665074
2.7377377377377377	0.21596351089354357	0.3031490993096492
2.7477477477477477	0.28328693276947575	0.3028089654188373
2.7577577577577577	0.3889535403640021	0.3013263556023694
2.7677677677677677	0.5671164655570388	0.298708620594629
2.7777777777777777	0.895825573728093	0.2949928453012185
2.7877877877877877	1.5654798928312275	0.2902439550873995
2.7977977977977977	2.949874192708596	0.28455111215662815
2.8078078078078077	4.455111963452441	0.27802278721322465
2.8178178178178177	3.3118010274541896	0.27078101692232287
2.8278278278278277	1.7317804061822968	0.2629553996871562
2.8378378378378377	0.9469194420682004	0.25467734319137597
2.8478478478478477	0.5740421600209716	0.24607497543703777
2.8578578578578577	0.3789770491767332	0.23726899416585226
2.8678678678678677	0.266782386202437	0.22836958605842164
2.8778778778778777	0.19714090932299644	0.21947441992605213
2.8878878878878878	0.15125054282326758	0.2106676213318252
2.8978978978978978	0.11954640673302504	0.202019574683811
2.9079079079079078	0.09679358796677204	0.19358737058525283
2.9179179179179178	0.07994832169151352	0.185415714499324
2.9279279279279278	0.06714967655253608	0.17753812929335377
2.937937937937938	0.057210949953739244	0.16997831102866584
2.947947947947948	0.049347888682746345	0.1627515280027918
2.957957957957958	0.04302611461559633	0.1558659829768577
2.967967967967968	0.03787175384950736	0.1493240849928888
2.977977977977978	0.03361712197316656	0.14312359891856524
2.987987987987988	0.030066633469095792	0.1372586575940407
2.997997997997998	0.027074788762973596	0.13172063357311684
3.008008008008008	0.024531597727258943	0.12649887564776835
3.018018018018018	0.022352708186363923	0.12158132041644516
3.028028028028028	0.020472584603984156	0.11695499188038466
3.038038038038038	0.018839707959278182	0.11260640309443727
3.048048048048048	0.017413141759780933	0.10852187381204247
3.058058058058058	0.016160038214099243	0.10468777726691043
3.068068068068068	0.015053802129995133	0.10109072803760712
3.078078078078078	0.014072721928037782	0.09771772156538364
3.088088088088088	0.013198937021790454	0.09455623448192402
3.098098098098098	0.012417650524019733	0.0915942935489946
3.108108108108108	0.01171652300509534	0.08882051976348813
3.118118118118118	0.011085201340441745	0.08622415306945896
3.1281281281281283	0.010514949385560211	0.083795062147249
3.1381381381381384	0.00999835613976938	0.08152374291914634
3.1481481481481484	0.009529103403793975	0.07940130870785587
3.1581581581581584	0.009101779497322363	0.07741947439811617
3.1681681681681684	0.008711728915747206	0.0755705364672284
3.1781781781781784	0.008354930236606667	0.07384735035334856
3.1881881881881884	0.008027896385723576	0.07224330630817674
3.1981981981981984	0.007727592717699619	0.070752304620679
3.2082082082082084	0.007451369377439928	0.06936873089046462
3.2182182182182184	0.007196905177868145	0.0680874318645529
3.2282282282282284	0.006962160816196516	0.06690369222100322
3.2382382382382384	0.006745339703453278	0.0658132125822262
3.2482482482482484	0.006544855031669957	0.06481208896204799
3.2582582582582584	0.006359301977784525	0.06389679379262642
3.2682682682682684	0.006187434155735403	0.06306415863233358
3.2782782782782784	0.006028143599246159	0.062311358626090683
3.2882882882882885	0.005880443690709618	0.06163589876631827
3.2982982982982985	0.005743454559035283	0.06103560199163002
3.3083083083083085	0.0056163905553997815	0.0605085991524081
3.3183183183183185	0.005498549484447359	0.0600533208727192
3.3283283283283285	0.005389303324722262	0.059668491341827334
3.3383383383383385	0.0052880902176139725	0.059353124076581214
3.3483483483483485	0.005194407541136597	0.05910651970864316
3.3583583583583585	0.005107805915467298	0.05892826586577409
3.3683683683683685	0.005027884012367693	0.05881823923621448
3.3783783783783785	0.004954284061165165	0.05877660992774137
3.3883883883883885	0.004886687961755047	0.058803848260455024
3.3983983983983985	0.004824813929482638	0.058900734163363715
3.4084084084084085	0.004768413608573519	0.05906836938135381
3.4184184184184185	0.004717269602014609	0.05930819274061051
3.4284284284284285	0.004671193373865112	0.05962199876960237
3.4384384384384385	0.0046300234882269	0.06001196002809628
3.4484484484484486	0.004593624155454591	0.06048065356229354
3.4584584584584586	0.00456188406250932	0.06103109197953156
3.4684684684684686	0.004534715469194599	0.06166675972452884
3.4784784784784786	0.004512053557589791	0.06239165524186225
3.4884884884884886	0.004493856025933823	0.06321033983131327
3.4984984984984986	0.004480102923502112	0.06412799414327718
3.5085085085085086	0.004470796726598137	0.06515048342992197
3.5185185185185186	0.004465962660928183	0.06628443286358977
3.5285285285285286	0.00446564928020608	0.06753731446606705
3.5385385385385386	0.004469929315629351	0.06891754746631566
3.5485485485485486	0.004478900817215486	0.07043461422646728
3.5585585585585586	0.004492688613392433	0.0720991942564556
3.5685685685685686	0.0045114461232807984	0.07392331928560404
3.5785785785785786	0.004535357564459626	0.07592055288407894
3.5885885885885886	0.00456464060806781	0.07810619874159588
3.5985985985985987	0.004599549546841662	0.08049754242345872
3.6086086086086087	0.0046403790538755525	0.08311413224467708
3.6186186186186187	0.004687468628781832	0.08597810583522311
3.6286286286286287	0.004741207848760004	0.08911457000846267
3.6386386386386387	0.004802042567588313	0.09255204266928732
3.6486486486486487	0.004870482239007808	0.09632296665843769
3.6586586586586587	0.004947108579941081	0.10046430652980141
3.6686686686686687	0.005032585840708693	0.10501824012369408
3.6786786786786787	0.005127673011925969	0.1100329571341937
3.6886886886886887	0.005233238378859558	0.11556357617958408
3.6986986986986987	0.005350276937241635	0.1216731893617594
3.7087087087087087	0.005479931315857659	0.1284340376497428
3.7187187187187187	0.005623517022651261	0.13592880959084455
3.7287287287287287	0.005782553053450137	0.14425203662474953
3.7387387387387387	0.005958799193648141	0.1535115256855168
3.7487487487487487	0.006154301729066014	0.1638297162599483
3.7587587587587588	0.0063714497961151135	0.1753447633512127
3.7687687687687688	0.006613045290519031	0.1882110135102458
3.7787787787787788	0.00688239019210788	0.20259833551951437
3.7887887887887888	0.007183396443918115	0.21868946104960804
3.798798798798799	0.0075207252999718276	0.23667405050906593
3.808808808808809	0.007899965539064772	0.25673759937661045
3.818818818818819	0.008327863459029403	0.279042549862844
3.828828828828829	0.008812622608883899	0.3036981773835848
3.838838838838839	0.009364298549788241	0.33071529710355796
3.848848848848849	0.009995324753933658	0.35994228820558555
3.858858858858859	0.010721221972175515	0.3909816567108962
3.868868868868869	0.011561568148992847	0.4230932484633042
3.878878878878879	0.012541344437076688	0.45510309565296264
3.888888888888889	0.013692833938857682	0.4853552743632547
3.898898898898899	0.015058348982325656	0.5117613579342525
3.908908908908909	0.016694227917534304	0.5320018148265765
3.918918918918919	0.018676825327445322	0.5438949967846237
3.928928928928929	0.021111719506746656	0.545866843580134
3.938938938938939	0.024148276326833074	0.5373647703571934
3.948948948948949	0.02800345255355906	0.5190355697905018
3.958958958958959	0.033002200487473245	0.492576278947568
3.968968968968969	0.03964915330795512	0.4603232170786937
3.978978978978979	0.04876264999222851	0.42475651520910834
3.988988988988989	0.061741637305768836	0.3880952867912248
3.998998998998999	0.08114006183520286	0.3520710543220528
4.009009009009009	0.11202997610141047	0.3178723497952771
4.019019019019019	0.1656754997582784	0.2862025269476198
4.029029029029029	0.271304608421404	0.2573877898754012
4.039039039039039	0.5244626265598475	0.23149094452701133
4.049049049049049	1.3760075185401757	0.20840814855791237
4.059059059059059	5.816492880999737	0.18794162442056425
4.069069069069069	3.766196495506135	0.16984972061918927
4.079079079079079	0.9729140556793082	0.15387893415101248
4.089089089089089	0.4038682987836515	0.1397829116490632
4.099099099099099	0.21626232764045425	0.1273326719713617
4.109109109109109	0.13365210188617674	0.11632122922613863
4.119119119119119	0.0904388669307447	0.10656482935510493
4.129129129129129	0.06513598739729741	0.09790226339391105
4.1391391391391394	0.04909747194078688	0.09019318528598601
4.1491491491491495	0.03831609784848623	0.08331600013021234
4.1591591591591595	0.030733140723854385	0.07716565318329299
4.1691691691691695	0.025204652323403933	0.07165150136558879
4.1791791791791795	0.021054516608400204	0.06669535800962433
4.1891891891891895	0.017862689076551037	0.062229747590712634
4.1991991991991995	0.015357250992342125	0.0581963764226883
4.2092092092092095	0.013355988640472384	0.05454480882404272
4.2192192192192195	0.011733156572203769	0.05123133034847806
4.2292292292292295	0.010399751145213302	0.048217976750032525
4.2392392392392395	0.009291369403953904	0.04547170721511841
4.2492492492492495	0.008360497084741327	0.04296370170870204
4.2592592592592595	0.007571472663794564	0.04066876426267587
4.2692692692692695	0.006897117520442288	0.03856481622831615
4.2792792792792795	0.006316431394653015	0.036632465674391476
4.2892892892892895	0.005812985339314443	0.034854641112565345
4.2992992992992995	0.005373781194925138	0.03321627951681453
4.3093093093093096	0.004988429162495481	0.03170406016360217
4.31931931931932	0.004648546096097879	0.030306177157735533
4.32932932932933	0.0043473094056474025	0.02901214464949453
4.33933933933934	0.004079122279405362	0.027812629710130758
4.34934934934935	0.0038393596161857804	0.02669930864223046
4.35935935935936	0.0036241732029572904	0.025664743178835478
4.36936936936937	0.0034303408816199915	0.024702273592547792
4.37937937937938	0.00325514872629858	0.023805926208702963
4.38938938938939	0.0030962982384068476	0.022970333212844918
4.3993993993994	0.0029518326772740747	0.022190662973002304
4.40940940940941	0.0028200781541733726	0.021462559373063253
4.41941941941942	0.002699596208623764	0.02078208888550248
4.42942942942943	0.002589145383190894	0.020145694304496232
4.43943943943944	0.002487649900731205	0.019550154223403195
4.44944944944945	0.0023941739853762995	0.018992547477157794
4.45945945945946	0.0023079006966731726	0.018470221884405915
4.46946946946947	0.002228114394687699	0.01798076672202284
4.47947947947948	0.0021541861426545576	0.017521988445523825
4.48948948948949	0.002085561499536254	0.01709188923891362
4.4994994994995	0.002021750266350222	0.01668864803563331
4.50950950950951	0.0019623178381541918	0.016310603702708776
4.51951951951952	0.0019068778811788048	0.015956240122301457
4.52952952952953	0.001855086108922971	0.015624172941243412
4.53953953953954	0.0018066349731449846	0.015313137790273072
4.54954954954955	0.0017612491198555852	0.01502197980103727
4.55955955955956	0.0017186814873351955	0.014749644271812926
4.56956956956957	0.0016787099449719646	0.014495168352681742
4.57957957957958	0.001641134389339044	0.014257673637543045
4.58958958958959	0.001605774228282297	0.014036359565378319
4.5995995995996	0.0015724661949371476	0.013830497545492523
4.60960960960961	0.0015410624438774406	0.013639425732973744
4.61961961961962	0.0015114288885743358	0.01346254438978049
4.62962962962963	0.001483443746292165	0.013299311775870164
4.63963963963964	0.001456996261704611	0.013149240521684823
4.64964964964965	0.0014319855848811075	0.013011894440430058
4.65965965965966	0.0014083197830122133	0.012886885743976357
4.66966966966967	0.0013859149683309573	0.012773872631778201
4.67967967967968	0.0013646945272602045	0.012672557226816095
4.68968968968969	0.0013445884379045512	0.01258268383678621
4.6996996996997	0.0013255326649714316	0.012504037522909012
4.70970970970971	0.001307468622613782	0.012436442962118802
4.71971971971972	0.0012903426971073554	0.01237976359217338
4.72972972972973	0.0012741058223152278	0.012333901032180364
4.73973973973974	0.0012587131019098368	0.012298794774471043
4.74974974974975	0.0012441234731172478	0.012274422146662422
4.75975975975976	0.0012302994073919197	0.012260798546199186
4.76976976976977	0.0012172066442209875	0.012257977952372656
4.77977977977978	0.001204813954528972	0.012266053724482424
4.78978978978979	0.0011930929308083154	0.01228515969812312
4.7997997997998	0.001182017801457794	0.012315471594978382
4.80980980980981	0.001171565267097336	0.012357208765740193
4.81981981981982	0.0011617143569870733	0.01241063628970915
4.82982982982983	0.0011524463040341216	0.01247606745916871
4.83983983983984	0.0011437444369190484	0.012553866682093857
4.84984984984985	0.0011355940883395208	0.012644452841625397
4.85985985985986	0.0011279825183760678	0.012748303157533855
4.86986986986987	0.0011208988523657242	0.01286595760132876
4.87987987987988	0.0011143340326352684	0.012998023924526241
4.88988988988989	0.001108280783834811	0.013145183367870097
4.8998998998999	0.001102733591703834	0.013308197128686692
4.90990990990991	0.0010976886952217962	0.013487913674086563
4.91991991991992	0.0010931440923606125	0.013685276998847728
4.92992992992993	0.0010890995597496547	0.013901335939366353
4.93993993993994	0.0010855566869825508	0.014137254668235882
4.94994994994995	0.0010825189261513088	0.01439432450824367
4.95995995995996	0.001079991657779575	0.014673977218881867
4.96996996996997	0.0010779822744194426	0.014977799922781417
4.97997997997998	0.0010765002834408303	0.015307551853044249
4.98998998998999	0.0010755574310366094	0.015665183112761168
5.0	0.0010751678497682932	0.016052855644770585
