-5.0	-0.003272663075904979	11.212926366036209
-4.98998998998999	-0.0030925696722242002	4.4178355536920915
-4.97997997997998	-0.0029251288466582122	1.6200996410279822
-4.96996996996997	-0.0027691913956231304	0.7865613726208167
-4.95995995995996	-0.002623729277233704	0.4549964046346617
-4.94994994994995	-0.0024878205621527974	0.2936560635527399
-4.93993993993994	-0.0023606364819668177	0.2039917160383075
-4.92992992992993	-0.0022414302432367775	0.14934391050304627
-4.91991991991992	-0.0021295273402150514	0.11371634295658324
-4.90990990990991	-0.0020243171366953997	0.08926865783204001
-4.8998998998999	-0.0019252455297796374	0.07180498610326283
-4.88988988988989	-0.0018318085364417357	0.058920334636738715
-4.87987987987988	-0.0017435466704517713	0.049158229438439026
-4.86986986986987	-0.0016600399958185666	0.041595950964536645
-4.85985985985986	-0.0015809037632996245	0.03562653125722469
-4.84984984984985	-0.0015057845461791963	0.030837790677149545
-4.83983983983984	-0.001434356808211982	0.02694208121419873
-4.82982982982983	-0.0013663198432541021	0.023733855566015528
-4.81981981981982	-0.0013013950352685094	0.02106316123727573
-4.80980980980981	-0.0012393233939436187	0.018818587169207538
-4.7997997997998	-0.0011798633279537316	0.016916003168415968
-4.78978978978979	-0.0011227886214942337	0.015290950941157042
-4.77977977977978	-0.0010678865834026525	0.013893395526481191
-4.76976976976977	-0.0010149563429298313	0.012684037203137707
-4.75975975975976	-0.0009638072676555222	0.01163167615995709
-4.74974974974975	-0.0009142574813096924	0.010711300566207893
-4.73973973973974	-0.0008661324601821348	0.009902680099404827
-4.72972972972973	-0.0008192636907427189	0.009189318085282616
-4.71971971971972	-0.0007734873665886934	0.008557661660016695
-4.70970970970971	-0.0007286431098144589	0.007996499994514825
-4.6996996996997	-0.0006845726942661728	0.007496501238607574
-4.68968968968969	-0.0006411187555112744	0.0070498529306321995
-4.67967967967968	-0.0005981234636127457	0.006649980380768955
-4.66966966966967	-0.0005554271371813868	0.006291324388245936
-4.65965965965966	-0.0005128667777887212	0.005969164522643438
-4.64964964964965	-0.0004702744917256355	0.005679477697489637
-4.63963963963964	-0.00042747577242347796	0.0054188243062434985
-4.62962962962963	-0.00038428760439146003	0.00518425605482771
-4.61961961961962	-0.0003405163466756853	0.004973241006197485
-4.60960960960961	-0.0002959553448284118	0.004783602384502415
-4.5995995995996	-0.0002503822110533274	0.0046134684656542625
-4.58958958958959	-0.00020355569708203043	0.004461231473466197
-4.57957957957958	-0.00015521207156257163	0.00432551385629108
-4.56956956956957	-0.00010506089060398727	0.004205140672319137
-4.55955955955956	-5.278002490680745e-5	0.004099117089088322
-4.54954954954955	1.9902253857495277e-6	0.004006610223187874
-4.53953953953954	5.9654141571070684e-5	0.003926934724672038
-4.52952952952953	0.0001206689903896044	0.003859541657942008
-4.51951951951952	0.000185555160666106	0.003804010356028984
-4.50950950950951	0.00025490846821841064	0.003760043035951964
-4.4994994994995	0.0003294151855891189	0.003727462064209173
-4.48948948948949	0.00040987052236346894	0.0037062098608888904
-4.47947947947948	0.0004972015021463633	0.003696351532634441
-4.46946946946947	0.0005924954825996164	0.003698080436006854
-4.45945945945946	0.0006970359756846607	0.0037117270004516116
-4.44944944944945	0.000812347990541582	0.0037377712931032448
-4.43943943943944	0.0009402559102906684	0.003776859998193524
-4.42942942942943	0.001082958027171051	0.003829828726500813
-4.41941941941942	0.0012431234462445065	0.003897730888217547
-4.40940940940941	0.0014240193646976934	0.003981874784007869
-4.3993993993994	0.0016296801045780286	0.004083871139755033
-4.38938938938939	0.001865134289398213	0.0042056940896713114
-4.37937937937938	0.002136714163931009	0.004349759695152069
-4.36936936936937	0.00245248277373682	0.004519027606742907
-4.35935935935936	0.002822833173523796	0.00471713364216267
-4.34934934934935	0.003261343489447535	0.004948564178795815
-4.33933933933934	0.003786020516854708	0.005218887839736567
-4.32932932932933	0.004421147153865453	0.0055350667686949
-4.31931931931932	0.005200092939722904	0.005905880107938476
-4.3093093093093096	0.006169706291309987	0.00634250820283432
-4.2992992992992995	0.007397392146782238	0.006859351082545604
-4.2892892892892895	0.008982926126907641	0.007475195009090742
-4.2792792792792795	0.011079000811168097	0.008214907188175496
-4.2692692692692695	0.01392872902759059	0.009111950948812314
-4.2592592592592595	0.017938182573320176	0.010212209409243946
-4.2492492492492495	0.02382698724817922	0.011579958705589357
-4.2392392392392395	0.03296994185412168	0.013307493595472487
-4.2292292292292295	0.04826608683618602	0.015531203939803003
-4.2192192192192195	0.0767203043256445	0.018459568874769794
-4.2092092092092095	0.1390379132889971	0.022424364580887465
-4.1991991991991995	0.32084762305101555	0.027980039603065634
-4.1891891891891895	1.3491257526525877	0.03611104233790034
-4.1791791791791795	144.82460891925118	0.04870552984599484
-4.1691691691691695	1.160582410496969	0.0697732902856838
-4.1591591591591595	0.30684276234325275	0.10912214454124679
-4.1491491491491495	0.1397126160954771	0.19638010056181635
-4.1391391391391394	0.07987110168644893	0.4595133708999969
-4.129129129129129	0.051777222155570006	2.1245628606623295
-4.119119119119119	0.03635373020249469	40.235508113263684
-4.109109109109109	0.026972417278284436	1.132703257807574
-4.099099099099099	0.02083720903993981	0.3242828637482772
-4.089089089089089	0.016602063168992275	0.15011246371593615
-4.079079079079079	0.01355352144366172	0.08586552484129872
-4.069069069069069	0.011284585424280551	0.05536490350390664
-4.059059059059059	0.009549202726898742	0.038565520975474644
-4.049049049049049	0.008191452545124692	0.028355575082732464
-4.039039039039039	0.007108603714098814	0.021699330490078488
-4.029029029029029	0.006230712886633011	0.01712535411142391
-4.019019019019019	0.0055088074196907935	0.013850770831885592
-4.009009009009009	0.004907758056235871	0.01142819122767308
-3.998998998998999	0.0044018279162800125	0.00958704356020561
-3.988988988988989	0.0039718073930450565	0.008155978887385264
-3.978978978978979	0.003603120199231569	0.007022258209793755
-3.968968968968969	0.0032845415647121453	0.006109275601862133
-3.958958958958959	0.003007312328850392	0.005363523115235336
-3.948948948948949	0.0027645150057049343	0.004746724597196586
-3.938938938938939	0.0025506268214427245	0.004230923308169848
-3.928928928928929	0.00236119454665171	0.0037953212672013955
-3.918918918918919	0.0021925945888948716	0.0034241916375248546
-3.908908908908909	0.002041853695799191	0.0031054674399982217
-3.898898898898899	0.0019065133632089654	0.002829767492420536
-3.888888888888889	0.0017845261704080235	0.00258971148114008
-3.878878878878879	0.001674175723136058	0.0023794301717211495
-3.868868868868869	0.0015740142454653107	0.002194209774198794
-3.858858858858859	0.001482813506519982	0.002030230097130892
-3.848848848848849	0.0013995259172636036	0.0018843692824876948
-3.838838838838839	0.0013232534541288102	0.001754056475203998
-3.828828828828829	0.00125322266111138	0.0016371594521095557
-3.818818818818819	0.001188764402100538	0.0015318980532735256
-3.808808808808809	0.0011292973616713882	0.0014367768691445617
-3.798798798798799	0.0010743145183651018	0.0013505324463800386
-3.7887887887887888	0.0010233719931843747	0.0012720915456221325
-3.7787787787787788	0.000976079808651173	0.0012005378880308687
-3.7687687687687688	0.0009320941910056292	0.001135085476479162
-3.7587587587587588	0.0008911111290684538	0.0010750570489732017
-3.7487487487487487	0.000852860959152034	0.001019866568067025
-3.7387387387387387	0.0008171037933550246	0.0009690049062536807
-3.7287287287287287	0.0007836256445342317	0.0009220280788216278
-3.7187187187187187	0.0007522351285609747	0.0008785475197038172
-3.7087087087087087	0.0007227606474825871	0.0008382220056652522
-3.6986986986986987	0.000695047975070576	0.0008007509175043219
-3.6886886886886887	0.0006689581801841676	0.0007658685916404947
-3.6786786786786787	0.0006443658347068896	0.0007333395654635905
-3.6686686686686687	0.0006211574631036045	0.0007029545585707253
-3.6586586586586587	0.000599230195327498	0.0006745270629320996
-3.6486486486486487	0.0005784905949470949	0.000647890438886523
-3.6386386386386387	0.0005588536357694955	0.0006228954331318069
-3.6286286286286287	0.0005402418058383188	0.0005994080503536718
-3.6186186186186187	0.0005225843214154504	0.0005773077219344016
-3.6086086086086087	0.0005058164354185676	0.0005564857255821418
-3.5985985985985987	0.0004898788279858601	0.0005368438173075666
-3.5885885885885886	0.0004747170671867965	0.0005182930438186783
-3.5785785785785786	0.00046028113187394714	0.0005007527087868775
-3.5685685685685686	0.00044652498784693355	0.00048414947049565856
-3.5585585585585586	0.0004334062116129332	0.00046841655237524736
-3.5485485485485486	0.0004208856541044824	0.0004534930503917049
-3.5385385385385386	0.0004089271412663932	0.0004393233241208023
-3.5285285285285286	0.0003974972054748922	0.00042585646011234374
-3.5185185185185186	0.0003865648457600046	0.0004130457978697262
-3.5085085085085086	0.000376101311704351	0.00040084851036157715
-3.4984984984984986	0.00036607990972709997	0.0003892252319057413
-3.4884884884884886	0.0003564758283179376	0.0003781397274994298
-3.4784784784784786	0.0003472659803689096	0.0003675585984049412
-3.4684684684684686	0.00033842886139523524	0.00035745101944816314
-3.4584584584584586	0.0003299444200707065	0.000347788504286761
-3.4484484484484486	0.00032179394170834527	0.0003385446952692175
-3.4384384384384385	0.00031395994291507165	0.0003296951749574995
-3.4284284284284285	0.0003064260745818282	0.000321217296854889
-3.4184184184184185	0.00029917703507731044	0.00031309003307509943
-3.4084084084084085	0.00029219849027253727	0.0003052938370964801
-3.3983983983983985	0.0002854770007187368	0.00029781051991805205
-3.3883883883883885	0.00027899995533575516	0.0002906231380694809
-3.3783783783783785	0.00027275551092890033	0.0002837158923681284
-3.3683683683683685	0.0002667325362617764	0.0002770740360189834
-3.3583583583583585	0.0002609205612705384	0.00027068379128578974
-3.3483483483483485	0.00025530973080976265	0.0002645322737908007
-3.3383383383383385	0.00024989076090809327	0.0002586074235403554
-3.3283283283283285	0.00024465489994226336	0.0002528979421933512
-3.3183183183183185	0.00023959389223270452	0.00024739323576839607
-3.3083083083083085	0.00023469994457659356	0.00024208336230032573
-3.2982982982982985	0.0002299656954394487	0.000236958984082268
-3.2882882882882885	0.0002253841863229758	0.00023201132386733143
-3.2782782782782784	0.00022094883584069042	0.00022723212470617492
-3.2682682682682684	0.0002166534153223151	0.00022261361324700489
-3.2582582582582584	0.00021249202598169908	0.00021814846585313868
-3.2482482482482484	0.0002084590785626268	0.00021382977759866405
-3.2382382382382384	0.00020454927380315525	0.0002096510336538326
-3.2282282282282284	0.00020075758437833975	0.00020560608297501252
-3.2182182182182184	0.00019707923847728042	0.00020168911403856634
-3.2082082082082084	0.0001935097045871762	0.0001978946324109197
-3.1981981981981984	0.00019004467643725934	0.00019421744011621596
-3.1881881881881884	0.0001866800602911539	0.00019065261644459053
-3.1781781781781784	0.0001834119620431225	0.0001871955003104626
-3.1681681681681684	0.00018023667582065862	0.00018384167381890602
-3.1581581581581584	0.00017715067313741757	0.00018058694712406534
-3.1481481481481484	0.00017415059272755883	0.00017742734428306014
-3.1381381381381384	0.00017123323110770396	0.00017435909021312027
-3.1281281281281283	0.00016839553382735282	0.00017137859853978354
-3.118118118118118	0.00016563458701349736	0.00016848246025886302
-3.108108108108108	0.0001629476099948874	0.0001656674332375543
-3.098098098098098	0.00016033194769022625	0.0001629304324593848
-3.088088088088088	0.00015778506389201627	0.0001602685208242833
-3.078078078078078	0.00015530453541906807	0.00015767890070122055
-3.068068068068068	0.00015288804535366145	0.00015515890595431723
-3.058058058058058	0.00015053337799003893	0.0001527059945252285
-3.048048048048048	0.0001482384134313403	0.00015031774151725907
-3.038038038038038	0.00014600112267274594	0.00014799183270641867
-3.028028028028028	0.00014381956282187187	0.0001457260584688645
-3.018018018018018	0.0001416918730161848	0.00014351830810698004
-3.008008008008008	0.00013961626993288893	0.00014136656454548388
-2.997997997997998	0.00013759104427614094	0.00013926889930649584
-2.987987987987988	0.00013561455688404752	0.00013722346786860072
-2.977977977977978	0.00013368523540225694	0.0001352285052547408
-2.967967967967968	0.00013180157089697113	0.00013328232191477902
-2.957957957957958	0.00012996211502520154	0.00013138329984168338
-2.947947947947948	0.00012816547697124163	0.00012952988894832218
-2.937937937937938	0.0001264103207980374	0.00012772060360645998
-2.9279279279279278	0.00012469536267011654	0.0001259540194633268
-2.9179179179179178	0.00012301936884032106	0.00012422877035825694
-2.9079079079079078	0.00012138115276844073	0.0001225435454904887
-2.8978978978978978	0.00011977957343140314	0.00012089708672000596
-2.8878878878878878	0.00011821353306462972	0.00011928818599306901
-2.8778778778778777	0.00011668197502064433	0.00011771568297867299
-2.8678678678678677	0.00011518388240182737	0.00011617846278071338
-2.8578578578578577	0.00011371827568207421	0.00011467545377574122
-2.8478478478478477	0.0001122842114691972	0.00011320562564669618
-2.8378378378378377	0.00011088078092326419	0.00011176798738598371
-2.8278278278278277	0.00010950710786662051	0.00011036158558284261
-2.8178178178178177	0.00010816234785781695	0.0001089855026036335
-2.8078078078078077	0.00010684568658281901	0.00010763885506601672
-2.7977977977977977	0.00010555633840973873	0.00010632079224664681
-2.7877877877877877	0.00010429354553549514	0.00010503049462463944
-2.7777777777777777	0.00010305657653207032	0.0001037671725318899
-2.7677677677677677	0.00010184472543364654	0.00010253006480865879
-2.7577577577577577	0.00010065731042669601	0.00010131843760308514
-2.7477477477477477	9.94936732356475e-5	0.00010013158316098147
-2.7377377377377377	9.835317772925301e-5	9.896881869492749e-5
-2.7277277277277276	9.723520929203811e-5	9.782948536431317e-5
-2.7177177177177176	9.613917408445728e-5	9.671294722772557e-5
-2.7077077077077076	9.506449770874178e-5	9.561859029750884e-5
-2.6976976976976976	9.40106249994277e-5	9.454582162135942e-5
-2.6876876876876876	9.297701888617794e-5	9.349406842185202e-5
-2.6776776776776776	9.196315982545008e-5	9.246277725177458e-5
-2.6676676676676676	9.09685451545486e-5	9.145141322712082e-5
-2.6576576576576576	8.999268832928628e-5	9.045945925780181e-5
-2.6476476476476476	8.903511829915036e-5	8.948641535122923e-5
-2.6376376376376376	8.80953791461121e-5	8.85317979124641e-5
-2.6276276276276276	8.717302912704228e-5	8.75951391125763e-5
-2.6176176176176176	8.626764049129918e-5	8.667598625450827e-5
-2.6076076076076076	8.53787987469639e-5	8.57739011926926e-5
-2.5975975975975976	8.450610219456412e-5	8.488845975744731e-5
-2.5875875875875876	8.364916160695428e-5	8.401925123174721e-5
-2.5775775775775776	8.280759950735126e-5	8.316587782278863e-5
-2.5675675675675675	8.198104996029004e-5	8.232795419007102e-5
-2.5575575575575575	8.116915805037766e-5	8.150510694386839e-5
-2.5475475475475475	8.037157954563686e-5	8.069697422536957e-5
-2.5375375375375375	7.958798041212512e-5	7.990320527830866e-5
-2.5275275275275275	7.881803650735084e-5	7.912346000546399e-5
-2.5175175175175175	7.806143335824914e-5	7.835740862344068e-5
-2.5075075075075075	7.731786547991134e-5	7.760473125106251e-5
-2.4974974974974975	7.658703646372805e-5	7.686511755763255e-5
-2.4874874874874875	7.586865835513485e-5	7.61382664286615e-5
-2.4774774774774775	7.516245150303015e-5	7.542388562586993e-5
-2.4674674674674675	7.446814435879757e-5	7.472169148638839e-5
-2.4574574574574575	7.378547294908402e-5	7.403140859310555e-5
-2.4474474474474475	7.311418077848314e-5	7.335276950865871e-5
-2.4374374374374375	7.245401859626284e-5	7.268551448414977e-5
-2.4274274274274275	7.180474408945718e-5	7.20293912140255e-5
-2.4174174174174174	7.116612166224506e-5	7.138415453289529e-5
-2.4074074074074074	7.053792224381898e-5	7.074956622039283e-5
-2.3973973973973974	6.99199230181339e-5	7.012539474182962e-5
-2.3873873873873874	6.931190729591181e-5	6.951141501202391e-5
-2.3773773773773774	6.871366424531712e-5	6.890740820805747e-5
-2.3673673673673674	6.812498871569706e-5	6.831316152249984e-5
-2.3573573573573574	6.754568100744077e-5	6.772846801010124e-5
-2.3473473473473474	6.697554690213321e-5	6.71531263291425e-5
-2.3373373373373374	6.641439718401721e-5	6.65869406263625e-5
-2.3273273273273274	6.586204771495115e-5	6.602972031447984e-5
-2.3173173173173174	6.531831916053535e-5	6.54812799080798e-5
-2.3073073073073074	6.478303691065497e-5	6.494143886764702e-5
-2.2972972972972974	6.425603082111362e-5	6.441002144389637e-5
-2.2872872872872874	6.373713519133846e-5	6.388685650295663e-5
-2.2772772772772774	6.32261885994174e-5	6.33717774026044e-5
-2.2672672672672673	6.272303372138827e-5	6.286462184281095e-5
-2.2572572572572573	6.222751721402387e-5	6.23652317216214e-5
-2.2472472472472473	6.173948960536352e-5	6.187345302072766e-5
-2.2372372372372373	6.125880526123374e-5	6.138913566009673e-5
-2.2272272272272273	6.07853221672708e-5	6.091213340023555e-5
-2.2172172172172173	6.031890180890877e-5	6.044230368149873e-5
-2.2072072072072073	5.985940911524272e-5	5.9979507572223424e-5
-2.1971971971971973	5.9406712394313936e-5	5.952360960616062e-5
-2.1871871871871873	5.896068307118388e-5	5.907447770197738e-5
-2.1771771771771773	5.8521195905690214e-5	5.8631983058471854e-5
-2.1671671671671673	5.808812850249278e-5	5.819600005521214e-5
-2.1571571571571573	5.7661361516461775e-5	5.776640615935612e-5
-2.1471471471471473	5.724077850249935e-5	5.734308182555196e-5
-2.1371371371371373	5.6826265718878495e-5	5.692591043894203e-5
-2.1271271271271273	5.641771223273706e-5	5.6514778170465045e-5
-2.1171171171171173	5.601500966106207e-5	5.610957395606695e-5
-2.1071071071071072	5.5618052229624314e-5	5.571018940193632e-5
-2.0970970970970972	5.5226736597214616e-5	5.5316518666703455e-5
-2.0870870870870872	5.4840961909464045e-5	5.492845844555307e-5
-2.0770770770770772	5.446062957021221e-5	5.454590785153184e-5
-2.067067067067067	5.408564335418126e-5	5.4168768401635324e-5
-2.057057057057057	5.371590919927905e-5	5.379694387196429e-5
-2.047047047047047	5.3351335217172154e-5	5.3430340305310564e-5
-2.037037037037037	5.299183161424271e-5	5.306886591378715e-5
-2.027027027027027	5.263731064938108e-5	5.2712431023222105e-5
-2.017017017017017	5.228768656881684e-5	5.236094801769892e-5
-2.007007007007007	5.194287552507224e-5	5.201433128215664e-5
-1.996996996996997	5.1602795564967255e-5	5.1672497141219836e-5
-1.986986986986987	5.126736660833055e-5	5.133536381310476e-5
-1.976976976976977	5.093651030309243e-5	5.1002851375669234e-5
-1.966966966966967	5.061015001182829e-5	5.067488167130524e-5
-1.956956956956957	5.0288210877426676e-5	5.0351378300210384e-5
-1.946946946946947	4.997061957876965e-5	5.003226656224766e-5
-1.936936936936937	4.965730448959446e-5	4.971747340263036e-5
-1.926926926926927	4.9348195453895984e-5	4.9406927374119034e-5
-1.916916916916917	4.9043223905097504e-5	4.910055860123855e-5
-1.906906906906907	4.874232273440476e-5	4.879829873772394e-5
-1.896896896896897	4.8445426276909876e-5	4.850008091201926e-5
-1.8868868868868869	4.815247025162601e-5	4.820583970239162e-5
-1.8768768768768769	4.786339178545819e-5	4.7915511096183155e-5
-1.8668668668668669	4.757812929579102e-5	4.762903246240818e-5
-1.8568568568568569	4.729662256535301e-5	4.734634249487106e-5
-1.8468468468468469	4.7018812551980374e-5	4.706738120685983e-5
-1.8368368368368369	4.67446415715056e-5	4.679208986672655e-5
-1.8268268268268268	4.647405298901573e-5	4.6520411000997255e-5
-1.8168168168168168	4.6206991509096985e-5	4.625228831792251e-5
-1.8068068068068068	4.594340288280145e-5	4.598766673727428e-5
-1.7967967967967968	4.568323397704521e-5	4.572649230060289e-5
-1.7867867867867868	4.542643283813958e-5	4.54687121766014e-5
-1.7767767767767768	4.517294847381517e-5	4.5214274631586425e-5
-1.7667667667667668	4.492273102376119e-5	4.4963128994411855e-5
-1.7567567567567568	4.4675731531783616e-5	4.471522563935286e-5
-1.7467467467467468	4.443190214590775e-5	4.447051594785971e-5
-1.7367367367367368	4.419119594296109e-5	4.4228952294478405e-5
-1.7267267267267268	4.3953566884112945e-5	4.399048802250108e-5
-1.7167167167167168	4.371896992413204e-5	4.375507741482198e-5
-1.7067067067067068	4.34873609108792e-5	4.352267567159619e-5
-1.6966966966966968	4.325869651721069e-5	4.329323891534315e-5
-1.6866866866866868	4.303293432622789e-5	4.30667241100998e-5
-1.6766766766766767	4.281003278934835e-5	4.284308909967155e-5
-1.6666666666666667	4.258995109015548e-5	4.2622292562757555e-5
-1.6566566566566567	4.237264921757394e-5	4.240429399327624e-5
-1.6466466466466467	4.215808802396497e-5	4.21890536814763e-5
-1.6366366366366367	4.194622907929035e-5	4.197653270722475e-5
-1.6266266266266267	4.1737034683714414e-5	4.176669289965906e-5
-1.6166166166166167	4.1530467895169614e-5	4.155949684255911e-5
-1.6066066066066067	4.132649250490914e-5	4.135490783566921e-5
-1.5965965965965967	4.1125072912191425e-5	4.115288990896051e-5
-1.5865865865865867	4.0926174262417905e-5	4.095340776842808e-5
-1.5765765765765767	4.0729762395524325e-5	4.075642681496345e-5
-1.5665665665665667	4.053580374863879e-5	4.0561913103047824e-5
-1.5565565565565564	4.0344265434253616e-5	4.036983334812927e-5
-1.5465465465465464	4.0155115129225575e-5	4.018015488377131e-5
-1.5365365365365364	3.99683211950455e-5	3.999284568551568e-5
-1.5265265265265264	3.978385256946493e-5	3.9807874316862e-5
-1.5165165165165164	3.960167870712801e-5	3.962520995117661e-5
-1.5065065065065064	3.9421769733629646e-5	3.944482233915077e-5
-1.4964964964964964	3.924409626846265e-5	3.926668179103906e-5
-1.4864864864864864	3.90686294932295e-5	3.909075918734861e-5
-1.4764764764764764	3.889534117110056e-5	3.891702594249997e-5
-1.4664664664664664	3.872420346674086e-5	3.8745454010486184e-5
-1.4564564564564564	3.8555189176277656e-5	3.8576015868329604e-5
-1.4464464464464464	3.83882715925014e-5	3.840868449296499e-5
-1.4364364364364364	3.8223424412384824e-5	3.824343337154818e-5
-1.4264264264264264	3.806062191376345e-5	3.808023647863803e-5
-1.4164164164164164	3.789983876500911e-5	3.7919068263843147e-5
-1.4064064064064064	3.774105012769627e-5	3.7759903651845195e-5
-1.3963963963963963	3.758423166999637e-5	3.7602718020597796e-5
-1.3863863863863863	3.742935940308658e-5	3.744748720065767e-5
-1.3763763763763763	3.7276409812224656e-5	3.729418746946143e-5
-1.3663663663663663	3.712535986419709e-5	3.714279552077433e-5
-1.3563563563563563	3.697618686986436e-5	3.699328849033202e-5
-1.3463463463463463	3.6828868553163155e-5	3.6845643910594594e-5
-1.3363363363363363	3.668338312924606e-5	3.6699839737498e-5
-1.3263263263263263	3.653970905174613e-5	3.6555854306987164e-5
-1.3163163163163163	3.639782528122672e-5	3.6413666356698524e-5
-1.3063063063063063	3.625771111512011e-5	3.627325500476373e-5
-1.2962962962962963	3.611934620366379e-5	3.6134599746069576e-5
-1.2862862862862863	3.5982710609058015e-5	3.5997680429972174e-5
-1.2762762762762763	3.5847784716331165e-5	3.586247728239257e-5
-1.2662662662662663	3.5714549226169004e-5	3.572897087438887e-5
-1.2562562562562563	3.558298520057059e-5	3.559714212620552e-5
-1.2462462462462462	3.545307411561084e-5	3.54669722883547e-5
-1.2362362362362362	3.532479766784722e-5	3.5338442962072526e-5
-1.2262262262262262	3.519813793811406e-5	3.5211536056009354e-5
-1.2162162162162162	3.507307728301656e-5	3.508623381936251e-5
-1.2062062062062062	3.494959841141181e-5	3.496251878867327e-5
-1.1961961961961962	3.482768428550146e-5	3.484037383929623e-5
-1.1861861861861862	3.4707318223113664e-5	3.471978213273102e-5
-1.1761761761761762	3.458848380420082e-5	3.4600727121891344e-5
-1.1661661661661662	3.4471164938579426e-5	3.4483192565896234e-5
-1.1561561561561562	3.4355345701926916e-5	3.4367162503432814e-5
-1.1461461461461462	3.4241010630688915e-5	3.425262125163479e-5
-1.1361361361361362	3.412814433421792e-5	3.413955340754098e-5
-1.1261261261261262	3.401673185904218e-5	3.4027943834738987e-5
-1.1161161161161162	3.390675840935329e-5	3.391777767084345e-5
-1.1061061061061062	3.379820945888043e-5	3.380904030356953e-5
-1.0960960960960962	3.36910708525112e-5	3.370171738913802e-5
-1.0860860860860861	3.358532848886509e-5	3.359579482438471e-5
-1.0760760760760761	3.348096863956467e-5	3.34912587551399e-5
-1.0660660660660661	3.3377977813924694e-5	3.338809557991975e-5
-1.0560560560560561	3.327634268976641e-5	3.328629192943311e-5
-1.0460460460460461	3.3176050270125616e-5	3.31858346652196e-5
-1.0360360360360361	3.30770877133835e-5	3.3086710892997505e-5
-1.026026026026026	3.2979442404752423e-5	3.2988907921663405e-5
-1.016016016016016	3.288310201028343e-5	3.289241330907481e-5
-1.006006006006006	3.278805433945132e-5	3.279721481425812e-5
-0.995995995995996	3.269428746362194e-5	3.2703300420284164e-5
-0.985985985985986	3.2601789670063614e-5	3.2610658317550295e-5
-0.975975975975976	3.251054940482954e-5	3.2519276909106564e-5
-0.965965965965966	3.242055534314834e-5	3.242914479717687e-5
-0.955955955955956	3.233179637027247e-5	3.2340250787667514e-5
-0.9459459459459459	3.22442615393616e-5	3.225258388746883e-5
-0.9359359359359359	3.215794012346062e-5	3.216613329283225e-5
-0.9259259259259259	3.2072821600728905e-5	3.2080888401931276e-5
-0.9159159159159159	3.198889560466253e-5	3.199683878586748e-5
-0.9059059059059059	3.190615190992437e-5	3.191397421360798e-5
-0.8958958958958959	3.182458059783171e-5	3.18322846351654e-5
-0.8858858858858859	3.174417181053336e-5	3.1751760171754775e-5
-0.8758758758758759	3.166491590121256e-5	3.16723911328597e-5
-0.8658658658658659	3.1586803435278985e-5	3.159416799544635e-5
-0.8558558558558559	3.150982505166932e-5	3.151708141897546e-5
-0.8458458458458459	3.1433971712067576e-5	3.14411222141737e-5
-0.8358358358358359	3.135923438775886e-5	3.136628136477649e-5
-0.8258258258258259	3.128560428691221e-5	3.1292550025507085e-5
-0.8158158158158159	3.121307279030989e-5	3.121991950854866e-5
-0.8058058058058059	3.114163139532789e-5	3.114838127994831e-5
-0.7957957957957958	3.107127178796012e-5	3.1077926970801165e-5
-0.7857857857857858	3.100198577025827e-5	3.100854836193659e-5
-0.7757757757757757	3.0933765345880316e-5	3.0940237386687264e-5
-0.7657657657657657	3.086660260844961e-5	3.087298612762331e-5
-0.7557557557557557	3.080048986803506e-5	3.080678681810938e-5
-0.7457457457457457	3.0735419511380234e-5	3.074163183425043e-5
-0.7357357357357357	3.067138411274651e-5	3.067751369868653e-5
-0.7257257257257257	3.060837636207879e-5	3.0614425073130776e-5
-0.7157157157157157	3.0546389110984714e-5	3.055235876175779e-5
-0.7057057057057057	3.048541532535472e-5	3.0491307704217598e-5
-0.6956956956956957	3.0425448099615374e-5	3.043126497966469e-5
-0.6856856856856857	3.036648070326482e-5	3.037222379805448e-5
-0.6756756756756757	3.0308506521407745e-5	3.0314177500496616e-5
-0.6656656656656657	3.025151904674513e-5	3.0257119565021453e-5
-0.6556556556556556	3.0195511918479373e-5	3.0201043597380268e-5
-0.6456456456456456	3.014047889077538e-5	3.0145943320073103e-5
-0.6356356356356356	3.008641383077291e-5	3.009181259686612e-5
-0.6256256256256256	3.003331077797291e-5	3.0038645407562127e-5
-0.6156156156156156	2.998116384725551e-5	2.9986435856030843e-5
-0.6056056056056056	2.9929967307090964e-5	2.993517816534937e-5
-0.5955955955955956	2.9879715512761287e-5	2.9884866683292713e-5
-0.5855855855855856	2.983040297874983e-5	2.98354958734804e-5
-0.5755755755755756	2.978202424814328e-5	2.9787060312296923e-5
-0.5655655655655656	2.973457412925249e-5	2.973955469944495e-5
-0.5555555555555556	2.9688047383593913e-5	2.9692973842039252e-5
-0.5455455455455456	2.964243898309075e-5	2.9647312663193583e-5
-0.5355355355355356	2.959774398143389e-5	2.9602566201923883e-5
-0.5255255255255256	2.955395755734176e-5	2.9558729594570483e-5
-0.5155155155155156	2.9511074983068233e-5	2.9515798102646194e-5
-0.5055055055055055	2.9469091618453484e-5	2.9473767089612974e-5
-0.4954954954954955	2.9428002977430365e-5	2.9432632020719894e-5
-0.4854854854854855	2.9387804658377505e-5	2.9392388471930197e-5
-0.4754754754754755	2.9348492323519962e-5	2.935303212640532e-5
-0.46546546546546547	2.9310061817425123e-5	2.931455876710351e-5
-0.45545545545545546	2.9272509022239117e-5	2.9276964276433562e-5
-0.44544544544544545	2.9235829933327974e-5	2.9240244649332793e-5
-0.43543543543543545	2.9200020697719565e-5	2.9204395971817828e-5
-0.42542542542542544	2.9165077489035008e-5	2.9169414433839854e-5
-0.41541541541541543	2.913099659049508e-5	2.9135296318791625e-5
-0.40540540540540543	2.9097774429013626e-5	2.9102038020321612e-5
-0.3953953953953954	2.9065407528612195e-5	2.9069636016192192e-5
-0.38538538538538536	2.90338924434423e-5	2.9038086886529925e-5
-0.37537537537537535	2.900322588449318e-5	2.9007387307625047e-5
-0.36536536536536535	2.8973404604499022e-5	2.8977534047978397e-5
-0.35535535535535534	2.8944425517926514e-5	2.8948523970268945e-5
-0.34534534534534533	2.8916285564586496e-5	2.8920354034537056e-5
-0.3353353353353353	2.8888981819341284e-5	2.8893021285920095e-5
-0.3253253253253253	2.8862511419738043e-5	2.886652286691749e-5
-0.3153153153153153	2.8836871623986447e-5	2.8840856011987525e-5
-0.3053053053053053	2.8812059769100647e-5	2.8816018041883485e-5
-0.2952952952952953	2.8788073284534636e-5	2.8792006369793898e-5
-0.2852852852852853	2.8764909653860413e-5	2.876881849552179e-5
-0.2752752752752753	2.874256649943652e-5	2.8746452010590316e-5
-0.2652652652652653	2.8721041487137566e-5	2.8724904596191117e-5
-0.2552552552552553	2.870033241931877e-5	2.870417401518968e-5
-0.24524524524524524	2.8680437149187634e-5	2.8684258121511336e-5
-0.23523523523523523	2.866135360640297e-5	2.8665154854307648e-5
-0.22522522522522523	2.86430798291833e-5	2.8646862241650346e-5
-0.21521521521521522	2.8625613968249516e-5	2.8629378392889863e-5
-0.20520520520520522	2.8608954194936716e-5	2.8612701506075695e-5
-0.19519519519519518	2.859309882375884e-5	2.8596829859630146e-5
-0.18518518518518517	2.85780461739179e-5	2.858176182249981e-5
-0.17517517517517517	2.856379477672793e-5	2.856749584312949e-5
-0.16516516516516516	2.8550343098056096e-5	2.8554030456643146e-5
-0.15515515515515516	2.8537689820129673e-5	2.854136427504095e-5
-0.14514514514514515	2.8525833582627968e-5	2.8529496004303128e-5
-0.13513513513513514	2.8514773253143213e-5	2.851842442313881e-5
-0.12512512512512514	2.8504507629905023e-5	2.8508148395608246e-5
-0.11511511511511512	2.8495035691487323e-5	2.849866687178136e-5
-0.10510510510510511	2.8486356477705978e-5	2.8489978879647066e-5
-0.09509509509509509	2.8478469122337657e-5	2.848208352552067e-5
-0.08508508508508508	2.8471372762053164e-5	2.847498001250009e-5
-0.07507507507507508	2.846506671215163e-5	2.846866759683042e-5
-0.06506506506506507	2.845955034700931e-5	2.846314564932812e-5
-0.055055055055055056	2.845482304474542e-5	2.8458413596619485e-5
-0.04504504504504504	2.84508843659377e-5	2.845447095573477e-5
-0.035035035035035036	2.844773392863887e-5	2.8451317329909006e-5
-0.025025025025025027	2.8445371344937364e-5	2.8448952391781554e-5
-0.015015015015015015	2.84437964526305e-5	2.8447375904262633e-5
-0.005005005005005005	2.844300903944481e-5	2.8446587693386145e-5
0.005005005005005005	2.8443009017353838e-5	2.8446587696938266e-5
0.015015015015015015	2.8443796430881658e-5	2.8447375900485642e-5
0.025025025025025027	2.8445371369824313e-5	2.844895239621747e-5
0.035035035035035036	2.8447733918234187e-5	2.8451317333235978e-5
0.04504504504504504	2.8450884355877222e-5	2.8454470964283373e-5
0.055055055055055056	2.8454823044924327e-5	2.845841359972282e-5
0.06506506506506507	2.8459550332874015e-5	2.846314565309139e-5
0.07507507507507508	2.8465066724180535e-5	2.8468667600719538e-5
0.08508508508508508	2.8471372752229862e-5	2.8474980015160595e-5
0.09509509509509509	2.8478469103556693e-5	2.848208353086189e-5
0.10510510510510511	2.8486356491200463e-5	2.8489978878642363e-5
0.11511511511511512	2.849503569338707e-5	2.849866687844839e-5
0.12512512512512514	2.8504507629731524e-5	2.850814839972858e-5
0.13513513513513514	2.8514773253679686e-5	2.8518424424369043e-5
0.14514514514514515	2.8525833597592438e-5	2.8529496005434134e-5
0.15515515515515516	2.8537689817213013e-5	2.8541364277615163e-5
0.16516516516516516	2.855034311040999e-5	2.8554030456872834e-5
0.17517517517517517	2.8563794763839224e-5	2.856749584347589e-5
0.18518518518518517	2.85780461888407e-5	2.8581761824522428e-5
0.19519519519519518	2.8593098807330304e-5	2.8596829862090794e-5
0.20520520520520522	2.8608954223290205e-5	2.861270150420107e-5
0.21521521521521522	2.8625613975986864e-5	2.8629378391576468e-5
0.22522522522522523	2.8643079852497146e-5	2.8646862242445608e-5
0.23523523523523523	2.8661353611302026e-5	2.8665154855107288e-5
0.24524524524524524	2.8680437148347533e-5	2.868425811920082e-5
0.2552552552552553	2.870033243640388e-5	2.8704174013883345e-5
0.2652652652652653	2.8721041485653005e-5	2.8724904595338792e-5
0.2752752752752753	2.874256650522371e-5	2.8746452011837996e-5
0.2852852852852853	2.8764909654992378e-5	2.8768818493669257e-5
0.2952952952952953	2.8788073287300554e-5	2.8792006368717316e-5
0.3053053053053053	2.8812059784516592e-5	2.8816018038692844e-5
0.3153153153153153	2.8836871638509162e-5	2.8840856009917573e-5
0.3253253253253253	2.8862511436570587e-5	2.8866522866294445e-5
0.3353353353353353	2.8888981821785083e-5	2.8893021282848862e-5
0.34534534534534533	2.8916285572390576e-5	2.8920354031251588e-5
0.35535535535535534	2.894442551884272e-5	2.8948523967779048e-5
0.36536536536536535	2.8973404619884786e-5	2.8977534044027876e-5
0.37537537537537535	2.9003225896779496e-5	2.900738730322508e-5
0.38538538538538536	2.9033892466700427e-5	2.903808688245801e-5
0.3953953953953954	2.9065407546812345e-5	2.906963601189694e-5
0.40540540540540543	2.9097774457298614e-5	2.9102038015290626e-5
0.41541541541541543	2.9130996614121033e-5	2.9135296316326115e-5
0.42542542542542544	2.9165077485447698e-5	2.916941442820984e-5
0.43543543543543545	2.9200020709644186e-5	2.9204395965761563e-5
0.44544544544544545	2.9235829961217764e-5	2.9240244643271347e-5
0.45545545545545546	2.9272509034735865e-5	2.9276964271751865e-5
0.46546546546546547	2.931006182916109e-5	2.9314558759283214e-5
0.4754754754754755	2.9348492347993895e-5	2.9353032119842344e-5
0.4854854854854855	2.9387804672036768e-5	2.939238846547015e-5
0.4954954954954955	2.9428003003532048e-5	2.9432632012561557e-5
0.5055055055055055	2.946909164720412e-5	2.947376708071686e-5
0.5155155155155156	2.95110750038565e-5	2.9515798094620862e-5
0.5255255255255256	2.9553957593581947e-5	2.9558729584937726e-5
0.5355355355355356	2.959774401844969e-5	2.960256618934166e-5
0.5455455455455456	2.9642439011855157e-5	2.9647312653518444e-5
0.5555555555555556	2.968804740893453e-5	2.969297382961409e-5
0.5655655655655656	2.9734574153796847e-5	2.9739554687018676e-5
0.5755755755755756	2.9782024289656424e-5	2.9787060300206835e-5
0.5855855855855856	2.9830402999799453e-5	2.9835495860496037e-5
0.5955955955955956	2.9879715547701318e-5	2.9884866670122567e-5
0.6056056056056056	2.9929967341676966e-5	2.9935178149534774e-5
0.6156156156156156	2.998116387904663e-5	2.9986435840530408e-5
0.6256256256256256	3.003331080802107e-5	3.0038645390525466e-5
0.6356356356356356	3.0086413863818107e-5	3.0091812578744787e-5
0.6456456456456456	3.014047891435697e-5	3.014594330115819e-5
0.6556556556556556	3.019551194039076e-5	3.020104357295582e-5
0.6656656656656657	3.025151909514858e-5	3.0257119543159946e-5
0.6756756756756757	3.0308506574448572e-5	3.0314177477588925e-5
0.6856856856856857	3.036648076140042e-5	3.0372223771011974e-5
0.6956956956956957	3.0425448143066775e-5	3.0431264953315358e-5
0.7057057057057057	3.048541536483609e-5	3.0491307675481873e-5
0.7157157157157157	3.054638915202686e-5	3.055235873101373e-5
0.7257257257257257	3.060837641088924e-5	3.0614425041773874e-5
0.7357357357357357	3.067138416525257e-5	3.067751366268014e-5
0.7457457457457457	3.073541956989282e-5	3.0741631797320775e-5
0.7557557557557557	3.0800489917744255e-5	3.0806786778171235e-5
0.7657657657657657	3.086660267214672e-5	3.087298608622622e-5
0.7757757757757757	3.093376539793751e-5	3.094023734141718e-5
0.7857857857857858	3.1001985842880715e-5	3.1008548313899695e-5
0.7957957957957958	3.1071271849635794e-5	3.107792692292239e-5
0.8058058058058059	3.114163146703405e-5	3.1148381227361725e-5
0.8158158158158159	3.121307286331589e-5	3.121991945126859e-5
0.8258258258258259	3.128560436214508e-5	3.1292549965784486e-5
0.8358358358358359	3.1359234468438116e-5	3.136628130081707e-5
0.8458458458458459	3.143397178323408e-5	3.1441122145154965e-5
0.8558558558558559	3.150982514481672e-5	3.151708134675289e-5
0.8658658658658659	3.158680350580233e-5	3.1594167924684855e-5
0.8758758758758759	3.166491598652966e-5	3.167239105373153e-5
0.8858858858858859	3.174417189342651e-5	3.1751760087671305e-5
0.8958958958958959	3.1824580688320046e-5	3.183228454354723e-5
0.9059059059059059	3.1906152021751526e-5	3.1913974119295865e-5
0.9159159159159159	3.198889569861994e-5	3.199683868530142e-5
0.9259259259259259	3.207282172107834e-5	3.208088829607451e-5
0.9359359359359359	3.215794025721118e-5	3.216613318153803e-5
0.9459459459459459	3.224426166097223e-5	3.225258376801181e-5
0.955955955955956	3.233179649814111e-5	3.2340250662093274e-5
0.965965965965966	3.242055547374955e-5	3.2429144663649634e-5
0.975975975975976	3.2510549533932714e-5	3.2519276767213224e-5
0.985985985985986	3.260178981197973e-5	3.261065816779373e-5
0.995995995995996	3.2694287623990715e-5	3.270330026052056e-5
1.006006006006006	3.278805449919564e-5	3.279721464545342e-5
1.016016016016016	3.2883102168287567e-5	3.2892413128951455e-5
1.026026026026026	3.297944256856868e-5	3.298890773158213e-5
1.0360360360360361	3.30770878730903e-5	3.308671068918899e-5
1.0460460460460461	3.317605045014209e-5	3.318583445413513e-5
1.0560560560560561	3.327634289256168e-5	3.328629170565912e-5
1.0660660660660661	3.337797800326296e-5	3.3388095343076885e-5
1.0760760760760761	3.348096885283438e-5	3.349125850176563e-5
1.0860860860860861	3.358532870057883e-5	3.359579455439412e-5
1.0960960960960962	3.369107107650407e-5	3.370171710373972e-5
1.1061061061061062	3.3798209723475136e-5	3.3809040005272445e-5
1.1161161161161162	3.390675865502936e-5	3.391777735235281e-5
1.1261261261261262	3.4016732129872306e-5	3.40279434975697e-5
1.1361361361361362	3.412814462784799e-5	3.4139553049883104e-5
1.1461461461461462	3.4241010920356016e-5	3.4252620871859476e-5
1.1561561561561562	3.435534602554127e-5	3.436716210116242e-5
1.1661661661661662	3.447116525368015e-5	3.44831921396744e-5
1.1761761761761762	3.4588484169083354e-5	3.460072666919851e-5
1.1861861861861862	3.4707318581068927e-5	3.471978165343827e-5
1.1961961961961962	3.482768465786839e-5	3.484037333654024e-5
1.2062062062062062	3.494959878460583e-5	3.496251825307559e-5
1.2162162162162162	3.507307769028201e-5	3.5086233248582025e-5
1.2262262262262262	3.5198138366646934e-5	3.521153545720217e-5
1.2362362362362362	3.532479812189026e-5	3.533844232562575e-5
1.2462462462462462	3.545307460535624e-5	3.546697161623437e-5
1.2562562562562563	3.558298572880238e-5	3.559714141131972e-5
1.2662662662662663	3.5714549740710274e-5	3.572897011813593e-5
1.2762762762762763	3.5847785258744745e-5	3.5862476479275716e-5
1.2862862862862863	3.5982711196587606e-5	3.5997679580527846e-5
1.2962962962962963	3.611934681897357e-5	3.6134598843735406e-5
1.3063063063063063	3.6257711748547105e-5	3.6273254052843605e-5
1.3163163163163163	3.639782597336755e-5	3.641366534926205e-5
1.3263263263263263	3.653970976721549e-5	3.6555853237732073e-5
1.3363363363363363	3.66833838673661e-5	3.6699838603058566e-5
1.3463463463463463	3.682886937072974e-5	3.684564271231742e-5
1.3563563563563563	3.697618770042723e-5	3.699328721797056e-5
1.3663663663663663	3.7125360768369945e-5	3.7142794172893346e-5
1.3763763763763763	3.727641076611667e-5	3.729418603878585e-5
1.3863863863863863	3.742936038750777e-5	3.744748568710409e-5
1.3963963963963963	3.758423270910302e-5	3.7602716414831725e-5
1.4064064064064064	3.774105125774743e-5	3.775990194952463e-5
1.4164164164164164	3.789983994047605e-5	3.791906646180349e-5
1.4264264264264264	3.8060623159277264e-5	3.808023456688174e-5
1.4364364364364364	3.822342574637789e-5	3.8243431344874986e-5
1.4464464464464464	3.8388272996104434e-5	3.840868234397879e-5
1.4564564564564564	3.855519067013859e-5	3.857601358912273e-5
1.4664664664664664	3.872420503509461e-5	3.874545159596244e-5
1.4764764764764764	3.8895342808046916e-5	3.8917023382070125e-5
1.4864864864864864	3.906863125788756e-5	3.909075647229767e-5
1.4964964964964964	3.924409813698387e-5	3.926667891063967e-5
1.5065065065065064	3.942177172620681e-5	3.9444819283130735e-5
1.5165165165165164	3.9601680806875796e-5	3.9625206713396205e-5
1.5265265265265264	3.978385477723493e-5	3.9807870882442916e-5
1.5365365365365364	3.996832355205493e-5	3.999284204196408e-5
1.5465465465465464	4.015511762336867e-5	4.018015102002433e-5
1.5565565565565564	4.034426808075066e-5	4.036982924741029e-5
1.5665665665665667	4.053580657331244e-5	4.0561908757798234e-5
1.5765765765765767	4.0729765386566804e-5	4.075642220109337e-5
1.5865865865865867	4.092617744434865e-5	4.095340287453912e-5
1.5965965965965967	4.1125076271407555e-5	4.115288471285348e-5
1.6066066066066067	4.1326496056624234e-5	4.135490232583079e-5
1.6166166166166167	4.1530471712371824e-5	4.155949099080199e-5
1.6266266266266267	4.173703871941928e-5	4.176668669402057e-5
1.6366366366366367	4.1946233367356006e-5	4.1976526122169396e-5
1.6466466466466467	4.2158092585767265e-5	4.218904669352669e-5
1.6566566566566567	4.237265406411487e-5	4.240428657507378e-5
1.6666666666666667	4.2589956218191964e-5	4.262228468846178e-5
1.6766766766766767	4.281003826311533e-5	4.284308073899268e-5
1.6866866866866868	4.3032940179863755e-5	4.3066715236654785e-5
1.6966966966966968	4.325870272681726e-5	4.3293229494971604e-5
1.7067067067067068	4.348736749888499e-5	4.352266567562204e-5
1.7167167167167168	4.3718976947483554e-5	4.3755066793761715e-5
1.7267267267267268	4.395357435007337e-5	4.399047674714556e-5
1.7367367367367368	4.4191203892555425e-5	4.422894032165268e-5
1.7467467467467468	4.4431910613948275e-5	4.447050323220638e-5
1.7567567567567568	4.4675740549714956e-5	4.4715212135182706e-5
1.7667667667667668	4.492274059600826e-5	4.496311465410027e-5
1.7767767767767768	4.5172958674114947e-5	4.52142593974512e-5
1.7867867867867868	4.5426443707509863e-5	4.5468695995009536e-5
1.7967967967967968	4.5683245561998385e-5	4.572647511091728e-5
1.8068068068068068	4.594341520630651e-5	4.598764847934699e-5
1.8168168168168168	4.620700465310171e-5	4.6252268922823744e-5
1.8268268268268268	4.6474066988236406e-5	4.652039039198183e-5
1.8368368368368369	4.674465648133027e-5	4.679206797007628e-5
1.8468468468468469	4.701882847596684e-5	4.706735793537416e-5
1.8568568568568569	4.729663950404661e-5	4.734631776835319e-5
1.8668668668668669	4.7578147389286435e-5	4.762900618226645e-5
1.8768768768768769	4.786341105011276e-5	4.791548316641063e-5
1.8868868868868869	4.815249079053442e-5	4.820581001424651e-5
1.896896896896897	4.8445448164268955e-5	4.8500049356472095e-5
1.906906906906907	4.8742346076311877e-5	4.87982651942542e-5
1.916916916916917	4.904324879219305e-5	4.910052294144997e-5
1.926926926926927	4.934822200230607e-5	4.9406889458552365e-5
1.936936936936937	4.965733280199017e-5	4.9717433087255794e-5
1.946946946946947	4.9970649810107155e-5	5.003222369606608e-5
1.956956956956957	5.0288243114140815e-5	5.035133271758977e-5
1.966966966966967	5.0610184433280014e-5	5.067483319487136e-5
1.976976976976977	5.093654699053536e-5	5.1002799821281394e-5
1.986986986986987	5.126740578370093e-5	5.133530898413357e-5
1.996996996996997	5.160283736965981e-5	5.16724388153253e-5
2.007007007007007	5.194292011604098e-5	5.20142692384375e-5
2.017017017017017	5.228773416529149e-5	5.2360882018202175e-5
2.027027027027027	5.263736144933366e-5	5.2712360804379415e-5
2.037037037037037	5.299188585052046e-5	5.306879120561887e-5
2.047047047047047	5.335139310258813e-5	5.343026081243939e-5
2.057057057057057	5.371597100442335e-5	5.379685927975995e-5
2.067067067067067	5.4085709325637054e-5	5.416867838284808e-5
2.0770770770770772	5.44607000175699e-5	5.4545812051859967e-5
2.0870870870870872	5.4841037127316926e-5	5.4928356477862996e-5
2.0970970970970972	5.522681695475973e-5	5.5316410132110196e-5
2.1071071071071072	5.561813802563115e-5	5.5710073871600474e-5
2.1171171171171173	5.601510130986652e-5	5.6109450970031874e-5
2.1271271271271273	5.6417810122405214e-5	5.651464723260062e-5
2.1371371371371373	5.682637027487156e-5	5.6925771026685235e-5
2.1471471471471473	5.724089015604353e-5	5.73429333871774e-5
2.1571571571571573	5.766148080269735e-5	5.776624808860817e-5
2.1671671671671673	5.8088255922803725e-5	5.8195831723209884e-5
2.1771771771771773	5.852133204017294e-5	5.863180378395817e-5
2.1871871871871873	5.89608285412775e-5	5.9074286757730616e-5
2.1971971971971973	5.940686781262743e-5	5.952340621878639e-5
2.2072072072072073	5.985957519850048e-5	5.997929091746086e-5
2.2172172172172173	6.031907927707318e-5	6.044207287164549e-5
2.2272272272272273	6.078551183524655e-5	6.091188749044634e-5
2.2372372372372373	6.125900799301226e-5	6.138887365413332e-5
2.2472472472472473	6.173970626276793e-5	6.18731738359584e-5
2.2572572572572573	6.222774875029795e-5	6.236493421019864e-5
2.2672672672672673	6.27232812339417e-5	6.286430477756831e-5
2.2772772772772774	6.32264532002835e-5	6.337143947661031e-5
2.2872872872872874	6.373741805696489e-5	6.388649631104462e-5
2.2972972972972974	6.425633323082385e-5	6.440963749331923e-5
2.3073073073073074	6.478336022386803e-5	6.494102955988117e-5
2.3173173173173174	6.5318664840892e-5	6.548084353146838e-5
2.3273273273273274	6.586241734265452e-5	6.602925504310472e-5
2.3373373373373374	6.64147924284149e-5	6.658644450893182e-5
2.3473473473473474	6.697596956398265e-5	6.715259727846763e-5
2.3573573573573574	6.754613303445804e-5	6.772790379144946e-5
2.3673673673673674	6.81254721128523e-5	6.831255976112915e-5
2.3773773773773774	6.871418128091754e-5	6.89067663394408e-5
2.3873873873873874	6.931246033685562e-5	6.951073031561127e-5
2.3973973973973974	6.992051457971466e-5	7.012466429722694e-5
2.4074074074074074	7.053855502792317e-5	7.074878691139312e-5
2.4174174174174174	7.116679859390234e-5	7.138332301630269e-5
2.4274274274274275	7.180546833463134e-5	7.202850391912885e-5
2.4374374374374375	7.245479345952415e-5	7.26845675921324e-5
2.4474474474474475	7.311500985674721e-5	7.335175892313379e-5
2.4574574574574575	7.378636006504302e-5	7.403032994108564e-5
2.4674674674674675	7.446909364786684e-5	7.47205400853515e-5
2.4774774774774775	7.516346739302382e-5	7.542265646566213e-5
2.4874874874874875	7.586974550341665e-5	7.613695413560481e-5
2.4974974974974975	7.658819997583645e-5	7.686371639105629e-5
2.5075075075075075	7.731911084609148e-5	7.760323505673984e-5
2.5175175175175175	7.806276638203462e-5	7.835581081418855e-5
2.5275275275275275	7.881946347909896e-5	7.912175352355966e-5
2.5375375375375375	7.958950798476474e-5	7.990138255947709e-5
2.5475475475475475	8.037321490916433e-5	8.0695027178563e-5
2.5575575575575575	8.117090893882043e-5	8.150302688900722e-5
2.5675675675675675	8.198292462336933e-5	8.232573183722007e-5
2.5775775775775776	8.280960685127852e-5	8.316350321064437e-5
2.5875875875875876	8.365131115096293e-5	8.40167136796305e-5
2.5975975975975976	8.450840415351152e-5	8.488574782342092e-5
2.6076076076076076	8.538126405657126e-5	8.577100261073814e-5
2.6176176176176176	8.627028096502086e-5	8.667288787201449e-5
2.6276276276276276	8.717585735898926e-5	8.759182682381286e-5
2.6376376376376376	8.80984086921576e-5	8.85282565904921e-5
2.6476476476476476	8.903836373368199e-5	8.948262877128463e-5
2.6576576576576576	8.999616520760401e-5	9.045541001739535e-5
2.6676676676676676	9.09722702791618e-5	9.144708265385668e-5
2.6776776776776776	9.196715120232922e-5	9.245814531015948e-5
2.6876876876876876	9.298129576778964e-5	9.348911360774322e-5
2.6976976976976976	9.401520818808752e-5	9.454052086102576e-5
2.7077077077077076	9.506940948083075e-5	9.561291881001431e-5
2.7177177177177176	9.614443833553343e-5	9.670687841645179e-5
2.7277277277277276	9.724085182550026e-5	9.782299066800818e-5
2.7377377377377377	9.835922607097377e-5	9.896186743634426e-5
2.7477477477477477	9.950015708935074e-5	0.00010012414238670065
2.7577577577577577	0.00010066426173706825	0.00010131047192514136
2.7677677677677677	0.00010185217838086736	0.00010252153618604728
2.7777777777777777	0.00010306456799390816	0.00010375804008578776
2.7877877877877877	0.00010430211507119266	0.00010502071443429645
2.7977977977977977	0.00010556552853642076	0.0001063103170854633
2.8078078078078077	0.00010685554306374062	0.00010762763416260403
2.8178178178178177	0.00010817291991864787	0.00010897348134897973
2.8278278278278277	0.00010951844830538571	0.00011034870524455848
2.8378378378378377	0.00011089294663497311	0.00011175418480009833
2.8478478478478477	0.0001122972636732851	0.00011319083282733497
2.8578578578578577	0.00011373228009252505	0.00011465959758723146
2.8678678678678677	0.00011519890988840848	0.00011616146447692548
2.8778778778778777	0.00011669810174711982	0.00011769745781223095
2.8878878878878878	0.00011823084091702991	0.00011926864269385768
2.8978978978978978	0.0001197981507161722	0.00012087612699894867
2.9079079079079078	0.00012140109437828912	0.00012252106347982524
2.9179179179179178	0.0001230407770134677	0.0001242046519860501
2.9279279279279278	0.00012471834752260922	0.00012592814180662396
2.937937937937938	0.0001264350007703968	0.00012769283418168423
2.947947947947948	0.000128191979789739	0.00012950008491039797
2.957957957957958	0.0001299905781203054	0.00013135130717184843
2.967967967967968	0.0001318321424269066	0.00013324797448368176
2.977977977977978	0.00013371807494544445	0.00013519162385127717
2.987987987987988	0.00013564983650822724	0.0001371838591065601
2.997997997997998	0.00013762894928250402	0.00013922635446416
3.008008008008008	0.0001396570001742961	0.0001413208582884807
3.018018018018018	0.0001417356439091872	0.00014346919711251714
3.028028028028028	0.00014386660673942645	0.00014567327991253702
3.038038038038038	0.00014605169015105467	0.00014793510264507026
3.048048048048048	0.00014829277481028576	0.00015025675309557798
3.058058058058058	0.0001505918248903103	0.00015264041603332867
3.068068068068068	0.00015295089248625092	0.00015508837873770375
3.078078078078078	0.00015537212244738137	0.0001576030368513141
3.088088088088088	0.00015785775753914918	0.00016018690066176683
3.098098098098098	0.000160410143741147	0.00016284260181612017
3.108108108108108	0.00016303173614225323	0.00016557290047697996
3.118118118118118	0.00016572510507865317	0.0001683806929949237
3.1281281281281283	0.00016849294272419806	0.00017126902012466234
3.1381381381381384	0.00017133807011103925	0.00017424107582457869
3.1481481481481484	0.00017426344463145288	0.00017730021667569548
3.1581581581581584	0.0001772721680605962	0.0001804499720157788
3.1681681681681684	0.00018036749513560292	0.00018369405479513992
3.1781781781781784	0.00018355284274151442	0.00018703637325850035
3.1881881881881884	0.0001868317997691808	0.00019048104348889507
3.1981981981981984	0.00019020813756196164	0.00019403240292045805
3.2082082082082084	0.00019368582132157084	0.000197695024879375
3.2182182182182184	0.00019726902215767454	0.0002014737342777088
3.2282282282282284	0.00020096213010110698	0.00020537362450869081
3.2382382382382384	0.0002047697681992153	0.00020940007571452953
3.2482482482482484	0.00020869680741018238	0.00021355877451647995
3.2582582582582584	0.00021274838290238863	0.00021785573535419215
3.2682682682682684	0.00021692991145685824	0.00022229732358009364
3.2782782782782784	0.00022124711025001852	0.0002268902804716046
3.2882882882882885	0.00022570601726321275	0.0002316417503939889
3.2982982982982985	0.00023031301298026118	0.00023655931024739294
3.3083083083083085	0.00023507484425191484	0.00024165100146697588
3.3183183183183185	0.00023999864983516143	0.000246925364847581
3.3283283283283285	0.000245091988078922	0.00025239147845351707
3.3383383383383385	0.00025036286699060107	0.00025805899893402396
3.3483483483483485	0.0002558197768738475	0.0002639382065951746
3.3583583583583585	0.0002614717256987014	0.0002700400546684982
3.3683683683683685	0.00026732827738423944	0.0002763762231435938
3.3783783783783785	0.0002733995938952487	0.00028295917774121985
3.3883883883883885	0.00027969648058080254	0.0002898022345511386
3.3983983983983985	0.0002862304358874491	0.0002969196309741262
3.4084084084084085	0.00029301370563561993	0.00030432660367049505
3.4184184184184185	0.00030005934202113015	0.00031203947435045514
3.4284284284284285	0.00030738126851031697	0.0003200757442867252
3.4384384384384385	0.0003149943506684404	0.00032845419859556474
3.4484484484484486	0.00032291447403328294	0.0003371950214567607
3.4584584584584586	0.00033115862914070336	0.00034631992361226695
3.4684684684684686	0.00033974500562863164	0.00035585228364003906
3.4784784784784786	0.0003486930952155005	0.0003658173047594943
3.4884884884884886	0.0003580238054887133	0.00037624218913060126
3.4984984984984986	0.00036775958547363875	0.0003871563319386419
3.5085085085085086	0.0003779245641752887	0.00039859153784090404
3.5185185185185186	0.00038854470416621763	0.00041058226280696287
3.5285285285285286	0.00039964797151033305	0.0004231658848030463
3.5385385385385386	0.0004112645247999938	0.0004363830072953447
3.5485485485485486	0.000423426924753279	0.00045027780026773106
3.5585585585585586	0.0004361703682831512	0.0004648983840730591
3.5685685685685686	0.000449532948915655	0.00048029726244359835
3.5785785785785786	0.0004635559482299224	0.000496531811962018
3.5885885885885886	0.00047828416220834364	0.00051366483656329
3.5985985985985987	0.0004937662665639054	0.0005317651971803015
3.6086086086086087	0.0005100552280967388	0.0005509085283282578
3.6186186186186187	0.0005272087670558504	0.0005711780557166159
3.6286286286286287	0.0005452898795259357	0.0005926655314307874
3.6386386386386387	0.0005643674271620184	0.000615472306447482
3.6486486486486487	0.0005845168061938143	0.0006397105640377274
3.6586586586586587	0.0006058207066904769	0.0006655047422491578
3.6686686686686687	0.0006283699770332806	0.0006929931792856968
3.6786786786786787	0.0006522646102895602	0.0007223300227180593
3.6886886886886887	0.0006776148727533187	0.0007536874519252214
3.6986986986986987	0.000704542598366098	0.0007872582739562609
3.7087087087087087	0.0007331826776981118	0.0008232589663066379
3.7187187187187187	0.000763684775341169	0.0008619332566563514
3.7287287287287287	0.0007962153170607611	0.0009035563508388157
3.7387387387387387	0.0008309597958464125	0.0009484399466260554
3.7487487487487487	0.0008681254572473215	0.000996938204811656
3.7587587587587588	0.0009079444361026886	0.0010494548924199238
3.7687687687687688	0.0009506774349763414	0.0011064519684837134
3.7787787787787788	0.0009966180523485995	0.001168459955253082
3.7887887887887888	0.0010460978962327163	0.0012360905320957958
3.798798798798799	0.0010994926501252307	0.0013100519136849805
3.808808808808809	0.0011572292994154977	0.00139116773878987
3.818818818818819	0.0012197947794247838	0.0014804004163664975
3.828828828828829	0.0012877463736585268	0.001578880172771814
3.838838838838839	0.0013617242796695487	0.0016879414485810045
3.848848848848849	0.001442466874030564	0.001809168849524514
3.858858858858859	0.0015308293610722722	0.001944455629029281
3.868868868868869	0.0016278066900231691	0.002096078765691452
3.878878878878879	0.0017345618947198058	0.002266796243715279
3.888888888888889	0.0018524613747610509	0.0024599743697203014
3.898898898898899	0.001983119130342757	0.002679756211432983
3.908908908908909	0.0021284526464131785	0.0029312870678367083
3.918918918918919	0.002290754069382991	0.0032210201547809283
3.928928928928929	0.0024727816529101286	0.0035571368575545138
3.938938938938939	0.0026778783499650316	0.0039501333814531405
3.948948948948949	0.0029101271679625447	0.004413653582957346
3.958958958958959	0.0031745569146033204	0.004965693524909773
3.968968968968969	0.003477417920408508	0.005630380195176819
3.978978978978979	0.0038265563240591407	0.006440659850918034
3.988988988988989	0.004231929349300578	0.007442469186780316
3.998998998998999	0.004706325714538973	0.00870140332927856
4.009009009009009	0.00526639011300848	0.010313746997110079
4.019019019019019	0.005934107817250851	0.012425464762644998
4.029029029029029	0.006739001704748036	0.015266459126421498
4.039039039039039	0.007721461024404827	0.01921592242865566
4.049049049049049	0.008937920793612636	0.02493577189255678
4.059059059059059	0.010469168438722148	0.033667161780423664
4.069069069069069	0.012434137772736102	0.04796503283473047
4.079079079079079	0.01501376105232437	0.07380285878404076
4.089089089089089	0.018494225784996952	0.1279910580123273
4.099099099099099	0.023350023461099653	0.2743842800336238
4.109109109109109	0.030414867378616085	0.9541910703349843
4.119119119119119	0.04126533984771929	39.169911916204995
4.129129129129129	0.059183969079293824	1.7331895331934786
4.1391391391391394	0.09196974263377712	0.37039288267161063
4.1491491491491495	0.16211785460986072	0.15651885714725775
4.1591591591591595	0.3588619686546321	0.08593661866696835
4.1691691691691695	1.36636224682782	0.054256092244751405
4.1791791791791795	129.30175732801501	0.037371597193124106
4.1891891891891895	1.6202711322777086	0.027322644306495263
4.1991991991991995	0.3902207888961513	0.020862505529972854
4.2092092092092095	0.1710574326656635	0.016466022102407288
4.2192192192192195	0.09552557012527346	0.01333992870088509
4.2292292292292295	0.06086272235574583	0.0110385328559079
4.2392392392392395	0.042137448499666746	0.009295778761360613
4.2492492492492495	0.03089109739266218	0.007944882309426572
4.2592592592592595	0.023613607289771688	0.0068769862729851465
4.2692692692692695	0.018636092520306263	0.006018594690307684
4.2792792792792795	0.015082754952659885	0.005318634968659944
4.2892892892892895	0.012458144297415319	0.004740724059462491
4.2992992992992995	0.010464889586382633	0.004258376950599062
4.3093093093093096	0.008915751597299635	0.003851944378457025
4.31931931931932	0.007688075019485018	0.0035066016562037314
4.32932932932933	0.006698792466769668	0.003210995642995336
4.33933933933934	0.005890027368631151	0.002956314761871026
4.34934934934935	0.005220454367850893	0.0027356373995309287
4.35935935935936	0.004659928734962583	0.002543467390069986
4.36936936936937	0.004186044019722756	0.0023753976423929036
4.37937937937938	0.0037818655153121984	0.002227863070350905
4.38938938938939	0.0034344019900264793	0.0020979567481235104
4.3993993993994	0.0031335531366969566	0.001983291481308703
4.40940940940941	0.0028713707438769646	0.0018818944396845952
4.41941941941942	0.0026415311071767596	0.0017921261579780144
4.42942942942943	0.0024389523779373133	0.0017126177058504602
4.43943943943944	0.0022595130711633425	0.0016422215527810572
4.44944944944945	0.0020998422865090996	0.00157997286218996
4.45945945945946	0.0019571614993961215	0.0015250588065865768
4.46946946946947	0.0018291639277689905	0.001476794111220607
4.47947947947948	0.0017139216109499148	0.0014346014806263829
4.48948948948949	0.0016098131577820082	0.0013979958909097062
4.4994994994995	0.001515467071444329	0.001366571973752506
4.50950950950951	0.001429716928839959	0.00133999390119932
4.51951951951952	0.0013515656627075343	0.0013179873186087794
4.52952952952953	0.001280156893579084	0.0013003329800734948
4.53953953953954	0.0012147517649771563	0.0012868618236042048
4.54954954954955	0.0011547101065337098	0.0012774512898284334
4.55955955955956	0.0010994750250021721	0.0012720227417843599
4.56956956956957	0.0010485602279543809	0.0012705398889038644
4.57957957957958	0.0010015395399423147	0.001273008157861352
4.58958958958959	0.0009580381878173017	0.0012794749895454036
4.5995995995996	0.000917725521453404	0.001290031076569463
4.60960960960961	0.0008803089063899707	0.0013048125921620666
4.61961961961962	0.0008455285759659281	0.0013240045005862614
4.62962962962963	0.0008131532750694026	0.001347845084095023
4.63963963963964	0.0007829765582827675	0.0013766318749328216
4.64964964964965	0.0007548136319471711	0.001410729246170449
4.65965965965966	0.0007284986503963858	0.0014505779974474334
4.66966966966967	0.0007038823919512033	0.0014967073773539874
4.67967967967968	0.0006808302548856098	0.0015497501214797988
4.68968968968969	0.0006592205222338597	0.0016104612668817956
4.6996996996997	0.0006389428551323328	0.0016797417462049522
4.70970970970971	0.0006198969789250556	0.0017586680927269426
4.71971971971972	0.0006019915340091399	0.0018485300355445863
4.72972972972973	0.00058514306650026	0.0019508783833083385
4.73973973973974	0.0005692751381999648	0.0020675864602004773
4.74974974974975	0.0005543175389503822	0.0022009295820575978
4.75975975975976	0.0005402055860030247	0.002353688814770812
4.76976976976977	0.0005268794975867434	0.0025292878050924335
4.77977977977978	0.0005142838304337958	0.002731975230539462
4.78978978978979	0.0005023669707196506	0.002967071041090952
4.7997997997998	0.0004910806705917185	0.0032413032381818966
4.80980980980981	0.0004803796229135429	0.0035632752469222724
4.81981981981982	0.0004702210672503512	0.003944125032081795
4.82982982982983	0.00046056442116493724	0.0043984713024550395
4.83983983983984	0.00045137093127967125	0.004945798978273681
4.84984984984985	0.0004426033387720921	0.0056125331964493935
4.85985985985986	0.0004342255541382533	0.006435222263733233
4.86986986986987	0.0004262023363163883	0.007465562290003726
4.87987987987988	0.0004184989709912279	0.008778589268577726
4.88988988988989	0.0004110809428567976	0.01048654271560141
4.8998998998999	0.000403913596412109	0.01276337278786402
4.90990990990991	0.00039696177902591207	0.015890360295319858
4.91991991991992	0.0003901894597372268	0.02034650149616735
4.92992992992993	0.0003835593163709298	0.027001881245631052
4.93993993993994	0.0003770322822056425	0.037573639020821635
4.94994994994995	0.00037056704208070744	0.05584752231070711
4.95995995995996	0.00036411946719052654	0.09158177476420289
4.96996996996997	0.0003576419733568952	0.17674895592250758
4.97997997997998	0.0003510827875083672	0.47202496160733715
4.98998998998999	0.0003443851021102608	3.4173928163075074
5.0	0.0003374860933918644	6.042091096443253
