-5.0	0.013741369102903174	0.006631380737741389
-4.98998998998999	0.013860276106332756	0.006648077867478819
-4.97997997997998	0.013986916141391602	0.006669426225527493
-4.96996996996997	0.014121501027476243	0.006695443651396186
-4.95995995995996	0.014264258086422694	0.0067261612981514025
-4.94994994994995	0.01441543092660273	0.006761623669008318
-4.93993993993994	0.01457528028570455	0.006801888732226946
-4.92992992992993	0.014744084936751022	0.006847028114393244
-4.91991991991992	0.014922142662402008	0.006897127373176562
-4.90990990990991	0.015109771303000367	0.006952286351154947
-4.8998998998999	0.01530730988410206	0.007012619613369872
-4.88988988988989	0.015515119829752589	0.007078256971809696
-4.87987987987988	0.01573358626834057	0.007149344101077115
-4.86986986986987	0.0159631194383353	0.00722604325029797
-4.85985985985986	0.016204156201804723	0.007308534057278057
-4.84984984984985	0.016457161674394455	0.007397014472045911
-4.83983983983984	0.016722630981010195	0.007491701797968503
-4.82982982982983	0.017001091147457396	0.007592833859962705
-4.81981981981982	0.017293103138894126	0.007700670310640114
-4.80980980980981	0.017599264057180222	0.007815494086774743
-4.7997997997998	0.017920209510002096	0.007937613030282911
-4.78978978978979	0.01825661616602066	0.00806736168972896
-4.77977977977978	0.01860920451119488	0.008205103320601499
-4.76976976976977	0.0189787418231752	0.008351232105094718
-4.75975975975976	0.0193660453817436	0.008506175614819094
-4.74974974974975	0.019771985935046033	0.008670397543123204
-4.73973973973974	0.020197491443040946	0.008844400737327073
-4.72972972972973	0.02064355112143516	0.00902873056518181
-4.71971971971972	0.021111219811257402	0.00922397865473913
-4.70970970970971	0.02160162270158831	0.009430787052073203
-4.6996996996997	0.022115960435045424	0.009649852847755047
-4.68968968968969	0.022655514628224207	0.009881933329819648
-4.67967967967968	0.02322165384193956	0.010127851729771544
-4.66966966966967	0.0238158400387659	0.010388503637071276
-4.65965965965966	0.024439635568604248	0.010664864169527494
-4.64964964964965	0.025094710725812614	0.010957995999185228
-4.63963963963964	0.0257828519249408	0.011269058348859442
-4.62962962962963	0.026505970545284543	0.011599317091935547
-4.61961961961962	0.027266112497985127	0.011950156108575142
-4.60960960960961	0.02806546857270705	0.01232309007564222
-4.5995995995996	0.028906385624423717	0.012719778896157035
-4.58958958958959	0.029791378663826428	0.013142044007217468
-4.57957957957958	0.03072314391775273	0.013591886845054373
-4.56956956956957	0.03170457292857614	0.014071509792384435
-4.55955955955956	0.032738767762636	0.014583339988582465
-4.54954954954955	0.03382905739897754	0.015130056449170674
-4.53953953953954	0.03497901536826747	0.015714621019345846
-4.52952952952953	0.036192478709327	0.016340313780400947
-4.51951951951952	0.03747356830545484	0.01701077363998244
-4.50950950950951	0.03882671065401368	0.01773004497223924
-4.4994994994995	0.04025666111015111	0.018502631336742688
-4.48948948948949	0.041768528627163064	0.01933355750115095
-4.47947947947948	0.04336780199102496	0.02022844123082082
-4.46946946946947	0.045060377512512774	0.021193576597021528
-4.45945945945946	0.04685258809553607	0.02223603090724937
-4.44944944944945	0.04875123354149385	0.023363757790083015
-4.43943943943944	0.05076361187378549	0.02458572949198638
-4.42942942942943	0.05289755136917252	0.025912092087357726
-4.41941941941942	0.05516144285997999	0.02735434809464451
-4.40940940940941	0.05756427171552151	0.028925571965803833
-4.3993993993994	0.060115648717849	0.030640665119610583
-4.38938938938939	0.06282583880575937	0.03251665867452544
-4.37937937937938	0.06570578636487198	0.03457307387473837
-4.36936936936937	0.06876713537864085	0.03683235247447101
-4.35935935935936	0.07202224231485709	0.039320372152582786
-4.34934934934935	0.07548417909273784	0.04206706549017846
-4.33933933933934	0.0791667228445962	0.04510716529187052
-4.32932932932933	0.08308432844339926	0.04848110421276426
-4.31931931931932	0.08725207890475821	0.05223610290392797
-4.3093093093093096	0.0916856077874609	0.05642748830572731
-4.2992992992992995	0.09640098661546422	0.06112029228507834
-4.2892892892892895	0.10141456914967041	0.06639119027527667
-4.2792792792792795	0.10674278308767028	0.07233084920691604
-4.2692692692692695	0.11240185853897798	0.07904676219653109
-4.2592592592592595	0.11840748151940578	0.08666665093521608
-4.2492492492492495	0.12477435989989555	0.09534250933925606
-4.2392392392392395	0.131515688959888	0.10525533254153505
-4.2292292292292295	0.13864250424827357	0.11662050372750363
-4.2192192192192195	0.14616291124476674	0.12969366295960405
-4.2092092092092095	0.1540811848333921	0.14477659831513984
-4.1991991991991995	0.16239673741042118	0.16222218434137753
-4.1891891891891895	0.1711029631481238	0.18243649609849455
-4.1791791791791795	0.18018597806454745	0.20587473264497316
-4.1691691691691695	0.18962329147137982	0.23302522420959634
-4.1591591591591595	0.19938246407484164	0.26437235828503597
-4.1491491491491495	0.20941983086158886	0.3003249101561932
-4.1391391391391394	0.21967939139649673	0.34109234562357543
-4.129129129129129	0.23009199363377347	0.3864921885698322
-4.119119119119119	0.24057495587164363	0.4356850798752435
-4.109109109109109	0.25103227997413224	0.4868736906985745
-4.099099099099099	0.26135560169432576	0.5370758459078369
-4.089089089089089	0.27142599543335333	0.5821698117814524
-4.079079079079079	0.2811166974144471	0.6174276180195098
-4.069069069069069	0.29029673292186425	0.6385789803568332
-4.059059059059059	0.29883533493702885	0.6430757523408551
-4.049049049049049	0.30660693408901724	0.6309251809859081
-4.039039039039039	0.31349639947666924	0.6046044425027067
-4.029029029029029	0.3194041355795755	0.5681365087072355
-4.019019019019019	0.32425060985526327	0.5258866823015158
-4.009009009009009	0.327979910389914	0.48163770246521814
-3.998998998998999	0.33056201477598823	0.4381628404161676
-3.988988988988989	0.33199358017799724	0.39720858300130285
-3.978978978978979	0.33229722009562945	0.3596905684116268
-3.968968968968969	0.33151938979388396	0.3259430217393606
-3.958958958958959	0.3297271344355398	0.2959375256416981
-3.948948948948949	0.327004042685433	0.2694444785595743
-3.938938938938939	0.3234457850801223	0.2461400043208875
-3.928928928928929	0.31915560260437836	0.2256710607850438
-3.918918918918919	0.3142400571159167	0.20769199375523784
-3.908908908908909	0.3088052767210596	0.19188300282166132
-3.898898898898899	0.3029538418545982	0.17795781122053914
-3.888888888888889	0.29678237508169175	0.16566525634704743
-3.878878878878879	0.2903798286722384	0.1547876984021618
-3.868868868868869	0.28382641332633	0.1451379532918479
-3.858858858858859	0.27719307963895484	0.13655571248066087
-3.848848848848849	0.27054144883867604	0.12890396475395716
-3.838838838838839	0.2639240874090179	0.12206567328876251
-3.828828828828829	0.25738502739883695	0.11594081344245277
-3.818818818818819	0.2509604468545943	0.11044379625472682
-3.808808808808809	0.2446794398746023	0.10550126156511966
-3.798798798798799	0.2385648211219437	0.10105020588197934
-3.7887887887887888	0.2326339238414828	0.0970364036590225
-3.7787787787787788	0.226899362741824	0.09341308060610494
-3.7687687687687688	0.22136974322695663	0.09013980075295934
-3.7587587587587588	0.21605030641233902	0.0871815333507015
-3.7487487487487487	0.2109435053318454	0.08450787034048347
-3.7387387387387387	0.20604951202788893	0.08209236954460689
-3.7287287287287287	0.20136665812915933	0.0799120027185603
-3.7187187187187187	0.19689181336051492	0.07794669106786176
-3.7087087087087087	0.1926207074622511	0.07617891378868105
-3.6986986986986987	0.1885482014453287	0.07459337767620886
-3.6886886886886887	0.18466851415125907	0.07317673791734806
-3.6786786786786787	0.18097540986079833	0.07191736190324792
-3.6686686686686687	0.17746235230582935	0.07080512931902269
-3.6586586586586587	0.17412262996073533	0.06983126294197324
-3.6486486486486487	0.1709494569746047	0.06898818554907264
-3.6386386386386387	0.1679360535902735	0.0682693991367715
-3.6286286286286287	0.1650757094029437	0.06766938332024512
-3.6186186186186187	0.1623618323533254	0.0671835103319242
-3.6086086086086087	0.15978798593497096	0.0668079745010665
-3.5985985985985987	0.15734791672589876	0.06653973448384382
-3.5885885885885886	0.1550355740281212	0.06637646684207567
-3.5785785785785786	0.15284512311636125	0.06631652984968801
-3.5685685685685686	0.15077095335230756	0.06635893664892319
-3.5585585585585586	0.14880768221195545	0.06650333709187455
-3.5485485485485486	0.14695015609520892	0.06675000779346364
-3.5385385385385386	0.14519344863658654	0.06709985009603188
-3.5285285285285286	0.14353285710875963	0.06755439580846065
-3.5185185185185186	0.14196389740392704	0.06811582073837842
-3.5085085085085086	0.14048229798930717	0.0687869661895691
-3.4984984984984986	0.13908399315805514	0.06957136875188187
-3.4884884884884886	0.13776511583579187	0.07047329887197608
-3.4784784784784786	0.13652199015099004	0.07149780886384338
-3.4684684684684686	0.13535112393579085	0.07265079120304054
-3.4584584584584586	0.13424920128770595	0.07393904815121365
-3.4484484484484486	0.13321307529522353	0.07537037398356942
-3.4384384384384385	0.13223976100502033	0.0769536513454103
-3.4284284284284285	0.13132642869034794	0.07869896355016573
-3.4184184184184185	0.13047039746337874	0.08061772495534876
-3.4084084084084085	0.12966912926137675	0.08272283192040919
-3.3983983983983985	0.128920223226153	0.08502883726524572
-3.3883883883883885	0.1282214104874325	0.08755215161381918
-3.3783783783783785	0.12757054935353426	0.09031127552543884
-3.3683683683683685	0.12696562090757352	0.09332706688296594
-3.3583583583583585	0.12640472500215275	0.09662304861277299
-3.3483483483483485	0.12588607664259718	0.10022576243427031
-3.3383383383383385	0.12540800274538486	0.10416517493852728
-3.3283283283283285	0.12496893925641538	0.10847514280826172
-3.3183183183183185	0.1245674286121493	0.1131939443067208
-3.3083083083083085	0.12420211752549723	0.11836488410651504
-3.2982982982982985	0.12387175507744298	0.1240369778287195
-3.2882882882882885	0.12357519109509331	0.13026572090111233
-3.2782782782782784	0.12331137479695026	0.1371139428866786
-3.2682682682682684	0.12307935368622983	0.1446527423263078
-3.2582582582582584	0.12287827267365439	0.15296248696676276
-3.2482482482482484	0.12270737341229486	0.16213384792349897
-3.2382382382382384	0.12256599382752909	0.17226881084094203
-3.2282282282282284	0.12245356782717874	0.18348156816288672
-3.2182182182182184	0.1223696251777535	0.1958991382349468
-3.2082082082082084	0.12231379153524319	0.20966147109479247
-3.1981981981981984	0.12228578862020845	0.22492067721926493
-3.1881881881881884	0.12228543452952331	0.2418388422552649
-3.1781781781781784	0.12231264417933094	0.2605836563380945
-3.1681681681681684	0.1223674298764198	0.28132078522257514
-3.1581581581581584	0.12244990201772843	0.30420155346590927
-3.1481481481481484	0.12256026992065172	0.32934414725709216
-3.1381381381381384	0.12269884278976227	0.3568063007947985
-3.1281281281281283	0.1228660308286217	0.3865475565785024
-3.118118118118118	0.1230623465083857	0.4183801203670913
-3.108108108108108	0.12328840600836448	0.4519096979950985
-3.098098098098098	0.123544930846813	0.486472206268428
-3.088088088088088	0.12383274972370277	0.521079225244891
-3.078078078078078	0.1241528006006439	0.5543935613571347
-3.068068068068068	0.1245061330467025	0.5847629107626212
-3.058058058058058	0.12489391088225776	0.6103379840925008
-3.048048048048048	0.12531741515695535	0.6292844022009153
-3.038038038038038	0.12577804750140315	0.6400633735143166
-3.028028028028028	0.12627733389616394	0.6417155751505437
-3.018018018018018	0.12681692890569757	0.6340596212802231
-3.008008008008008	0.1273986204292131	0.617733233025418
-2.997997997997998	0.12802433502460583	0.5940609707246511
-2.987987987987988	0.12869614386664208	0.5647976192018885
-2.977977977977978	0.12941626940558554	0.5318338976344712
-2.967967967967968	0.1301870927979152	0.4969453174906658
-2.957957957957958	0.13101116218671988	0.4616291556032133
-2.947947947947948	0.13189120191593057	0.4270345356199223
-2.937937937937938	0.13283012276977768	0.3939646857628455
-2.9279279279279278	0.13383103333647287	0.3629221985296222
-2.9179179179179178	0.13489725260403337	0.33417188305466505
-2.9079079079079078	0.13603232390559214	0.30780419741592724
-2.8978978978978978	0.13724003034235113	0.28379033125580244
-2.8878878878878878	0.1385244118237156	0.26202577822174633
-2.8778778778778777	0.13988978387714263	0.24236256868840866
-2.8678678678678677	0.1413407583949638	0.22463185382908663
-2.8578578578578577	0.1428822665000426	0.20865895630584952
-2.8478478478478477	0.14451958373003312	0.1942728734276901
-2.8378378378378377	0.14625835775842574	0.1813118728397889
-2.8278278278278277	0.1481046388901264	0.1696264378994056
-2.8178178178178177	0.15006491359151247	0.1590804796475664
-2.8078078078078077	0.15214614133744367	0.14955146009704157
-2.7977977977977977	0.15435579508174171	0.14092986692834344
-2.7877877877877877	0.15670190568275008	0.133118332080252
-2.7777777777777777	0.15919311064031907	0.12603058339356424
-2.7677677677677677	0.16183870752536433	0.11959034782539302
-2.7577577577577577	0.16464871250598587	0.11373027743356698
-2.7477477477477477	0.16763392439351765	0.10839093825464338
-2.7377377377377377	0.1708059946464729	0.10351988221932014
-2.7277277277277276	0.17417750377575963	0.09907080973119177
-2.7177177177177176	0.17776204458815287	0.0950028229609325
-2.7077077077077076	0.18157431268053484	0.0912797655603978
-2.6976976976976976	0.18563020454802473	0.08786964222332684
-2.6876876876876876	0.18994692358501067	0.08474411054034094
-2.6776776776776776	0.19454309412760165	0.08187803740819577
-2.6676676676676676	0.19943888349058586	0.07924911252676572
-2.6576576576576576	0.20465613167259689	0.0768375120399803
-2.6476476476476476	0.21021848800884885	0.07462560601575206
-2.6376376376376376	0.21615155350714146	0.07259770413287867
-2.6276276276276276	0.22248302685994242	0.07073983460237211
-2.6176176176176176	0.2292428511248627	0.06903955196927528
-2.6076076076076076	0.2364633567267287	0.06748577000642746
-2.5975975975975976	0.24417939466100932	0.06606861641865247
-2.5875875875875876	0.2524284514440031	0.06477930652524905
-2.5775775775775776	0.26125073430904094	0.06361003348321512
-2.5675675675675675	0.2706892112015155	0.06255387295865708
-2.5575575575575575	0.2807895850581882	0.061604700453835134
-2.5475475475475475	0.2916001754120792	0.06075711975778121
-2.5375375375375375	0.30317167226150676	0.060006401214933766
-2.5275275275275275	0.31555671709871747	0.0593484287033748
-2.5175175175175175	0.32880925376011144	0.05877965438546562
-2.5075075075075075	0.3429835772054084	0.058297060444339445
-2.4974974974974975	0.35813299155515727	0.05789812715219556
-2.4874874874874875	0.3743079702485751	0.057580806734025984
-2.4774774774774775	0.391553692277583	0.05734350259633466
-2.4674674674674675	0.40990681150254943	0.05718505358680702
-2.4574574574574575	0.4293913051518314	0.05710472303995461
-2.4474474474474475	0.4500132492231791	0.057102192448469216
-2.4374374374374375	0.47175439222875976	0.05717755968065538
-2.4274274274274275	0.49456445779982494	0.057331341745350574
-2.4174174174174174	0.5183522179415428	0.057564482186736286
-2.4074074074074074	0.5429755612301622	0.05787836327620364
-2.3973973973973974	0.5682310513601524	0.058274823258624785
-2.3873873873873874	0.5938438393539854	0.05875617900856002
-2.3773773773773774	0.619459244282468	0.05932525456045778
-2.3673673673673674	0.6446378017591021	0.059985416100572335
-2.3573573573573574	0.6688559920006112	0.06074061414930763
-2.3473473473473474	0.6915150334193378	0.06159543382648591
-2.3373373373373374	0.7119598509031034	0.06255515428472569
-2.3273273273273274	0.7295093957273089	0.06362581862381979
-2.3173173173173174	0.7434978089018833	0.0648143158705965
-2.3073073073073074	0.753323612823557	0.06612847693540477
-2.2972972972972974	0.7585016331893877	0.06757718684981223
-2.2872872872872874	0.758710421960225	0.06917051606916041
-2.2772772772772774	0.7538273740415867	0.070919874206894
-2.2672672672672673	0.743945033466625	0.07283819028336365
-2.2572572572572573	0.7293651981198972	0.0749401244525582
-2.2472472472472473	0.7105715900516668	0.0772423172599073
-2.2372372372372373	0.688185851269758	0.0797636838370553
-2.2272272272272273	0.6629142947392537	0.082525762127888
-2.2172172172172173	0.6354935559084146	0.08555312635353933
-2.2072072072072073	0.6066421418600356	0.08887387958492361
-2.1971971971971973	0.5770225216237204	0.09252024265228219
-2.1871871871871873	0.5472157063074393	0.09652926088593158
-2.1771771771771773	0.5177079512940052	0.10094365561955494
-2.1671671671671673	0.4888876644782677	0.10581285434355202
-2.1571571571571573	0.4610498827043079	0.11119424233822178
-2.1471471471471473	0.4344056217486012	0.1171546901516421
-2.1371371371371373	0.4090937669407936	0.1237724262255871
-2.1271271271271273	0.38519372036068933	0.13113934337792557
-2.1171171171171173	0.3627375888086874	0.13936385312234753
-2.1071071071071072	0.3417211884695437	0.14857443477550164
-2.0970970970970972	0.32211351908566804	0.15892406931827255
-2.0870870870870872	0.30386462131019765	0.1705958040085388
-2.0770770770770772	0.28691189339610695	0.18380976636680468
-2.067067067067067	0.2711850314384284	0.198832039389878
-2.057057057057057	0.2566097940349396	0.21598592747116982
-2.047047047047047	0.24311079635079696	0.2356662863674824
-2.037037037037037	0.23061352416413788	0.2583577566403699
-2.027027027027027	0.21904573510391842	0.28465790992930107
-2.017017017017017	0.2083383880427974	0.3153064405596963
-2.007007007007007	0.19842621602018476	0.3512214918388848
-1.996996996996997	0.1892480349764593	0.39354373508586454
-1.986986986986987	0.1807468607284651	0.4436873720233734
-1.976976976976977	0.17286989012614284	0.5033937029490525
-1.966966966966967	0.1655683889657516	0.5747751557698609
-1.956956956956957	0.1587975186174812	0.6603218002675183
-1.946946946946947	0.15251612501539974	0.7628119514105537
-1.936936936936937	0.14668650724423946	0.885015132144562
-1.926926926926927	0.14127417805962608	1.028995832239458
-1.916916916916917	0.13624762498289544	1.1947465059358755
-1.906906906906907	0.13157807784716624	1.3779171661437406
-1.896896896896897	0.12723928663004488	1.5668643477875444
-1.8868868868868869	0.12320731191563206	1.7404949972054244
-1.8768768768768769	0.11946032925306738	1.8700860726454849
-1.8668668668668669	0.1159784479169879	1.9279451611008207
-1.8568568568568569	0.11274354404636862	1.9003267368366512
-1.8468468468468469	0.10973910778292838	1.7950873349032133
-1.8368368368368369	0.10695010380075112	1.637002850226568
-1.8268268268268268	0.10436284448168127	1.4552716852964929
-1.8168168168168168	0.10196487491996196	1.2732667122794112
-1.8068068068068068	0.09974486891413493	1.1050818471276926
-1.7967967967967968	0.09769253511192649	0.9569167868802743
-1.7867867867867868	0.09579853250226761	0.8299331885388285
-1.7767767767767768	0.09405439449179438	0.7226954296650783
-1.7667667667667668	0.09245246085385375	0.6327334986989915
-1.7567567567567568	0.09098581689427318	0.5573837393346629
-1.7467467467467468	0.08964823923584826	0.4941755512035269
-1.7367367367367368	0.08843414768068146	0.440971438372903
-1.7267267267267268	0.08733856266701712	0.39598734821620674
-1.7167167167167168	0.08635706789082806	0.35776208601164655
-1.7067067067067068	0.08548577771643433	0.32510999938608115
-1.6966966966966968	0.08472130904948401	0.2970725195418219
-1.6866866866866868	0.08406075739498221	0.27287479144742527
-1.6766766766766767	0.08350167686866244	0.25188920372035994
-1.6666666666666667	0.08304206397489848	0.23360570051387075
-1.6566566566566567	0.08268034500854864	0.21760803269682494
-1.6466466466466467	0.08241536698024755	0.20355493094639351
-1.6366366366366367	0.0822463920081116	0.1911652396913053
-1.6266266266266267	0.08217309516211618	0.18020618780692516
-1.6166166166166167	0.08219556579199874	0.17048412259125703
-1.6066066066066067	0.08231431241615414	0.16183717085496524
-1.5965965965965967	0.08253027129895361	0.15412940643145862
-1.5865865865865867	0.08284481889668674	0.14724619657288246
-1.5765765765765767	0.08325978841169793	0.14109047314091216
-1.5665665665665667	0.08377749075877201	0.13557973165002285
-1.5565565565565564	0.08440074032060628	0.1306436053803828
-1.5465465465465464	0.08513288595272424	0.12622189578841622
-1.5365365365365364	0.08597784779209938	0.12226296661796518
-1.5265265265265264	0.0869401605342474	0.11872242927938391
-1.5165165165165164	0.0880250239700998	0.11556206262829138
-1.5065065065065064	0.08923836172409115	0.11274892232680875
-1.4964964964964964	0.09058688930961774	0.11025460433227112
-1.4864864864864864	0.09207819282704677	0.10805463436204027
-1.4764764764764764	0.09372081987576177	0.10612796090466324
-1.4664664664664664	0.09552438454781939	0.10445653385127428
-1.4564564564564564	0.0974996887244989	0.1030249543862479
-1.4464464464464464	0.09965886232454282	0.10182018461044225
-1.4364364364364364	0.1020155256679308	0.10083130764293267
-1.4264264264264264	0.10458497774653286	0.10004933077723129
-1.4164164164164164	0.10738441495597058	0.09946702575878212
-1.4064064064064064	0.1104331857782815	0.09907880147458167
-1.3963963963963963	0.11375308805327526	0.0988806053643577
-1.3863863863863863	0.11736871689433286	0.09886985072447838
-1.3763763763763763	0.12130787306161037	0.0990453678180814
-1.3663663663663663	0.12560204379269355	0.09940737736017825
-1.3563563563563563	0.13028697082681084	0.0999574855428407
-1.3463463463463463	0.13540332379648	0.10069870032504975
-1.3363363363363363	0.14099750150096818	0.10163546925721713
-1.3263263263263263	0.1471225890856679	0.10277373966307117
-1.3163163163163163	0.15383950617981534	0.10412104258001065
-1.3063063063063063	0.16121839006156985	0.10568660249073479
-1.2962962962962963	0.16934026955062978	0.10748147558167566
-1.2862862862862863	0.17829910041934158	0.10951872007394393
-1.2762762762762763	0.18820425281610978	0.11181360311929797
-1.2662662662662663	0.1991835670703598	0.11438384988046658
-1.2562562562562563	0.21138712846183963	0.11724994177732068
-1.2462462462462462	0.22499195706341243	0.12043547253714647
-1.2362362362362362	0.24020786976668315	0.12396757273188173
-1.2262262262262262	0.2572848538948327	0.12787741601636002
-1.2162162162162162	0.276522403608451	0.13220082344599848
-1.2062062062062062	0.2982814232658151	0.13697898623018837
-1.1961961961961962	0.32299951259289833	0.14225933230765625
-1.1861861861861862	0.35121074067744584	0.1480965685322509
-1.1761761761761762	0.38357142337463984	0.1545539384501257
-1.1661661661661662	0.42089399023420265	0.16170474619875563
-1.1561561561561562	0.46419183139398434	0.16963421072406665
-1.1461461461461462	0.5147391481692727	0.17844173232193242
-1.1361361361361362	0.5741514231878831	0.18824367687202395
-1.1261261261261262	0.6444943406939792	0.19917681397277456
-1.1161161161161162	0.7284320005913849	0.21140258617628305
-1.1061061061061062	0.8294291803780324	0.22511244136974873
-1.0960960960960962	0.9520269685743821	0.24053453426713212
-1.0860860860860861	1.102215038027688	0.25794220329200596
-1.0760760760760761	1.2879230175187328	0.2776647662744946
-1.0660660660660661	1.5196364680441976	0.3001013672214663
-1.0560560560560561	1.811080939623618	0.3257388682725301
-1.0460460460460461	2.1797418706929714	0.3551751465388014
-1.0360360360360361	2.6465509989812763	0.3891496690569122
-1.026026026026026	3.2331106823940394	0.42858394418622536
-1.016016016016016	3.9531186293413647	0.4746354750916523
-1.006006006006006	4.792998193152982	0.5287702973713945
-0.995995995995996	5.680012468553936	0.5928612393373988
-0.985985985985986	6.4555870785749985	0.6693219122664598
-0.975975975975976	6.9052578903687944	0.7612903338551334
-0.965965965965966	6.878617851921462	0.8728810840111626
-0.955955955955956	6.4051490672881375	1.0095304935181664
-0.9459459459459459	5.66414734771629	1.1784633661990123
-0.9359359359359359	4.851929569453358	1.3893052905867587
-0.9259259259259259	4.094983082355412	1.6548330813929215
-0.9159159159159159	3.44564914150373	1.9917504246784026
-0.9059059059059059	2.911111354554734	2.4210872887945083
-0.8958958958958959	2.4789644207862267	2.9671263625233615
-0.8858858858858859	2.1314260762785775	3.6523189615641276
-0.8758758758758759	1.8514427161652436	4.483450846803512
-0.8658658658658659	1.6246602800314642	5.423702588115961
-0.8558558558558559	1.439651475737534	6.355268347815325
-0.8458458458458459	1.2875398900648352	7.0695509589946814
-0.8358358358358359	1.161494507033485	7.346980987380989
-0.8258258258258259	1.056264868104579	7.107308907306307
-0.8158158158158159	0.9678025093358049	6.4705119080525
-0.8058058058058059	0.8929683438967652	5.651810622559853
-0.7957957957957958	0.8293118062990487	4.828398456884286
-0.7857857857857858	0.7749058041584669	4.0935957883808385
-0.7757757757757757	0.7282236719165064	3.47638637319723
-0.7657657657657657	0.6880472685000822	2.9726777266109
-0.7557557557557557	0.6533980418792268	2.5662312286435176
-0.7457457457457457	0.6234850287108872	2.2388532539876054
-0.7357357357357357	0.5976653800572697	1.9743046326638856
-0.7257257257257257	0.5754141989254968	1.7593043909841497
-0.7157157157157157	0.5563013437547957	1.5834026226541797
-0.7057057057057057	0.5399734800390156	1.438511765181323
-0.6956956956956957	0.5261401163619951	1.318405556117699
-0.6856856856856857	0.5145626903296683	1.2182872884451972
-0.6756756756756757	0.5050460096152887	1.1344471911802214
-0.6656656656656657	0.4974315289699412	1.0640004412488993
-0.6556556556556556	0.49159207364405766	1.0046901682334628
-0.6456456456456456	0.4874277160690026	0.95474027561795
-0.6356356356356356	0.48486258507577007	0.9127455660793539
-0.6256256256256256	0.4838424419658797	0.8775895281125048
-0.6156156156156156	0.48433290019696196	0.8483825868470032
-0.6056056056056056	0.4863181987874174	0.8244155291937887
-0.5955955955955956	0.48980046639917313	0.8051242412811146
-0.5855855855855856	0.49479943537817295	0.7900629444030315
-0.5755755755755756	0.5013525843815471	0.7788838791558975
-0.5655655655655656	0.5095157058408047	0.7713219428966723
-0.5555555555555556	0.5193639115157181	0.7671831914387673
-0.5455455455455456	0.5309931067749981	0.7663364148995676
-0.5355355355355356	0.5445219830552948	0.7687072209703989
-0.5255255255255256	0.5600945992901825	0.774274229157788
-0.5155155155155156	0.5778836483024363	0.7830671132462274
-0.5055055055055055	0.5980945347966288	0.7951663386697368
-0.4954954954954955	0.6209704297508043	0.8107045361798578
-0.4854854854854855	0.6467985143236701	0.8298695409933081
-0.4754754754754755	0.675917688501971	0.8529092144165188
-0.46546546546546547	0.7087281003753453	0.8801382596402011
-0.45545545545545546	0.745702957849343	0.9119473523589988
-0.44544544544544545	0.7874032249050072	0.9488150389231541
-0.43543543543543545	0.8344959920725119	0.9913230210344729
-0.42542542542542544	0.8877775637245794	1.040175661410775
-0.41541541541541543	0.9482026489901743	1.0962248297330983
-0.40540540540540543	1.016921515851608	1.1605015911112229
-0.3953953953953954	1.0953276236731924	1.2342567610145752
-0.38538538538538536	1.1851191680752502	1.3190130699823934
-0.37537537537537535	1.288379273151704	1.4166326847711288
-0.36536536536536535	1.4076814297284834	1.5294052477854414
-0.35535535535535534	1.5462294804239443	1.6601636157024726
-0.34534534534534533	1.7080454202553947	1.8124373930033444
-0.3353353353353353	1.898224188457719	1.9906586161173563
-0.3253253253253253	2.1232835486540282	2.20044025068126
-0.3153153153153153	2.3916508379214436	2.4489576285445525
-0.3053053053053053	2.714349697771158	2.7454773557674073
-0.2952952952952953	3.105983736729878	3.102100473294321
-0.2852852852852853	3.5861687283236425	3.5348215502960336
-0.2752752752752753	4.181654912996385	4.065060984058733
-0.2652652652652653	4.92953195501919	4.7219177210182055
-0.2552552552552553	5.882167392233675	5.545537261362005
-0.24524524524524524	7.114979174491418	6.592235218963532
-0.23523523523523523	8.73893697463685	7.942427757146622
-0.22522522522522523	10.921095712933452	9.713107187047964
-0.21521521521521522	13.918923550544832	12.077722149364433
-0.20520520520520522	18.13818386882037	15.298015731957465
-0.19519519519519518	24.22910847674772	19.774350833284668
-0.18518518518518517	33.234109202743305	26.120810082371452
-0.17517517517517517	46.75236221784437	35.25747812537544
-0.16516516516516516	66.83112639545561	48.443028007229486
-0.15515515515515516	94.42999481174739	66.93113745708962
-0.14514514514514515	124.39304166968668	90.42650872815754
-0.13513513513513514	141.37076366159002	113.80074863275603
-0.12512512512512514	134.17134645446805	126.4406505350019
-0.11511511511511512	111.8928199217146	121.93505149995234
-0.10510510510510511	88.59030763853943	105.92500187505657
-0.09509509509509509	70.05682030552376	87.66767987820536
-0.08508508508508508	56.58140174158322	72.02195435386575
-0.07507507507507508	46.99975799573008	59.98982775243769
-0.06506506506506507	40.17887483444369	51.10049989918686
-0.055055055055055056	35.294612857514004	44.626374225495766
-0.04504504504504504	31.793422113705397	39.95230472468795
-0.035035035035035036	29.31244825056627	36.631252278572816
-0.025025025025025027	27.616707566575425	34.35823450844267
-0.015015015015015015	26.557693921599693	32.93502787740708
-0.005005005005005005	26.04805241622733	32.24305396169825
0.005005005005005005	26.047288426724517	32.22640363889716
0.015015015015015015	26.555348133013464	32.88376715012573
0.025025025025025027	27.61261073543665	34.26824106000331
0.035035035035035036	29.306290738473784	36.49498041787289
0.04504504504504504	31.784706626884955	39.757670013839075
0.055055055055055056	35.28257596111656	44.35504530698847
0.06506506506506507	40.162365957908364	50.725741506062924
0.07507507507507508	46.97707382964433	59.4751316571864
0.08508508508508508	56.55013596211402	71.32552861663673
0.09509509509509509	70.01405172173577	86.76841121519485
0.10510510510510511	88.53433107068494	104.90079794200346
0.11511511511511512	111.82942650577327	121.0834189914844
0.12512512512512514	134.125029815252	126.19700109057246
0.13513513513513514	141.37577461285971	114.24611935525748
0.14514514514514515	124.44403720388799	91.16694640116941
0.15515515515515516	94.4872954686609	67.61025380116453
0.16516516516516516	66.873488957264	48.949159083517856
0.17517517517517517	46.77924117484352	35.606641028556886
0.18518518518518517	33.25031546337109	26.356344435623207
0.19519519519519518	24.238740464343632	19.933302597394547
0.20520520520520522	18.143870618179754	15.406248814704501
0.21521521521521522	13.922233003533437	12.15222553689002
0.22522522522522523	10.922952608894908	9.764888000245309
0.23523523523523523	8.73989259104091	7.978654605360403
0.24524524524524524	7.115368179251391	6.617637987625907
0.2552552552552553	5.882196996367134	5.563286902776414
0.2652652652652653	4.929332869582228	4.734175578929446
0.2752752752752753	4.18131095887068	4.073324149847299
0.2852852852852853	3.5857343960414534	3.54014279343003
0.2952952952952953	3.1054948229871777	3.1052304605836736
0.3053053053053053	2.7138298819840947	2.7469581079473016
0.3153153153153153	2.3911158275835427	2.449184919529409
0.3253253253253253	2.1227437389472557	2.1997059143369357
0.3353353353353353	1.8976863962736752	1.989179649814981
0.34534534534534533	1.7075140311779766	1.810376252479791
0.35535535535535534	1.5457072171996644	1.657642547069177
0.36536536536536535	1.407169872941323	1.5265165269516205
0.37537537537537535	1.2878792174323892	1.4134460108431064
0.38538538538538536	1.184630867760481	1.315580954708202
0.3953953953953954	1.0948509633084147	1.230618490288726
0.40540540540540543	1.016456129074187	1.156686157228589
0.41541541541541543	0.9477480016262476	1.0922531133328346
0.42542542542542544	0.8873330118749435	1.0360620601842874
0.43543543543543545	0.8340608225847128	0.98707666562369
0.44544544544544545	0.7869766833644541	0.9444406967514875
0.45545545545545546	0.7452842676685085	0.9074460919964465
0.46546546546546547	0.708316475504693	0.8755079280842853
0.4754754754754755	0.6755123415463571	0.8481447649092335
0.4854854854854855	0.646398661325154	0.8249632380181744
0.4954954954954955	0.6205752925448473	0.8056460559214188
0.5055055055055055	0.5977033415816765	0.7899427766294995
0.5155155155155156	0.5774956328792706	0.7776629052881193
0.5255255255255256	0.5597089992951926	0.768670987534249
0.5355355355355356	0.5441380374057456	0.7628834824829274
0.5455455455455456	0.5306100524835095	0.7602672939362625
0.5555555555555556	0.5189809799650803	0.7608399259061591
0.5655655655655656	0.5091321185757337	0.7646713156850214
0.5755755755755756	0.5009675484397031	0.7718874913795006
0.5855855855855856	0.4944121381563308	0.782676308811202
0.5955955955955956	0.48941007002864834	0.7972956544000297
0.6056056056056056	0.48592383397669997	0.8160846682934384
0.6156156156156156	0.4839336594789191	0.8394787619355726
0.6256256256256256	0.4834373722763336	0.8680294989366054
0.6356356356356356	0.48445067957232724	0.902430808621342
0.6456456456456456	0.4870079050919304	0.9435535511134615
0.6556556556556556	0.49116321470468527	0.9924912104581568
0.6656656656656657	0.49699239565256503	1.0506205372367856
0.6756756756756757	0.5045952792748184	1.1196823946548096
0.6856856856856857	0.514098930480653	1.2018899944973742
0.6956956956956957	0.5256617696855412	1.300074227577659
0.7057057057057057	0.539478847996932	1.417878841502888
0.7157157157157157	0.5557885689102552	1.5600212908750335
0.7257257257257257	0.5748812462665825	1.7326364470251148
0.7357357357357357	0.5971100179455229	1.9437151438484936
0.7457457457457457	0.6229048106136987	2.203625270008203
0.7557557557557557	0.652790290933574	2.525629510142008
0.7657657657657657	0.6874090683938601	2.926121554157843
0.7757757757757757	0.7275518699348172	3.4238469400098612
0.7857857857857858	0.7741970361003798	4.036409927411709
0.7957957957957958	0.8285625593179521	4.770710789201835
0.8058058058058059	0.8921750838167054	5.602511095332299
0.8158158158158159	0.9669619164750782	6.444172997634208
0.8258258258258259	1.0553742549209064	7.120362093221311
0.8358358358358359	1.160552540239702	7.406731062264456
0.8458458458458459	1.2865478232146135	7.164489427082025
0.8558558558558559	1.4386152387802875	6.4609153609032015
0.8658658658658659	1.6235940063143874	5.5188695822028535
0.8758758758758759	1.8503746647754613	4.558656910634395
0.8858858858858859	2.130408472291869	3.7072911262433315
0.8958958958958959	2.4780894294452347	3.005533931352247
0.9059059059059059	2.91053573003977	2.4472012400907546
0.9159159159159159	3.4456281377057896	2.0091564469359087
0.9259259259259259	4.095904508084352	1.666197568505118
0.9359359359359359	4.854310366256178	1.3965087989925853
0.9459459459459459	5.6685019166430495	1.182802977955051
0.955955955955956	6.411620216893482	1.0118946036285532
0.965965965965966	6.886481471225098	0.8738786946407238
0.975975975975976	6.912899180287801	0.7613409302669798
0.985985985985986	6.461385967864819	0.6687163344299321
0.995995995995996	5.683310718404248	0.5918025463673795
1.006006006006006	4.794123039636085	0.527401202235978
1.016016016016016	3.9527887927274157	0.4730568523154092
1.026026026026026	3.231978221743023	0.42686740760641934
1.0360360360360361	2.645059197455265	0.3873461935947571
1.0460460460460461	2.1781492684996535	0.35332103231857387
1.0560560560560561	1.8095229398092831	0.32385990418802546
1.0660660660660661	1.5181762700700223	0.2982157634679624
1.0760760760760761	1.286584501316087	0.27578523734125343
1.0860860860860861	1.1010018812477862	0.2560774592428359
1.0960960960960962	0.9509331708585267	0.2386903561658153
1.1061061061061062	0.828444654873116	0.2232924619095548
1.1161161161161162	0.7275454471599982	0.2096088596107195
1.1261261261261262	0.6436946553871445	0.19741023428106752
1.1361361361361362	0.5734283333544745	0.18650428581014392
1.1461461461461462	0.5140834463084656	0.17672894703239908
1.1561561561561562	0.4635954078224289	0.16794699220396836
1.1661661661661662	0.4203497708903615	0.16004172402634784
1.1761761761761762	0.3830732684825429	0.15291350297593104
1.1861861861861862	0.35075333276699866	0.14647693874151715
1.1961961961961962	0.3225782477853377	0.14065860539510106
1.2062062062062062	0.2978923119970794	0.1353951733574688
1.2162162162162162	0.2761619829352159	0.1306318750022819
1.2262262262262262	0.25695011150809016	0.12632123885757718
1.2362362362362362	0.23989617889286788	0.12242204124696462
1.2462462462462462	0.2247010210583592	0.11889843492274574
1.2562562562562563	0.21111493382145816	0.11571922255221613
1.2662662662662663	0.19892834363901787	0.1128572494047177
1.2762762762762763	0.18796444009693059	0.11028889468172269
1.2862862862862863	0.17807331902864293	0.10799364495554185
1.2962962962962963	0.16912729699757112	0.10595373638051862
1.3063063063063063	0.1610171401606196	0.10415385489850472
1.3163163163163163	0.15364901151374263	0.10258088572176571
1.3263263263263263	0.1469419860334347	0.10122370504729264
1.3363363363363363	0.14082601742434256	0.1000730083282797
1.3463463463463463	0.13524026604792963	0.09912117055993787
1.3563563563563563	0.1301317172964903	0.09836213498904273
1.3663663663663663	0.125454034759896	0.09779132746562116
1.3763763763763763	0.12116660415441897	0.09740559435931476
1.3863863863863863	0.11723373299331895	0.0972031625902843
1.3963963963963963	0.11362397800180118	0.09718362089973454
1.4064064064064064	0.11030957778402999	0.0973479220303227
1.4164164164164164	0.10726597258648403	0.09769840602434703
1.4264264264264264	0.10447139643709033	0.098238845396078
1.4364364364364364	0.10190652967247293	0.09897451351658387
1.4464464464464464	0.09955420205127098	0.09991227818885648
1.4564564564564564	0.09739913840670422	0.10106072311111369
1.4664664664664664	0.09542774020760353	0.1024303007630948
1.4764764764764764	0.09362789754518563	0.10403352123662103
1.4864864864864864	0.09198882699635882	0.10588518271707878
1.4964964964964964	0.09050093157641462	0.1080026507650494
1.5065065065065064	0.08915567962184674	0.11040619531988681
1.5165165165165164	0.08794549995722582	0.11311939654577516
1.5265265265265264	0.086863691127974	0.11616963338867102
1.5365365365365364	0.08590434283403407	0.11958867216729062
1.5465465465465464	0.08506226799461575	0.12341337689306639
1.5565565565565564	0.08433294412157367	0.12768656857385852
1.5665665665665667	0.08371246288598512	0.1324580678633982
1.5765765765765767	0.08319748693890054	0.13778596454784947
1.5865865865865867	0.08278521319552118	0.14373816913542797
1.5965965965965967	0.08247334191993205	0.1503943170674431
1.6066066066066067	0.0822600510568028	0.15784811589042846
1.6166166166166167	0.08214397535115375	0.1662102515665279
1.6266266266266267	0.0821241898801226	0.17561200384007536
1.6366366366366367	0.08220019769387261	0.1862097646668274
1.6466466466466467	0.08237192132689579	0.19819071124120313
1.6566566566566567	0.0826396980007244	0.21177995989406373
1.6666666666666667	0.08300427839146104	0.22724962335972024
1.6766766766766767	0.08346682888578946	0.2449303157717376
1.6866866866866868	0.08402893729579743	0.26522579957063536
1.6966966966966968	0.08469262204714918	0.2886316428396604
1.7067067067067068	0.0854603448994582	0.31575893649260756
1.7167167167167168	0.08633502729998994	0.3473642573689909
1.7267267267267268	0.08732007051507602	0.38438703365315974
1.7367367367367368	0.0884193797274539	0.42799500252616435
1.7467467467467468	0.08963739233283691	0.47963697389629795
1.7567567567567568	0.09097911071451945	0.5410984602493146
1.7667667667667668	0.09245013982470106	0.6145476098315664
1.7767767767767768	0.09405672995008478	0.7025420375014905
1.7867867867867868	0.09580582509330915	0.807934434579217
1.7967967967967968	0.0977051174557856	0.9335565938716838
1.8068068068068068	0.09976310856475008	1.0814725457647156
1.8168168168168168	0.10198917764426461	1.2514991402936535
1.8268268268268268	0.10439365788831736	1.4387292365685052
1.8368368368368369	0.10698792134859239	1.6303025339271224
1.8468468468468469	0.10978447320143864	1.8031079090433664
1.8568568568568569	0.11279705619917572	1.9260712967685707
1.8668668668668669	0.11604076613983251	1.9702110764053724
1.8768768768768769	0.11953217919380944	1.9230612815055144
1.8868868868868869	0.12328949189969322	1.7961994281435785
1.896896896896897	0.12733267456596942	1.6185130568555917
1.906906906906907	0.1316836386738936	1.4217073402085407
1.916916916916917	0.13636641864225596	1.229653053662321
1.926926926926927	0.14140736794941614	1.0556855262555915
1.936936936936937	0.14683536906999095	0.9048484486965754
1.946946946946947	0.15268205590550962	0.7772427419059329
1.956956956956957	0.15898204629503507	0.6706303324023632
1.966966966966967	0.16577318067328317	0.5819927021817694
1.976976976976977	0.1730967608695047	0.5083136307974451
1.986986986986987	0.18099778023552088	0.4469055153915413
1.996996996996997	0.18952513254062034	0.39550231905044037
2.007007007007007	0.19873178210835385	0.3522471993226789
2.017017017017017	0.20867487117261377	0.3156404841465236
2.027027027027027	0.21941573202235531	0.2844787404295924
2.037037037037037	0.231019760768027	0.2577978237166359
2.047047047047047	0.24355609606913198	0.23482427440570192
2.057057057057057	0.2570970295313671	0.21493565190743183
2.067067067067067	0.2717170545033724	0.1976289153426053
2.0770770770770772	0.28749143681684813	0.1824955242244916
2.0870870870870872	0.3044941654200959	0.16920194123167573
2.0970970970970972	0.32279511476302736	0.15747438984595663
2.1071071071071072	0.3424562278526919	0.14708692749510208
2.1171171171171173	0.3635265153414571	0.13785208936353996
2.1271271271271273	0.3860356715999914	0.1296135225348674
2.1371371371371373	0.40998614767759695	0.12224016248864825
2.1471471471471473	0.43534361243625896	0.11562160763693498
2.1571571571571573	0.46202590003098865	0.10966442757278339
2.1671671671671673	0.48989080799601237	0.10428920192959089
2.1771771771771773	0.5187234923666784	0.09942813344374671
2.1871871871871873	0.5482247017130467	0.0950231143923949
2.1971971971971973	0.5780016598231478	0.09102415271211595
2.2072072072072073	0.6075639477793441	0.08738808484457602
2.2172172172172173	0.636327079393435	0.08407751825444987
2.2272272272272273	0.6636263766037751	0.08105995879789578
2.2372372372372373	0.688742990035029	0.07830708756935721
2.2472472472472473	0.710942322463669	0.0757941591834762
2.2572572572572573	0.7295227733703715	0.07349949916006834
2.2672672672672673	0.7438700381522848	0.07140408254778796
2.2772772772772774	0.753509896047005	0.06949117943583664
2.2872872872872874	0.7581513643559407	0.06774605577536046
2.2972972972972974	0.757712915787876	0.06615572013268313
2.3073073073073074	0.7523272034478139	0.064708708748351
2.3173173173173174	0.7423237509003221	0.06339490267827942
2.3273273273273274	0.7281931758718206	0.062205371919924674
2.3373373373373374	0.7105395346637391	0.0611322423360727
2.3473473473473474	0.6900285717638516	0.06016858192622408
2.3573573573573574	0.6673390001415382	0.05930830359604771
2.3673673673673674	0.6431219698334294	0.05854608206698786
2.3773773773773774	0.6179714059383755	0.05787728297190508
2.3873873873873874	0.5924056248289931	0.05729790251676635
2.3973973973973974	0.5668589964764532	0.056804516365895466
2.4074074074074074	0.5416815280189267	0.05639423664064346
2.4174174174174174	0.5171439943443901	0.056064676116783604
2.4274274274274275	0.4934464300992771	0.05581391887271098
2.4374374374374375	0.47072821420176036	0.05564049678291639
2.4474474474474475	0.44907845996478074	0.05554337137562629
2.4574574574574575	0.4285458699597061	0.05552192068277709
2.4674674674674675	0.409147576415269	0.05557593080867133
2.4774774774774775	0.39087675343253026	0.055705592033141536
2.4874874874874875	0.3737089653505767	0.055911499349097
2.4974974974974975	0.35760732367818576	0.05619465741446322
2.5075075075075075	0.342526581979317	0.05655648997686518
2.5175175175175175	0.32841632056443004	0.056998853909740084
2.5275275275275275	0.31522337379269033	0.057524058078953805
2.5375375375375375	0.30289364161525884	0.05813488734699623
2.5475475475475475	0.29137341000614236	0.05883463211388257
2.5575575575575575	0.2806102861198723	0.05962712389670218
2.5675675675675675	0.2705538357069812	0.06051677756339504
2.5775775775775776	0.2611559937193512	0.0615086409642994
2.5875875875875876	0.25237130465519503	0.06260845285105139
2.5975975975975976	0.24415703711709713	0.06382271013865651
2.6076076076076076	0.23647320714544412	0.06515874575913257
2.6176176176176176	0.22928253689881156	0.06662481857628787
2.6276276276276276	0.22255036889841373	0.06823021708861794
2.6376376376376376	0.21624455105748794	0.06998537894479398
2.6476476476476476	0.21033530382712556	0.07190202864147341
2.6576576576576576	0.20479507778666536	0.07399333617256976
2.6676676676676676	0.19959840770669574	0.07627409985989703
2.6776776776776776	0.19472176736400199	0.07876095712328836
2.6876876876876876	0.19014342806894097	0.08147262755105403
2.6976976976976976	0.18584332287862373	0.08443019330898928
2.7077077077077076	0.18180291773795534	0.08765742267794659
2.7177177177177176	0.17800509025426442	0.0911811433232852
2.7277277277277276	0.1744340164232605	0.09503167274820555
2.7377377377377377	0.1710750653479942	0.09924331421522767
2.7477477477477477	0.16791470180081614	0.10385492714768803
2.7577577577577577	0.16494039634939903	0.10891058149456626
2.7677677677677677	0.16214054268529995	0.11446030551483502
2.7777777777777777	0.15950438174496345	0.12056093552566001
2.7877877877877877	0.1570219321892517	0.12727707376102992
2.7977977977977977	0.15468392680122586	0.13468215567554295
2.8078078078078077	0.15248175436795017	0.14285961939365258
2.8178178178178177	0.15040740662575836	0.1519041554277935
2.8278278278278277	0.14845342986870513	0.16192299112228323
2.8378378378378377	0.14661288084175023	0.17303712692891404
2.8478478478478477	0.1448792865654447	0.18538238399902623
2.8578578578578577	0.14324660776285494	0.19911003552052617
2.8678678678678677	0.14170920558478242	0.21438666549042457
2.8778778778778777	0.14026181135272994	0.231392712899518
2.8878878878878878	0.13889949906194546	0.25031889972680643
2.8978978978978978	0.13761766040780476	0.2713593939104844
2.9079079079079078	0.13641198211933783	0.2947001240680781
2.9179179179179178	0.13527842540119475	0.3205001788012496
2.9279279279279278	0.1342132073029784	0.3488638060564278
2.937937937937938	0.13321278384970844	0.3798004369437614
2.947947947947948	0.13227383478148855	0.4131708789511596
2.957957957957958	0.13139324976325562	0.4486201224926884
2.967967967967968	0.1305681159366292	0.4855020421899259
2.977977977977978	0.12979570669701562	0.5228093466595163
2.987987987987988	0.1290734715877466	0.5591327886184836
2.997997997997998	0.12839902721237947	0.5926832510049771
3.008008008008008	0.12777014907352244	0.6214111347074872
3.018018018018018	0.12718476425379543	0.6432396716523892
3.028028028028028	0.12664094486111957	0.6563881054897914
3.038038038038038	0.1261369021661517	0.6597090077314284
3.048048048048048	0.12567098136544858	0.6529315102194666
3.058058058058058	0.12524165690878064	0.6367194602769498
3.068068068068068	0.12484752833401735	0.6125218131689084
3.078078078078078	0.12448731655718977	0.5822743950821626
3.088088088088088	0.12415986056992553	0.5480588693539505
3.098098098098098	0.12386411450031554	0.5118161019895413
3.108108108108108	0.12359914499737039	0.475165543760551
3.118118118118118	0.12336412890297441	0.4393333730957562
3.1281281281281283	0.12315835117913164	0.4051621656718099
3.1381381381381384	0.12298120306172648	0.37316686706717944
3.1481481481481484	0.12283218041600505	0.3436077801864054
3.1581581581581584	0.12271088227216546	0.3165618640289241
3.1681681681681684	0.12261700952326593	0.29198315792660984
3.1781781781781784	0.12255036377066526	0.26974958873913774
3.1881881881881884	0.12251084630616134	0.24969692883695804
3.1981981981981984	0.12249845722250656	0.2316421339379776
3.2082082082082084	0.12251329464785192	0.21539857844022645
3.2182182182182184	0.12255555410214299	0.2007854432108801
3.2282282282282284	0.12262552797676213	0.18763306139485336
3.2382382382382384	0.1227236051412066	0.17578557361485558
3.2482482482482484	0.12285027068337871	0.16510185850125622
3.2582582582582584	0.12300610579238387	0.15545540548292466
3.2682682682682684	0.1231917877948117	0.14673357722098032
3.2782782782782784	0.12340809035776332	0.1388365537866752
3.2882882882882885	0.1236558838733776	0.131676143867509
3.2982982982982985	0.12393613604131999	0.12517457644413
3.3083083083083085	0.12424991266706908	0.11926333902904764
3.3183183183183185	0.12459837869460119	0.11388209797864696
3.3283283283283285	0.12498279949326424	0.10897771709510229
3.3383383383383385	0.1254045424189648	0.104503378915799
3.3483483483483485	0.12586507866992158	0.10041780614869891
3.3583583583583585	0.12636598545745417	0.0966845769064705
3.3683683683683685	0.12690894851179765	0.09327152556051194
3.3783783783783785	0.12749576494199374	0.09015022041584253
3.3883883883883885	0.12812834646805016	0.08729550950542128
3.3983983983983985	0.1288087230418954	0.08468512629930626
3.4084084084084085	0.12953904687117154	0.08229934782189051
3.4184184184184185	0.13032159685782801	0.08012069844595233
3.4284284284284285	0.13115878345911036	0.07813369341135933
3.4384384384384385	0.13205315397491293	0.07632461686027138
3.4484484484484486	0.13300739825939906	0.07468132986416083
3.4584584584584586	0.13402435484836384	0.07319310453748273
3.4684684684684686	0.13510701748519593	0.07185048088232344
3.4784784784784786	0.13625854201797546	0.07064514349376601
3.4884884884884886	0.1374822536279229	0.06956981568160403
3.4984984984984986	0.13878165433333153	0.06861816893616578
3.5085085085085086	0.1401604306945327	0.06778474599209688
3.5185185185185186	0.14162246162239245	0.06706489602947197
3.5285285285285286	0.14317182616409935	0.06645472080357492
3.5385385385385386	0.14481281110636351	0.06595103071843077
3.5485485485485486	0.14654991819399116	0.06555131006008107
3.5585585585585586	0.14838787071174941	0.06525369078874875
3.5685685685685686	0.15033161911653625	0.06505693445853356
3.5785785785785786	0.15238634533319317	0.06496042199480973
3.5885885885885886	0.15455746523981356	0.06496415121487437
3.5985985985985987	0.1568506287621574	0.06506874213386693
3.6086086086086087	0.15927171687115504	0.06527545025735804
3.6186186186186187	0.16182683462751601	0.06558618823026645
3.6286286286286287	0.16452229923986267	0.06600355639358134
3.6386386386386387	0.16736462189360177	0.06653088300151969
3.6486486486486487	0.17036048186328906	0.06717227507867042
3.6586586586586587	0.17351669113561827	0.06793268115674833
3.6686686686686687	0.17684014744275414	0.06881796743392943
3.6786786786786787	0.18033777323011438	0.06983500925560945
3.6886886886886887	0.18401643766067874	0.0709918002387161
3.6986986986986987	0.1878828582902361	0.07229758186718736
3.7087087087087087	0.19194347853935215	0.07376299699392345
3.7187187187187187	0.19620431655317586	0.07540027141891521
3.7287287287287287	0.20067078049818401	0.07722342860124813
3.7387387387387387	0.20534744483230544	0.07924854364232672
3.7487487487487487	0.2102377816495833	0.08149404398851286
3.7587587587587588	0.21534384092043868	0.08398106589473607
3.7687687687687688	0.22066587342081728	0.0867338776245947
3.7787787787787788	0.22620189051137057	0.08978038270238696
3.7887887887887888	0.2319471558649043	0.09315271934837313
3.798798798798799	0.23789360597695802	0.09688797558845423
3.808808808808809	0.24402919909892784	0.10102904348441175
3.818818818818819	0.25033719641914937	0.10562564048786914
3.828828828828829	0.2567953852161775	0.11073553099781068
3.838838838838839	0.26337526163361014	0.1164259865293972
3.848848848848849	0.27004120091119843	0.12277552788548704
3.858858858858859	0.27674965541069263	0.1298759961599318
3.868868868868869	0.2834484353455396	0.13783499903775093
3.878878878878879	0.29007614304765794	0.1467787706031218
3.888888888888889	0.29656184751683007	0.15685545949739443
3.898898898898899	0.30282509973738053	0.16823880926651613
3.908908908908909	0.3087763977788208	0.18113209477849418
3.918918918918919	0.31431821021133394	0.19577199401746684
3.928928928928929	0.3193466526424171	0.21243174711838306
3.938938938938939	0.3237538813046954	0.23142239210831023
3.948948948948949	0.32743121707136574	0.2530899313772131
3.958958958958959	0.3302729432530235	0.2778047858261716
3.968968968968969	0.332180635295698	0.30593762474747294
3.978978978978979	0.3330677891788594	0.33781251250995453
3.988988988988989	0.3328644316618025	0.37362464058113204
3.998998998998999	0.33152133621578034	0.41330733041314477
4.009009009009009	0.32901344979229286	0.4563358196311063
4.019019019019019	0.3253421691255324	0.5014722622097616
4.029029029029029	0.320536193848594	0.5464996847813903
4.039039039039039	0.31465081884909324	0.5880683338904245
4.049049049049049	0.30776569070579557	0.6218587455067541
4.059059059059059	0.2999812163302307	0.6432608984413167
4.069069069069069	0.29141394867202464	0.6485559022046472
4.079079079079079	0.2821913627204473	0.6361828640101181
4.089089089089089	0.2724464638111225	0.607399668647335
4.099099099099099	0.2623126405897126	0.565894460656489
4.109109109109109	0.25191909881390234	0.5165729478961765
4.119119119119119	0.24138710800106417	0.4642166091986197
4.129129129129129	0.23082718077148345	0.412595448630801
4.1391391391391394	0.2203372017496041	0.36418217664845426
4.1491491491491495	0.21000144068875762	0.32028916663793605
4.1591591591591595	0.19989032844445748	0.2813793175308372
4.1691691691691695	0.19006084447209198	0.24738022602893964
4.1791791791791795	0.18055735685000823	0.21792861400420668
4.1891891891891895	0.17141276471178366	0.19253405708893861
4.1991991991991995	0.16264981235445344	0.17067710973098843
4.2092092092092095	0.1542824688169178	0.15186208876765409
4.2192192192192195	0.14631729227205584	0.13564155074864231
4.2292292292292295	0.1387547223680071	0.12162445187247276
4.2392392392392395	0.1315902641130197	0.10947563038636213
4.2492492492492495	0.12481554338468503	0.09891115852824335
4.2592592592592595	0.11841922666202986	0.08969211867348753
4.2692692692692695	0.11238780651854802	0.08161815252656801
4.2792792792792795	0.10670626035394515	0.07452143587814991
4.2892892892892895	0.10135859340789445	0.06826134628436342
4.2992992992992995	0.09632827888189198	0.06271988827939938
4.3093093093093096	0.091598608508717	0.05779784140967953
4.31931931931932	0.08715296656671621	0.05341155376977207
4.32932932932933	0.08297503946437253	0.04949029096520715
4.33933933933934	0.07904897185476657	0.0459740524589913
4.34934934934935	0.07535947894984878	0.0428117758454094
4.35935935935936	0.07189192340412533	0.039959860401688724
4.36936936936937	0.06863236389831326	0.03738095211894674
4.37937937937938	0.06556758141613371	0.03504294232488467
4.38938938938939	0.06268508819346107	0.03291814061691865
4.3993993993994	0.059973123432409604	0.030982590081015584
4.40940940940941	0.05742063911177494	0.02921549877852805
4.41941941941942	0.055017278579829985	0.027598766399107667
4.42942942942943	0.05275335007507783	0.02611658897094632
4.43943943943944	0.05061979687194194	0.024755127749779057
4.44944944944945	0.048608165379793344	0.02350223101383022
4.45945945945946	0.04671057222286567	0.02234719959326514
4.46946946946947	0.04491967108487562	0.021280588656011106
4.47947947947948	0.04322861990643453	0.020294039638633937
4.48948948948949	0.041631048866901804	0.019380137314933137
4.4994994994995	0.04012102945850933	0.018532287888621324
4.50950950950951	0.038693044862974875	0.017744614721385867
4.51951951951952	0.03734196176512151	0.01701186889674691
4.52952952952953	0.03606300367920362	0.016329352300647543
4.53953953953954	0.03485172581910363	0.01569285129185908
4.54954954954955	0.03370399150990951	0.015098579356948992
4.55955955955956	0.0326159501135513	0.014543127408669733
4.56956956956957	0.03158401642345836	0.014023420603996747
4.57957957957958	0.030604851470632296	0.01353668073805213
4.58958958958959	0.02967534467558326	0.013080393418581143
4.5995995995996	0.028792597275443702	0.012652279349601357
4.60960960960961	0.027953906953368062	0.012250269155535098
4.61961961961962	0.027156753596677744	0.011872481263144078
4.62962962962963	0.026398786111040847	0.011517202430531285
4.63963963963964	0.025677810219973507	0.011182870572843092
4.64964964964965	0.024991777181388775	0.01086805958494029
4.65965965965966	0.024338773355995318	0.010571465904489633
4.66966966966967	0.023717010565721893	0.010291896594726752
4.67967967967968	0.023124817183879945	0.010028258757199959
4.68968968968969	0.022560629902129013	0.009779550110656492
4.6996996996997	0.022022986123208216	0.009544850594548605
4.70970970970971	0.021510516931466876	0.009323314874527623
4.71971971971972	0.02102194059687042	0.009114165643617177
4.72972972972973	0.020556056571199417	0.008916687626495601
4.73973973973974	0.02011173993827971	0.008730222206338309
4.74974974974975	0.01968793628289203	0.008554162603951728
4.75975975975976	0.019283656945790324	0.00838794954786946
4.76976976976977	0.018897974634705966	0.00823106738148981
4.77977977977978	0.018530019363634964	0.008083040560324538
4.78978978978979	0.018178974694790705	0.007943430497898474
4.7997997997998	0.017844074259785517	0.007811832724024801
4.80980980980981	0.017524598538375936	0.007687874323524669
4.81981981981982	0.017219871874815235	0.007571211627190199
4.82982982982983	0.01692925971357631	0.007461528130337916
4.83983983983984	0.016652166037519744	0.007358532616942254
4.84984984984985	0.016388030993160843	0.00726195747027111
4.85985985985986	0.01613632868860805	0.007171557152962025
4.86986986986987	0.015896565151313127	0.0070871068415839684
4.87987987987988	0.01566827643330597	0.007008401202636516
4.88988988988989	0.01545102685313491	0.006935253298381237
4.8998998998999	0.015244407364088318	0.006867493612418592
4.90990990990991	0.015048034039370077	0.0068049691862065624
4.91991991991992	0.014861546665599079	0.0067475428589492395
4.92992992992993	0.014684607436619741	0.006695092604213309
4.93993993993994	0.014516899740270386	0.006647510957758938
4.94994994994995	0.014358127031273227	0.0066047045319065
4.95995995995996	0.014208011784007206	0.006566593612605288
4.96996996996997	0.014066294519228298	0.006533111836207656
4.97997997997998	0.013932732899456618	0.006504205943739575
4.98998998998999	0.013807100887865574	0.006479835611092188
5.0	0.013689187966088897	0.006459973354467194
