-5.0	0.17862193783374516	0.09388791944937644
-4.98998998998999	0.23021538092346525	0.11064971843078127
-4.97997997997998	0.28505361678946706	0.1301474134811815
-4.96996996996997	0.3249043209596609	0.15193609661858132
-4.95995995995996	0.32913363228648984	0.17470452678040432
-4.94994994994995	0.2963893565445145	0.1960036872852267
-4.93993993993994	0.24579143939489934	0.212451437732759
-4.92992992992993	0.19589003055851226	0.2207552529206236
-4.91991991991992	0.1546656914038993	0.2192315195790427
-4.90990990990991	0.12296620188321655	0.20869205624997372
-4.8998998998999	0.09914105769901264	0.19189820229112972
-4.88988988988989	0.08123691469212203	0.17213638204777237
-4.87987987987988	0.06764820279834868	0.15206192228070903
-4.86986986986987	0.057190242816044054	0.13330645545081532
-4.85985985985986	0.049019911285989974	0.11662277346631574
-4.84984984984985	0.04254178160465573	0.10219482960643585
-4.83983983983984	0.03733329866382057	0.08990565518093444
-4.82982982982983	0.03309139401471899	0.07951127543229135
-4.81981981981982	0.029595847487484717	0.07073619319502378
-4.80980980980981	0.026684413253597796	0.06331884880358543
-4.7997997997998	0.024235901547683954	0.05702940159470658
-4.78978978978979	0.022158579237901307	0.05167371770276022
-4.77977977977978	0.020382129545400123	0.047091219775914
-4.76976976976977	0.018852010119746087	0.04315049107161644
-4.75975975975976	0.017525443600850066	0.03974446787442483
-4.74974974974975	0.01636853222897335	0.036785998158392695
-4.73973973973974	0.015354155819791488	0.03420403168567644
-4.72972972972973	0.014460422344059583	0.03194047369824105
-4.71971971971972	0.01366951299847602	0.029947639498474316
-4.70970970970971	0.012966812159901954	0.02818621760704058
-4.6996996996997	0.012340245356841006	0.026623648437190003
-4.68968968968969	0.01177977074368794	0.02523283592662565
-4.67967967967968	0.011276984992615122	0.02399112317080735
-4.66966966966967	0.010824815286589094	0.02287947629222342
-4.65965965965966	0.01041727669344467	0.0218818322525657
-4.64964964964965	0.010049279614336295	0.020984575779106996
-4.63963963963964	0.009716475896788278	0.020176118155826542
-4.62962962962963	0.009415135033414533	0.019446556603529876
-4.61961961961962	0.0091420439430798	0.018787397633407803
-4.60960960960961	0.008894425366589366	0.018191331381126056
-4.5995995995996	0.0086698710532364	0.017652046733912994
-4.58958958958959	0.008466286775114625	0.017164079240966967
-4.57957957957958	0.00828184685723169	0.016722685486081874
-4.56956956956957	0.008114956408278778	0.016323738916546815
-4.55955955955956	0.007964219818621244	0.015963643147713133
-4.54954954954955	0.007828414386743057	0.015639259566679907
-4.53953953953954	0.007706468164919877	0.01534784668909017
-4.52952952952953	0.007597441294634878	0.015087009221770777
-4.51951951951952	0.00750051024337124	0.014854655178194242
-4.50950950950951	0.007414954466788808	0.014648959708272671
-4.4994994994995	0.007340145109174601	0.014468334554446773
-4.48948948948949	0.007275535426803307	0.014311402248093269
-4.47947947947948	0.007220652676338392	0.014176974322592838
-4.46946946946947	0.007175091256991844	0.014064032951494332
-4.45945945945946	0.007138506933523391	0.013971715527668412
-4.44944944944945	0.007110611998120806	0.013899301787927365
-4.43943943943944	0.007091171255386144	0.013846203160334155
-4.42942942942943	0.0070799987359709765	0.01381195407255436
-4.41941941941942	0.007076955062964051	0.013796205010963337
-4.40940940940941	0.007081945410375293	0.013798717163668147
-4.3993993993994	0.007094918006762184	0.013819358518858536
-4.38938938938939	0.007115863148745829	0.013858101323060458
-4.37937937937938	0.007144812699965773	0.013915020833923503
-4.36936936936937	0.0071818400607947174	0.013990295329915216
-4.35935935935936	0.007227060603316054	0.01408420736569428
-4.34934934934935	0.007280632575285988	0.014197146287509867
-4.33933933933934	0.007342758485644706	0.014329612049163455
-4.32932932932933	0.007413686993541955	0.014482220395804855
-4.31931931931932	0.007493715332725893	0.014655709512029108
-4.3093093093093096	0.007583192313779636	0.014850948262256794
-4.2992992992992995	0.0076825219585767495	0.015068946187053988
-4.2892892892892895	0.007792167834941467	0.01531086545973949
-4.2792792792792795	0.007912658174652979	0.015578035054745388
-4.2692692692692695	0.008044591876063822	0.015871967434773163
-4.2592592592592595	0.008188645513741877	0.016194378129567335
-4.2492492492492495	0.008345581502460887	0.016547208658093955
-4.2392392392392395	0.008516257592865888	0.01693265334122038
-4.2292292292292295	0.008701637912105088	0.01735319066768309
-4.2192192192192195	0.00890280580651007	0.017811620017782668
-4.2092092092092095	0.009120978796361232	0.018311104723229926
-4.1991991991991995	0.009357526017798622	0.018855222656978313
-4.1891891891891895	0.009613988607102726	0.019448025813865934
-4.1791791791791795	0.009892103581479844	0.020094110677712246
-4.1691691691691695	0.010193831893382419	0.020798701589621032
-4.1591591591591595	0.01052139148939985	0.021567749862983637
-4.1491491491491495	0.01087729639766676	0.022408052063373703
-4.1391391391391394	0.011264403111800072	0.023327391732116013
-4.129129129129129	0.011685965849416438	0.02433470993726555
-4.119119119119119	0.012145702659350048	0.025440311464832978
-4.109109109109109	0.012647874861062463	0.026656115323503232
-4.099099099099099	0.013197382959223113	0.02799596067332205
-4.089089089089089	0.013799883035899607	0.029475982506059702
-4.079079079079079	0.014461928750492455	0.031115075682727474
-4.069069069069069	0.015191145570162792	0.032935471665963695
-4.059059059059059	0.015996445842488514	0.0349634600315619
-4.049049049049049	0.016888295997534077	0.037230297400160775
-4.039039039039039	0.01787905079663152	0.03977336095048727
-4.029029029029029	0.018983374517385704	0.04263762383670235
-4.019019019019019	0.02021877584687706	0.04587755810913603
-4.009009009009009	0.02160629288247084	0.04955961081427775
-3.998998998998999	0.023171378266678783	0.05376545637892786
-3.988988988988989	0.024945054010892406	0.058596311627608255
-3.978978978978979	0.02696543392331615	0.06417872189264563
-3.968968968968969	0.029279753341540392	0.07067240801520983
-3.958958958958959	0.03194710839452865	0.07828103671840733
-3.948948948948949	0.03504220216174938	0.08726719203956754
-3.938938938938939	0.03866054253821004	0.09797346539772749
-3.928928928928929	0.042925769686978636	0.11085257887510265
-3.918918918918919	0.048000167491589085	0.1265110229674341
-3.908908908908909	0.05410003639539682	0.1457731612276725
-3.898898898898899	0.061518663199272676	0.16977663058097017
-3.888888888888889	0.07066147392697554	0.20011579791200906
-3.878878878878879	0.0821012985881857	0.2390584979129197
-3.868868868868869	0.0966679373265111	0.2898710670900618
-3.858858858858859	0.11559842933713599	0.35728922968836657
-3.848848848848849	0.14079936195752754	0.44813230525447806
-3.838838838838839	0.17532617646322848	0.5718524243545761
-3.828828828828829	0.22430663601975823	0.7400679740538965
-3.818818818818819	0.2968327938215963	0.9620144563750698
-3.808808808808809	0.4101200008368199	1.229084546092134
-3.798798798798799	0.5993788728181817	1.484884103642418
-3.7887887887887888	0.9428750089296017	1.6166865399182255
-3.7787787787787788	1.6239870335823634	1.5428520556764247
-3.7687687687687688	2.9917122760534167	1.3136954682916728
-3.7587587587587588	4.6340632217477555	1.0455921795725047
-3.7487487487487487	3.8529070374618732	0.811635607575566
-3.7387387387387387	2.1547128473878123	0.6303741082930715
-3.7287287287287287	1.2084976322041934	0.49577189808682703
-3.7187187187187187	0.7423249914846594	0.396553397403002
-3.7087087087087087	0.49506672457898976	0.3228224933016874
-3.6986986986986987	0.35183259602793704	0.2672394259797217
-3.6886886886886887	0.26247107513241835	0.22464781632001707
-3.6786786786786787	0.20332195901903294	0.19147420868808152
-3.6686686686686687	0.1622795515595725	0.16523353261471765
-3.6586586586586587	0.13269570105454143	0.1441785183712616
-3.6486486486486487	0.11069552267968326	0.12706317855539823
-3.6386386386386387	0.09390510627727836	0.11298544424509013
-3.6286286286286287	0.08080772202714251	0.10128230306461052
-3.6186186186186187	0.07039908844325027	0.09145930829855757
-3.6086086086086087	0.06199355016551807	0.08314261557747932
-3.5985985985985987	0.05511040517944646	0.07604590315399028
-3.5885885885885886	0.049404743395826935	0.0699472373266561
-3.5785785785785786	0.0446239905650855	0.06467266879697611
-3.5685685685685686	0.040579817213332176	0.0600844456558819
-3.5585585585585586	0.037129516382123376	0.05607243523146011
-3.5485485485485486	0.034163377429560514	0.05254780544571995
-3.5385385385385386	0.031595950447268865	0.04943831721090291
-3.5285285285285286	0.02935989115906643	0.04668477930568038
-3.5185185185185186	0.027401551674765354	0.04423835164497487
-3.5085085085085086	0.025677773939875775	0.042058474423542706
-3.4984984984984986	0.024153525472499462	0.04011126371137684
-3.4884884884884886	0.02280013395565571	0.038368258060658855
-3.4784784784784786	0.021593953560978676	0.03680543168324712
-3.4684684684684686	0.020515346532133834	0.035402411836118954
-3.4584584584584586	0.019547897723140067	0.03414185393958793
-3.4484484484484486	0.018677803178174808	0.033008939493626606
-3.4384384384384385	0.017893390077286984	0.031990970320078416
-3.4284284284284285	0.01718473678792466	0.03107703891763594
-3.4184184184184185	0.016543369886607484	0.030257759385402042
-3.4084084084084085	0.015962020859460965	0.029525046882718488
-3.3983983983983985	0.015434429441729184	0.0288719362538792
-3.3883883883883885	0.014955183676365991	0.02829243248009574
-3.3783783783783785	0.01451958908633378	0.027781387185907398
-3.3683683683683685	0.014123561083979372	0.027334396640981126
-3.3583583583583585	0.013763536044575767	0.026947717648509582
-3.3483483483483485	0.013436397462418983	0.026618198459698563
-3.3383383383383385	0.01313941436497703	0.026343222451526854
-3.3283283283283285	0.012870189746013524	0.02612066278560649
-3.3183183183183185	0.012626617230931194	0.0259488466592372
-3.3083083083083085	0.012406844542856938	0.02582652808716551
-3.2982982982982985	0.012209242615406271	0.025752868430121045
-3.2882882882882885	0.012032379418457416	0.025727424129507126
-3.2782782782782784	0.011874997738199354	0.025750141327160022
-3.2682682682682684	0.011735996292337127	0.02582135725534501
-3.2582582582582584	0.011614413674153999	0.02594180848500848
-3.2482482482482484	0.011509414709897808	0.02611264632852065
-3.2382382382382384	0.011420278887991644	0.02633545991674886
-3.2282282282282284	0.01134639057922346	0.02661230771985984
-3.2182182182182184	0.011287230817120056	0.02694575857009004
-3.2082082082082084	0.011242370448730532	0.02733894358705997
-3.1981981981981984	0.011211464501394047	0.0277956208229175
-3.1881881881881884	0.011194247639735486	0.028320254959320543
-3.1781781781781784	0.01119053061262144	0.028918115034606368
-3.1681681681681684	0.011200197611295714	0.029595394000300507
-3.1581581581581584	0.011223204479192861	0.030359354959596855
-3.1481481481481484	0.011259577730709897	0.031218510306096302
-3.1381381381381384	0.01130941435239417	0.032182841766493483
-3.1281281281281283	0.011372882373946777	0.03326407170623352
-3.118118118118118	0.011450222211602313	0.034475999192232466
-3.108108108108108	0.011541748799179456	0.035834918514927795
-3.098098098098098	0.011647854537366832	0.03736014357673231
-3.088088088088088	0.011769013105893227	0.039074669358514454
-3.078078078078078	0.011905784199130867	0.041006012466023554
-3.068068068068068	0.01205881926299344	0.043187287834374456
-3.058058058058058	0.012228868329579397	0.04565859997727614
-3.048048048048048	0.012416788067738512	0.04846885765329354
-3.038038038038038	0.012623551191868556	0.051678165003535594
-3.028028028028028	0.012850257399057088	0.05536100714868817
-3.018018018018018	0.013098146037456161	0.05961054509087918
-3.008008008008008	0.013368610746272548	0.06454448157956631
-2.997997997997998	0.013663216352555175	0.07031318600188141
-2.987987987987988	0.01398371836223671	0.07711112203758365
-2.977977977977978	0.014332085445057409	0.08519319190582
-2.967967967967968	0.014710525387033317	0.09489854475289883
-2.957957957957958	0.015121515072206578	0.10668596210515169
-2.947947947947948	0.01556783516056464	0.12118762425724791
-2.937937937937938	0.016052610255739386	0.13929281275557912
-2.9279279279279278	0.0165793555073139	0.1622817330626565
-2.9179179179179178	0.01715203077496313	0.19204577145988397
-2.9079079079079078	0.01777510370199953	0.2314615005752675
-2.8978978978978978	0.01845362331039594	0.28504668403291455
-2.8878878878878878	0.019193306049586495	0.36014714124843916
-2.8778778778778777	0.020000636618061684	0.4691330028337286
-2.8678678678678677	0.0208829863428537	0.6334382634100709
-2.8578578578578577	0.02184875246410482	0.8902475201657444
-2.8478478478478477	0.022907522348347725	1.2980075192869671
-2.8378378378378377	0.024070267463567177	1.9057636390685948
-2.8278278278278277	0.02534957291365477	2.561125179276454
-2.8178178178178177	0.0267599094690243	2.69274201590991
-2.8078078078078077	0.02831795635610267	2.124345639300974
-2.7977977977977977	0.03004298458611688	1.4466231740969997
-2.7877877877877877	0.031957312285145346	0.9660897294233385
-2.7777777777777777	0.03408684526368791	0.6649989096206131
-2.7677677677677677	0.03646171777894165	0.476615180875489
-2.7577577577577577	0.03911704979749441	0.35480930463024485
-2.7477477477477477	0.042093837519596805	0.2729143527451538
-2.7377377377377377	0.04543999254163606	0.2157879361372689
-2.7277277277277276	0.049211540225521266	0.1746227109603189
-2.7177177177177176	0.0534739769969738	0.14411397914664
-2.7077077077077076	0.058303765175351116	0.12094980342006037
-2.6976976976976976	0.06378990584146069	0.10299154808093232
-2.6876876876876876	0.07003546481932856	0.08881539518003093
-2.6776776776776776	0.07715881863819543	0.07744716512248503
-2.6676676676676676	0.08529421443552591	0.06820388995015257
-2.6576576576576576	0.09459097158731533	0.0605962512041897
-2.6476476476476476	0.10521026178812296	0.0542668029840766
-2.6376376376376376	0.1173178668664739	0.04894984891424822
-2.6276276276276276	0.13107065183810762	0.04444477467060541
-2.6176176176176176	0.14659383995637984	0.040597947909286156
-2.6076076076076076	0.16394590778700466	0.037290196289287585
-2.5975975975975976	0.18306880122741548	0.034427992257209494
-2.5875875875875876	0.20372447272746103	0.03193714761901103
-2.5775775775775776	0.2254259301473649	0.029758236927962256
-2.5675675675675675	0.24738252552025777	0.027843230733657628
-2.5575575575575575	0.26849200194514855	0.026152987971226973
-2.5475475475475475	0.28741661566134297	0.024655366732639995
-2.5375375375375375	0.3027638847744837	0.023323785736275752
-2.5275275275275275	0.31334778245115547	0.022136118122541012
-2.5175175175175175	0.3184509046078914	0.021073832960579655
-2.5075075075075075	0.3179834494164578	0.02012132327172442
-2.4974974974974975	0.31247197132275784	0.019265375825723713
-2.4874874874874875	0.30289196215661585	0.018494749659365914
-2.4774774774774775	0.29042570101886944	0.01779983866941489
-2.4674674674674675	0.2762383607264229	0.01717239973025806
-2.4574574574574575	0.2613289571656902	0.01660533226039656
-2.4474474474474475	0.24646553768405016	0.01609249846782021
-2.4374374374374375	0.2321840323700681	0.015628575974661073
-2.4274274274274275	0.21882229277041385	0.015208936377690815
-2.4174174174174174	0.20656631506705447	0.01482954470974785
-2.4074074074074074	0.19549485956160906	0.014486875842479537
-2.3973973973973974	0.18561635541528124	0.014177844698390708
-2.3873873873873874	0.1768967259486674	0.013899747780318928
-2.3773773773773774	0.1692790719272549	0.013650214026141392
-2.3673673673673674	0.1626969328962787	0.013427163387819031
-2.3573573573573574	0.15708286384617343	0.013228771842889982
-2.3473473473473474	0.152373781225735	0.013053441791691309
-2.3373373373373374	0.1485141867572556	0.012899776989363074
-2.3273273273273274	0.14545807040616843	0.012766561319135906
-2.3173173173173174	0.14317005538790115	0.012652740840182449
-2.3073073073073074	0.14162617757094229	0.012557408646823476
-2.2972972972972974	0.14081457794613936	0.012479792161040676
-2.2872872872872874	0.14073631774205964	0.012419242549592847
-2.2772772772772774	0.1414064915019835	0.01237522601584629
-2.2672672672672673	0.14285580785285298	0.012347316765756374
-2.2572572572572573	0.14513282851661846	0.012335191489314843
-2.2472472472472473	0.14830710526612226	0.01233862523563846
-2.2372372372372373	0.15247353891151677	0.012357488591992918
-2.2272272272272273	0.15775841772617125	0.01239174610716528
-2.2172172172172173	0.16432779893717292	0.012441455926325395
-2.2072072072072073	0.1723992166433517	0.012506770631723764
-2.1971971971971973	0.18225820169305734	0.01258793930961142
-2.1871871871871873	0.19428190230297826	0.012685310890632287
-2.1771771771771773	0.2089734071966769	0.01279933884002168
-2.1671671671671673	0.22701257225750443	0.01293058730487102
-2.1571571571571573	0.24933293603195772	0.013079738860947897
-2.1471471471471473	0.27724101784030236	0.013247604041542202
-2.1371371371371373	0.31260657943200193	0.013435132877155222
-2.1271271271271273	0.35817575926199846	0.01364342873027
-2.1171171171171173	0.4181050498523954	0.013873764775089347
-2.1071071071071072	0.4989089552822498	0.014127603551120216
-2.0970970970970972	0.6112182870995347	0.014406620117234276
-2.0870870870870872	0.7732036583866435	0.014712729451155076
-2.0770770770770772	1.0175712403855997	0.015048118885945231
-2.067067067067067	1.4063795354056716	0.015415286559565276
-2.057057057057057	2.061687227133235	0.015817087080188887
-2.047047047047047	3.210553353456036	0.01625678590130673
-2.037037037037037	5.075849141495292	0.01673812426377009
-2.027027027027027	6.749817903773089	0.017265397030025633
-2.017017017017017	5.843150678974789	0.017843546333041607
-2.007007007007007	3.67802268638344	0.01847827473586136
-1.996996996996997	2.193607265739611	0.019176182601721565
-1.986986986986987	1.373502413831604	0.01994493569184656
-1.976976976976977	0.9150462387983492	0.02079347074334704
-1.966966966966967	0.6435511138314115	0.021732249089248194
-1.956956956956957	0.4730161990287329	0.022773571479257255
-1.946946946946947	0.3602877634692806	0.02393197144774645
-1.936936936936937	0.2825298355100437	0.025224710295861107
-1.926926926926927	0.22696438629471877	0.026672404640815644
-1.916916916916917	0.18606850984460427	0.02829982847848213
-1.906906906906907	0.15521172419190327	0.030136947199223534
-1.896896896896897	0.1314319749298227	0.032220263102653045
-1.8868868868868869	0.11277023263930534	0.034594583904533696
-1.8768768768768769	0.09789273648365229	0.03731537255700748
-1.8668668668668669	0.08586811717213608	0.04045190637641736
-1.8568568568568569	0.0760313325634366	0.04409157885154395
-1.8468468468468469	0.06789804565616907	0.04834583973510441
-1.8368368368368369	0.0611092704192357	0.053358523656482325
-1.8268268268268268	0.055394711005093626	0.059317725717556134
-1.8168168168168168	0.05054794905145165	0.06647305240076028
-1.8068068068068068	0.04640931805494163	0.07516120395359535
-1.7967967967967968	0.04285387183601046	0.08584479828262948
-1.7867867867867868	0.03978279435629957	0.0991728409025985
-1.7767767767767768	0.0371171755396667	0.11607772327555717
-1.7667667667667668	0.03479344013005722	0.13793613628748233
-1.7567567567567568	0.032759948641774984	0.16684656494414554
-1.7467467467467468	0.03097444077585707	0.2061299255510328
-1.7367367367367368	0.029402092041744626	0.26128212480162777
-1.7267267267267268	0.028014021950507385	0.3419052742512363
-1.7167167167167168	0.02678613837690534	0.4659356136720671
-1.7067067067067068	0.02569823472331954	0.6698130453891901
-1.6966966966966968	0.024733279000440925	1.0359476864494344
-1.6866866866866868	0.02387684989952002	1.777881802752724
-1.6766766766766767	0.023116686392458854	3.5391332820771706
-1.6666666666666667	0.022442325706013996	8.159297148975867
-1.6566566566566567	0.021844810605847257	12.754574937064032
-1.6466466466466467	0.02131645142599443	6.897218713596471
-1.6366366366366367	0.020850631635257307	3.161998021839444
-1.6266266266266267	0.020441648254745776	1.7085335405828022
-1.6166166166166167	0.020084580353015916	1.058832328722669
-1.6066066066066067	0.019775180304372822	0.7218349880189608
-1.5965965965965967	0.01950978361844078	0.5265288361824314
-1.5865865865865867	0.01928523401906039	0.40373995998666
-1.5765765765765767	0.019098821128185433	0.32167509567317226
-1.5665665665665667	0.018948228643436357	0.26417938169424077
-1.5565565565565564	0.01883149132001083	0.22236981919176005
-1.5465465465465464	0.018746959403189805	0.19104354323261175
-1.5365365365365364	0.018693269429468435	0.16699236577397933
-1.5265265265265264	0.018669320533480454	0.14815202757188223
-1.5165165165165164	0.018674255579140483	0.13314598935276592
-1.5065065065065064	0.018707446585203187	0.12102802200968825
-1.4964964964964964	0.018768484042637004	0.11113053672365432
-1.4864864864864864	0.018857169834396247	0.10297182408081362
-1.4764764764764764	0.018973513566072693	0.09619745402573984
-1.4664664664664664	0.019117732209525864	0.09054219105537117
-1.4564564564564564	0.019290253047990417	0.08580461569861025
-1.4464464464464464	0.01949171999953785	0.08182983433023713
-1.4364364364364364	0.019723003484423688	0.07849746558812735
-1.4264264264264264	0.019985214099480515	0.07571314620820957
-1.4164164164164164	0.02027972046880185	0.07340243213759406
-1.4064064064064064	0.020608171760533693	0.07150636047680221
-1.3963963963963963	0.020972525502840633	0.06997818323810198
-1.3863863863863863	0.02137508149747352	0.06878094176090224
-1.3763763763763763	0.021818522832529136	0.06788565414168699
-1.3663663663663663	0.022305965242301377	0.06726995717599188
-1.3563563563563563	0.022841016363762474	0.06691709129363473
-1.3463463463463463	0.023427846816957282	0.06681514947118106
-1.3363363363363363	0.024071275505252572	0.06695653398378994
-1.3263263263263263	0.024776872125485582	0.06733758129276135
-1.3163163163163163	0.025551080627680703	0.067958327440683
-1.3063063063063063	0.026401368320369822	0.06882239544431736
-1.2962962962962963	0.02733640654694303	0.06993699331499682
-1.2862862862862863	0.028366290440460545	0.07131301716155122
-1.2762762762762763	0.029502807321862987	0.07296525883506934
-1.2662662662662663	0.03075976599393866	0.07491272211567883
-1.2562562562562563	0.032153402715770725	0.07717905578684298
-1.2462462462462462	0.033702884323482715	0.0797931162830883
-1.2362362362362362	0.03543093519916714	0.08278967707972777
-1.2262262262262262	0.03736462316976089	0.08621030665129639
-1.2162162162162162	0.03953635075458994	0.09010444162065256
-1.2062062062062062	0.04198511364340288	0.09453068640374411
-1.1961961961961962	0.04475810955169178	0.09955837470274861
-1.1861861861861862	0.04791281008959608	0.10526943059642885
-1.1761761761761762	0.05151964953962829	0.11176056590776905
-1.1661661661661662	0.055665542686995	0.1191458428898822
-1.1561561561561562	0.06045852685221446	0.1275596118938778
-1.1461461461461462	0.06603394267095856	0.1371597941683279
-1.1361361361361362	0.07256274154560091	0.14813140697259108
-1.1261261261261262	0.08026276178756603	0.16069010123487856
-1.1161161161161162	0.08941419112862208	0.17508527051317907
-1.1061061061061062	0.10038099292924987	0.1916019510071814
-1.0960960960960962	0.11364091200638254	0.2105602102659705
-1.0860860860860861	0.12982793562445819	0.2323099567436661
-1.0760760760760761	0.1497929706535925	0.2572180548931433
-1.0660660660660661	0.17469127994113004	0.28564334927327933
-1.0560560560560561	0.20610918132587466	0.3178939534159396
-1.0460460460460461	0.24624769011763864	0.35416065468269803
-1.0360360360360361	0.29818611405943585	0.39442195946646313
-1.026026026026026	0.366249317179477	0.43832244340693927
-1.016016016016016	0.4564826991365961	0.4850392363116401
-1.006006006006006	0.5771534580258679	0.5331722593635956
-0.995995995995996	0.7389296377915895	0.5807165676721759
-0.985985985985986	0.9537013094625062	0.6251838425971906
-0.975975975975976	1.2296580791201746	0.6639120128857741
-0.965965965965966	1.5590889130964003	0.694526735892886
-0.955955955955956	1.899716201403116	0.7154241113713908
-0.9459459459459459	2.1688153718939946	0.7260966479260291
-0.9359359359359359	2.2828975894747585	0.7271765507236176
-0.9259259259259259	2.2233949788240444	0.7201993189923354
-0.9159159159159159	2.045644509508571	0.707208439896142
-0.9059059059059059	1.824325455465529	0.6903564889218644
-0.8958958958958959	1.6104094590629052	0.6716110961161563
-0.8858858858858859	1.4263205688213911	0.6525993734330741
-0.8758758758758759	1.2770762867256449	0.6345691763192947
-0.8658658658658659	1.160204782465611	0.618424370499996
-0.8558558558558559	1.0710864819967525	0.6047944923335231
-0.8458458458458459	1.0051993716603815	0.5941120650436086
-0.8358358358358359	0.9588655708626318	0.5866836153350136
-0.8258258258258259	0.929395366075751	0.5827494433038732
-0.8158158158158159	0.9150364148526924	0.5825323333939
-0.8058058058058059	0.9148952505702495	0.5862778154027644
-0.7957957957957958	0.9288968981291557	0.5942895019878912
-0.7857857857857858	0.9578125082722571	0.606963322337378
-0.7757757757757757	1.0033792281989973	0.6248246973705156
-0.7657657657657657	1.06854791509569	0.6485732176568156
-0.7557557557557557	1.1579218046222417	0.679140482249649
-0.7457457457457457	1.2785014845612885	0.7177687825590635
-0.7357357357357357	1.4409505729242063	0.7661218112392079
-0.7257257257257257	1.6617910847927369	0.8264444748887387
-0.7157157157157157	1.967335468992025	0.9017988626611435
-0.7057057057057057	2.4010073386147566	0.9964205372490684
-0.6956956956956957	3.037543574332573	1.1162693313606324
-0.6856856856856857	4.011528780159652	1.269902848470365
-0.6756756756756757	5.574955560032594	1.469900792869482
-0.6656656656656657	8.199562372958589	1.735258286968737
-0.6556556556556556	12.622838095369689	2.095536564276038
-0.6456456456456456	18.86661695654146	2.598290172211619
-0.6356356356356356	22.355950982688267	3.3227053562375257
-0.6256256256256256	18.06287857756116	4.404809925350766
-0.6156156156156156	11.716974965375835	6.08151455877286
-0.6056056056056056	7.429827041029869	8.745926941969632
-0.5955955955955956	4.939213741832432	12.878499038490121
-0.5855855855855856	3.4749619344440497	18.185825433552548
-0.5755755755755756	2.5717568850983747	21.424034008072585
-0.5655655655655656	1.986035045680009	18.970981776034364
-0.5555555555555556	1.5891353820381526	13.74389324867068
-0.5455455455455456	1.3101289283714324	9.420364540907942
-0.5355355355355356	1.1080065925909268	6.58297063100025
-0.5255255255255256	0.9579761285819113	4.790632218764594
-0.5155155155155156	0.8444431281416377	3.6348975263215366
-0.5055055055055055	0.757254359358864	2.863220152539331
-0.4954954954954955	0.6896000695600648	2.329626875146647
-0.4854854854854855	0.6367962106467028	1.9490660441840362
-0.4754754754754755	0.5955523953492732	1.670517221130405
-0.46546546546546547	0.5635180314782161	1.4623249848598059
-0.45545545545545546	0.5389932146159816	1.304197636453121
-0.44544544544544545	0.5207402598420195	1.1827382691977355
-0.43543543543543545	0.5078584991101257	1.0888721233131309
-0.42542542542542544	0.4996999640286943	1.0163190388495544
-0.41541541541541543	0.495812240214542	0.9606596077603801
-0.40540540540540543	0.49589993865993026	0.9187491328813441
-0.3953953953953954	0.49979939434767695	0.8883415735458147
-0.38538538538538536	0.5074632099859058	0.8678440809659463
-0.37537537537537535	0.5189525917593928	0.856155242510495
-0.36536536536536535	0.5344363587686674	0.8525587982497025
-0.35535535535535534	0.554196226613138	0.8566556256834819
-0.34534534534534533	0.578638590427373	0.8683235604908267
-0.3353353353353353	0.608313659715803	0.8876989860383018
-0.3253253253253253	0.6439435182781902	0.9151771524226444
-0.3153153153153153	0.68646160362271	0.9514305374047118
-0.3053053053053053	0.7370673645185425	0.9974466951945309
-0.2952952952952953	0.7973016737309228	1.0545893396271617
-0.2852852852852853	0.8691512744816573	1.1246892862457256
-0.2752752752752753	0.9551946549278757	1.2101758728668566
-0.2652652652652653	1.0588081567172738	1.3142654023918803
-0.2552552552552553	1.1844613319933248	1.4412323251668246
-0.24524524524524524	1.338147187462614	1.596803548731953
-0.23523523523523523	1.528020690080165	1.7887403932882464
-0.22522522522522523	1.7653664253098842	2.027713510705006
-0.21521521521521522	2.06610012061482	2.3286470956545853
-0.20520520520520522	2.4531615223305576	2.712836275564353
-0.19519519519519518	2.9604449841005582	3.2113788831972276
-0.18518518518518517	3.639483547232622	3.8709221176366633
-0.17517517517517517	4.571279476142569	4.763654328212676
-0.16516516516516516	5.888245343753012	6.005453571541118
-0.15515515515515516	7.817207366465968	7.790586920789904
-0.14514514514514515	10.769462583406082	10.4622277593841
-0.13513513513513514	15.545230967307102	14.666704792538255
-0.12512512512512514	23.846599088665418	21.722666338201567
-0.11511511511511512	39.73588655080974	34.608342964573964
-0.10510510510510511	74.46976029933722	60.98355744632101
-0.09509509509509509	165.12548285560766	123.85220612884319
-0.08508508508508508	428.6181942332379	297.455168388778
-0.07507507507507508	660.6241241820846	614.5466835880237
-0.06506506506506507	351.3152331165779	456.85112530128725
-0.055055055055055056	178.59815266632373	230.0598355725496
-0.04504504504504504	110.07682105070504	134.89130004756476
-0.035035035035035036	78.83428516442528	93.04001993899263
-0.025025025025025027	62.994125364056934	72.52055382396844
-0.015015015015015015	54.82361667246874	62.1705006622481
-0.005005005005005005	51.28921505985569	57.74409526056883
0.005005005005005005	51.28268184562656	57.72269895728507
0.015015015015015015	54.80256298111043	62.100666301743814
0.025025025025025027	62.95338501402757	72.38176806865067
0.035035035035035036	78.76174232829773	92.78206815709846
0.04504504504504504	109.94403153405209	134.38965011404963
0.055055055055055056	178.33420214127995	228.9997730923478
0.06506506506506507	350.79477966555186	455.04863107761247
0.07507507507507508	660.7065589415073	616.1122264414503
0.08508508508508508	429.2687033855215	298.7688870120233
0.09509509509509509	165.23768154977063	124.14447490268546
0.10510510510510511	74.46996382797103	61.02845239373809
0.11511511511511512	39.719119764833295	34.595165787260385
0.12512512512512514	23.82970689372601	21.696711759003428
0.13513513513513514	15.53100092191701	14.639937337078118
0.14514514514514515	10.757917736979381	10.43779141114223
0.15515515515515516	7.807876520842983	7.769060619670641
0.16516516516516516	5.880653540626733	5.986659983465608
0.17517517517517517	4.565040657889709	4.747225662421051
0.18518518518518517	3.6343010929823563	3.856480812592688
0.19519519519519518	2.956094150516039	3.1985908416349242
0.20520520520520522	2.4494718286289894	2.7014209230263324
0.21521521521521522	2.0629413216043475	2.318373416184151
0.22522522522522523	1.762638071252613	2.018392393423937
0.23523523523523523	1.5256445208854736	1.7802168757564834
0.24524524524524524	1.3360616119889193	1.5889500637148324
0.2552552552552553	1.1826174043722932	1.4339431544966423
0.2652652652652653	1.057166621353073	1.3074522348386384
0.2752752752752753	0.9537237564427516	1.2037642816831622
0.2852852852852853	0.8678251189852136	1.118615942253241
0.2952952952952953	0.7960989909941568	1.0487998018697438
0.3053053053053053	0.7359705645418579	0.9918936518356669
0.3153153153153153	0.6854560517018276	0.9460723975840722
0.3253253253253253	0.6430169740099193	0.9099769133651475
0.3353353353353353	0.6074558404939889	0.882623319076297
0.34534534534534533	0.5778408307311045	0.8633420759476625
0.35535535535535534	0.5534512122038194	0.8517402910915365
0.36536536536536535	0.5337379206843831	0.8476834988775667
0.37537537537537535	0.5182955494042051	0.8512954898605077
0.38538538538538536	0.5068432561567645	0.8629768969651422
0.3953953953953954	0.49921301808137286	0.883445610896982
0.40540540540540543	0.49534438468832187	0.9138051442671047
0.41541541541541543	0.4952855069342688	0.9556514643201033
0.42542542542542544	0.4992008456835103	1.011235650957006
0.43543543543543545	0.5073866829609253	1.0837108902990633
0.44544544544544545	0.5202964964294842	1.1775111892770287
0.45545545545545546	0.5385795903889979	1.2989421665461
0.46546546546546547	0.563138390704578	1.4571236177393212
0.4754754754754755	0.5952129870205373	1.6655335509026323
0.4854854854854855	0.6365066844091349	1.9446130693054804
0.4954954954954955	0.6893750280818998	2.3263006134692765
0.5055055055055055	0.7571158226622129	2.8621703931932516
0.5155155155155156	0.8444245368949787	3.638395197631068
0.5255255255255256	0.9581290278518803	4.80328196139537
0.5355355355355356	1.1084121489308794	6.614221120571418
0.5455455455455456	1.3109184999607773	9.488590252086109
0.5555555555555556	1.590528758075516	13.874768792309627
0.5655655655655656	1.9884146818792285	19.149700083570302
0.5755755755755756	2.5758184531453825	21.51170048760802
0.5855855855855856	3.482030340137514	18.118519996578627
0.5955955955955956	4.95190209847318	12.767841247924009
0.6056056056056056	7.453175044861648	8.65552770524891
0.6156156156156156	11.758149744253306	6.017700566133572
0.6256256256256256	18.11449077718836	4.360709819669724
0.6356356356356356	22.35909592105885	3.291812986689962
0.6456456456456456	18.814436455152215	2.576182235608393
0.6556556556556556	12.576230488980238	2.079389357744465
0.6656656656656657	8.171073995662224	1.7232705082150932
0.6756756756756757	5.558404860698202	1.4609026029714653
0.6856856856856857	4.001682424644441	1.2631171711771387
0.6956956956956957	3.031492835793897	1.111168561897453
0.7057057057057057	2.3972055199444218	0.9926396597656737
0.7157157157157157	1.9649379971276453	0.8990817543290663
0.7257257257257257	1.6603178519094706	0.8246100058339071
0.7357357357357357	1.4401182581019292	0.7650420018328566
0.7457457457457457	1.2781382126336087	0.7173544776132742
0.7557557557557557	1.1579220992647667	0.6793318223675632
0.7657657657657657	1.068848107096535	0.6493332389839842
0.7757757757757757	1.003943740299802	0.62613500569193
0.7857857857857858	0.9586262479865957	0.6088211481892414
0.7957957957957958	0.9299613284406627	0.5967056496175525
0.8058058058058059	0.9162269007485329	0.5892751234557116
0.8158158158158159	0.9166672362137079	0.5861442959654747
0.8258258258258259	0.9313746981099157	0.5870186077460904
0.8358358358358359	0.9612636602255731	0.5916592809361295
0.8458458458458459	1.0081123454362908	0.5998466567479517
0.8558558558558559	1.074642184038003	0.6113377898860479
0.8658658658658659	1.1645672882777847	0.6258145830526903
0.8758758758758759	1.2824426826294328	0.6428197823772624
0.8858858858858859	1.4328936286255562	0.6616809303291049
0.8958958958958959	1.6183101977931837	0.681428246108787
0.9059059059059059	1.8333852062926834	0.7007226189497207
0.9159159159159159	2.055042110725503	0.7178241228630218
0.9259259259259259	2.2313465562765282	0.7306450632581905
0.9359359359359359	2.287101440906959	0.7369329674043265
0.9459459459459459	2.168069537459342	0.7346015960244647
0.955955955955956	1.8950900199302874	0.7221633852228944
0.965965965965966	1.5528778133095549	0.6991354970342303
0.975975975975976	1.2236601559698386	0.666250509963714
0.985985985985986	0.9486992562819673	0.6253564766682705
0.995995995995996	0.7350357859981405	0.5790284793478486
1.006006006006006	0.5742102359921992	0.5300456958505809
1.016016016016016	0.4542775586125967	0.4809241809639533
1.026026026026026	0.36459408405342125	0.4336283703712499
1.0360360360360361	0.29693467474128793	0.38948070863027723
1.0460460460460461	0.24529236686314115	0.3492165428609372
1.0560560560560561	0.20537218816774633	0.3131112846848467
1.0660660660660661	0.17411667886116464	0.2811218205749753
1.0760760760760761	0.1493404025385151	0.25300956617429105
1.0860860860860861	0.12946806767730537	0.2284334475209921
1.0960960960960962	0.11335222583565492	0.20701333005280573
1.1061061061061062	0.10014754117812918	0.18836957188220502
1.1161161161161162	0.0892240313947242	0.17214535685950427
1.1261261261261262	0.08010685833715252	0.15801756888931603
1.1361361361361362	0.07243418942145312	0.14570054377495062
1.1461461461461462	0.06592741472530797	0.1349456957473816
1.1561561561561562	0.06036987590856632	0.12553896704707226
1.1661661661661662	0.055591512525113025	0.11729730334413228
1.1761761761761762	0.05145766290133845	0.11006485976542324
1.1861861861861862	0.047860811705998346	0.10370932466219503
1.1961961961961962	0.044714448845193884	0.09811855350568488
1.2062062062062062	0.041948456304059106	0.0931975905685103
1.2162162162162162	0.03950561152153789	0.08886609166020838
1.2262262262262262	0.03733891432263064	0.08505612751182243
1.2362362362362362	0.03540952678624384	0.08171033193539622
1.2462462462462462	0.033685173230430486	0.07878035381259338
1.2562562562562563	0.0321388884451373	0.07622557256909472
1.2662662662662663	0.03074803157642037	0.07401204025337631
1.2762762762762763	0.02949350418106179	0.07211161806657139
1.2862862862862863	0.02835912632277943	0.0705012802910542
1.2962962962962963	0.02733113584560816	0.06916256361845878
1.3063063063063063	0.02639778427923529	0.06808114468976974
1.3163163163163163	0.02554900903181043	0.06724653322572562
1.3263263263263263	0.024776166174087514	0.06665187251595828
1.3363363363363363	0.024071811630146777	0.06629384340272558
1.3463463463463463	0.023429521262737417	0.06617267244511935
1.3563563563563563	0.022843742383522075	0.06629224996023556
1.3663663663663663	0.022309670795670006	0.06666036947042872
1.3763763763763763	0.021823148695405827	0.06728910723227545
1.3863863863863863	0.02138057971079627	0.06819536966755017
1.3963963963963963	0.0209788581043475	0.06940164862864286
1.4064064064064064	0.02061530975331178	0.07093704092959947
1.4164164164164164	0.020287642990257704	0.07283861156407861
1.4264264264264264	0.019993907762599582	0.07515321270121923
1.4364364364364364	0.019732461867709505	0.07793991782085559
1.4464464464464464	0.01950194326891704	0.08127329993497807
1.4564564564564564	0.01930124769619359	0.08524788710276891
1.4664664664664664	0.019129510903723657	0.08998428752589892
1.4764764764764764	0.018986095096635226	0.09563772402451429
1.4864864864864864	0.018870579160585203	0.10241011096653166
1.4964964964964964	0.018782752434017762	0.11056744610522463
1.5065065065065064	0.018722611859620163	0.1204653558172611
1.5165165165165164	0.01869036244059295	0.13258745995104101
1.5265265265265264	0.018686421015838624	0.14760445504926098
1.5365365365365364	0.018711423454866653	0.1664677347893704
1.5465465465465464	0.018766235466587487	0.19056264393651762
1.5565565565565564	0.018851967314866918	0.2219689298849484
1.5665665665665667	0.018969992847636775	0.26392308105271717
1.5765765765765767	0.019121973373390267	0.32168215467308153
1.5865865865865867	0.019309887073001377	0.40423912695700787
1.5965965965965967	0.019536064815302255	0.5279888718094741
1.6066066066066067	0.019803233467662565	0.7252989321735784
1.6166166166166167	0.02011456806435704	1.0668884497251268
1.6266266266266267	0.020473754535160732	1.7285869525568294
1.6366366366366367	0.020885065120594674	3.218978634200756
1.6466466466466467	0.02135344913807598	7.071625831476348
1.6566566566566567	0.021884642445197482	12.878826636775104
1.6666666666666667	0.022485299824059505	7.976215079000142
1.6766766766766767	0.023163155640845395	3.452692967250343
1.6866866866866868	0.02392721960700457	1.7408777753082663
1.6966966966966968	0.024788016394950468	1.0176266101249614
1.7067067067067068	0.025757880405779757	0.6595392422563827
1.7167167167167168	0.026851320370325255	0.4596194413425633
1.7267267267267268	0.028085473003502462	0.33774868487977344
1.7367367367367368	0.02948067107400873	0.25840191839146603
1.7467467467467468	0.031061159635958582	0.20405250934523328
1.7567567567567568	0.03285600573300132	0.16529964670276356
1.7667667667667668	0.03490026299242412	0.13675409841880354
1.7767767767767768	0.037236475219684956	0.11515507291698307
1.7867867867867868	0.03991663544352572	0.0984397501463368
1.7967967967967968	0.04300476354508432	0.08525352319273304
1.8068068068068068	0.046580333899668765	0.07467818365262104
1.8168168168168168	0.05074288584690957	0.0660741253164404
1.8268268268268268	0.05561830268553387	0.05898513141933702
1.8368368368368369	0.061367479372793035	0.05307896633298056
1.8468468468468469	0.06819846541065318	0.048109203813003196
1.8568568568568569	0.0763837531940012	0.043890056917378586
1.8668668668668669	0.08628533300159019	0.04027939452729038
1.8768768768768769	0.09839172206868405	0.03716704323152109
1.8868868868868869	0.11337389138618609	0.03446657894971395
1.896896896896897	0.13217180060390152	0.032109469828604825
1.906906906906907	0.1561319584885975	0.03004083268924008
1.916916916916917	0.18723282742985775	0.02821631542960579
1.926926926926927	0.22846699448379804	0.026599777233276934
1.936936936936937	0.28451456732123465	0.025161542058677933
1.946946946946947	0.36298219634349366	0.02387706943145437
1.956956956956957	0.4767950352222607	0.022725932652815205
1.966966966966967	0.649057862814773	0.021691025995182373
1.976976976976977	0.9234282987844298	0.020757944232777426
1.986986986986987	1.3868206037086332	0.01991449312231107
1.996996996996997	2.215095577081849	0.019150300285295116
2.007007007007007	3.708423974420778	0.018456503721115264
2.017017017017017	5.857679072590457	0.017825500820995075
2.027027027027027	6.705334458822232	0.017250744886255123
2.037037037037037	5.025101154988248	0.016726579210257886
2.047047047047047	3.1840086358035022	0.016248101062352947
2.057057057057057	2.0498152283942668	0.015811049627746043
2.067067067067067	1.4011851511199664	0.015411713255854815
2.0770770770770772	1.015412642267886	0.015046852363559498
2.0870870870870872	0.7724963901833429	0.014713635102409106
2.0970970970970972	0.6112410771827815	0.01440958349072605
2.1071071071071072	0.4993139454810115	0.014132528172270392
2.1171171171171173	0.4187155996125385	0.013880570324887187
2.1271271271271273	0.3588984617742637	0.013652049527439536
2.1371371371371373	0.31339065395041427	0.01344551662076822
2.1471471471471473	0.2780585121786508	0.013259710778229513
2.1571571571571573	0.25016859880869646	0.013093540148434986
2.1671671671671673	0.2278584543229179	0.012946065548890709
2.1771771771771773	0.2098258834269513	0.012816486786514421
2.1871871871871873	0.19513998269681018	0.012704131258893789
2.1971971971971973	0.18312255399731084	0.012608444555839515
2.2072072072072073	0.17327159430046127	0.012528982835245698
2.2172172172172173	0.1652107067644674	0.012465406793653282
2.2272272272272273	0.15865492101680295	0.01241747709129574
2.2372372372372373	0.15338716161018454	0.012385051127125304
2.2472472472472473	0.14924178527403573	0.012368081089650878
2.2572572572572573	0.14609291102507496	0.012366613238632893
2.2672672672672673	0.14384606508221467	0.012380788399897123
2.2772772772772774	0.1424321615702956	0.01241084368158041
2.2872872872872874	0.1418031577979743	0.012457115447572935
2.2972972972972974	0.14192892779636396	0.01252004361093872
2.3073073073073074	0.14279503007182032	0.012600177341095314
2.3173173173173174	0.14440112887450146	0.012698182310487215
2.3273273273273274	0.14675987620364075	0.012814849644967867
2.3373373373373374	0.14989608094714324	0.012951106784320779
2.3473473473473474	0.1538459836510994	0.013108030510360223
2.3573573573573574	0.15865641785763937	0.013286862459505267
2.3673673673673674	0.16438356523236422	0.013489027508950641
2.3773773773773774	0.17109089176153608	0.013716155512651491
2.3873873873873874	0.1788456738649036	0.013970106968978753
2.3973973973973974	0.18771327603269614	0.014253003333963427
2.4074074074074074	0.1977480275750911	0.0145672628544885
2.4174174174174174	0.2089792020610494	0.01491564299878089
2.4274274274274275	0.22139034340914732	0.015301290813350877
2.4374374374374375	0.23489026970923985	0.015727802855053416
2.4474474474474475	0.24927501971046054	0.016199296750339043
2.4574574574574575	0.2641825752498492	0.016720496950052698
2.4674674674674675	0.27904730949415846	0.017296837910081436
2.4774774774774775	0.2930691156074016	0.017934588783485316
2.4874874874874875	0.3052212787404714	0.018641004823499716
2.4974974974974975	0.3143254852863663	0.01942451215516008
2.5075075075075075	0.3192119663195916	0.0202949344984396
2.5175175175175175	0.3189499031070203	0.021263772987286413
2.5275275275275275	0.31308545964393947	0.022344553663885807
2.5375375375375375	0.30179272670669705	0.023553261875575732
2.5475475475475475	0.2858621333740317	0.02490888914767572
2.5575575575575575	0.26652316025919026	0.026434126856036428
2.5675675675675675	0.24517642393169334	0.02815625321308787
2.5775775775775776	0.2231392439414452	0.03010827725347349
2.5875875875875876	0.20147787581212753	0.032330427978820034
2.5975975975975976	0.18094371738409495	0.03487211214318548
2.6076076076076076	0.16198926583362774	0.037794515830765804
2.6176176176176176	0.1448262137521972	0.041174101651626625
2.6276276276276276	0.1294945847876303	0.045107368946369915
2.6376376376376376	0.11592480287076878	0.04971742147761093
2.6476476476476476	0.1039856480652563	0.055163163376947794
2.6576576576576576	0.09351769288359268	0.06165238358484833
2.6676676676676676	0.08435472991530038	0.06946070280755705
2.6776776776776776	0.07633638317804242	0.07895954276635163
2.6876876876876876	0.06931474758766284	0.09065829573701789
2.6976976976976976	0.06315723486391042	0.1052693981955694
2.7077077077077076	0.057747153432809395	0.12381134499595714
2.7177177177177176	0.05298303043061279	0.14777638791204137
2.7277277277277276	0.04877730960300833	0.1794119437002826
2.7377377377377377	0.04505480575048407	0.22220828291841938
2.7477477477477477	0.0417511327277671	0.28177171326799905
2.7577577577577577	0.038811220013491174	0.36743366822688667
2.7677677677677677	0.03618797146192614	0.49525696283657783
2.7777777777777777	0.03384108427710219	0.6934549570683645
2.7877877877877877	0.03173602667800973	1.0101366907017204
2.7977977977977977	0.02984316279910979	1.5107827537262728
2.8078078078078077	0.02813700909627645	2.1916660126300602
2.8178178178178177	0.026595605440149484	2.6965560566425117
2.8278278278278277	0.025199984685807898	2.4824616223322393
2.8378378378378377	0.02393372593431809	1.8218454153865113
2.8478478478478477	0.02278257843952992	1.2418919732854514
2.8578578578578577	0.02173414488842893	0.8565062287830192
2.8678678678678677	0.020777614451427482	0.6130695860453605
2.8778778778778777	0.0199035374955767	0.4564180883254818
2.8878878878878878	0.01910363516050259	0.35190592847090557
2.8978978978978978	0.018370638114213717	0.27951955809164203
2.9079079079079078	0.017698149754048816	0.22764605167114432
2.9179179179179178	0.01708052990998145	0.18934925216071108
2.9279279279279278	0.016512795771511372	0.16034037472137413
2.937937937937938	0.015990537309030134	0.13787557650478238
2.947947947947948	0.01550984491751345	0.12014317810585214
2.957957957957958	0.01506724738887131	0.10591243092929398
2.967967967967968	0.014659658632593556	0.09432566447440792
2.977977977977978	0.014284331823870115	0.084771449715542
2.987987987987988	0.01393881987370802	0.07680495803226281
2.997997997997998	0.013620941294212789	0.07009662652486515
3.008008008008008	0.01332875068086842	0.06439826839946251
3.018018018018018	0.01306051315707228	0.059520207754466155
3.028028028028028	0.012814682229963044	0.05531554360913558
3.038038038038038	0.012589880592392633	0.05166912271451769
3.048048048048048	0.012384883478760959	0.048489683338590384
3.058058058058058	0.012198604243390306	0.045704172805732655
3.068068068068068	0.012030081881508071	0.04325357980276024
3.078078078078078	0.011878470256429765	0.041089838318122886
3.088088088088088	0.011743028834224786	0.03917350038848408
3.098098098098098	0.011623114758470752	0.03747196759421755
3.108108108108108	0.011518176125430256	0.035958133562152925
3.118118118118118	0.01142774634400635	0.03460933221486977
3.1281281281281283	0.011351439485646082	0.033406515868043746
3.1381381381381384	0.011288946548194869	0.03233360783365574
3.1481481481481484	0.011240032574443478	0.03137698875307873
3.1581581581581584	0.01120453458198761	0.030525086323428482
3.1681681681681684	0.011182360275190316	0.029768045642007315
3.1781781781781784	0.0111734875244021	0.02909746292667155
3.1881881881881884	0.011177964611364163	0.02850616945772074
3.1981981981981984	0.011195911253753433	0.027988055634243954
3.2082082082082084	0.011227520436414869	0.027537927330894302
3.2182182182182184	0.011273061092577369	0.027151388481246735
3.2282282282282284	0.011332881695357153	0.0268247451453269
3.2382382382382384	0.011407414838969027	0.026554927349215433
3.2482482482482484	0.011497182910791813	0.026339425786560816
3.2582582582582584	0.011602804980506212	0.026176241105621497
3.2682682682682684	0.011725005062056561	0.026063844010958372
3.2782782782782784	0.01186462193874644	0.026001144818524377
3.2882882882882885	0.012022620783594201	0.025987471441648747
3.2982982982982985	0.01220010685701979	0.02602255507130627
3.3083083083083085	0.012398341624969143	0.026106523063306405
3.3183183183183185	0.012618761714643678	0.026239898768988867
3.3283283283283285	0.01286300121659415	0.02642360825675912
3.3383383383383385	0.01313291795494642	0.02665899407845383
3.3483483483483485	0.013430624487748136	0.026947836445996933
3.3583583583583585	0.013758524775746073	0.02729238241161386
3.3683683683683685	0.014119357678293549	0.0276953838973177
3.3783783783783785	0.014516248715473856	0.028160145710902806
3.3883883883883885	0.014952771890964788	0.02869058502941265
3.3983983983983985	0.015433023826424605	0.029291304246395845
3.4084084084084085	0.01596171304556337	0.029967679588041723
3.4184184184184185	0.01654426800872548	0.03072596853712005
3.4284284284284285	0.01718696849482014	0.03157343989993831
3.4384384384384385	0.01789710623937484	0.03251853136263193
3.4484484484484486	0.01868318247758486	0.033571040678749144
3.4584584584584586	0.01955515236926213	0.034742358301909776
3.4684684684684686	0.020524729424392776	0.03604575145312075
3.4784784784784786	0.021605767327222015	0.03749671246488048
3.4884884884884886	0.022814742443374544	0.03911338801312176
3.4984984984984986	0.0241713684765351	0.04091711086737165
3.5085085085085086	0.025699386243904714	0.042933062528846426
3.5185185185185186	0.027427587903210985	0.04519110425309413
3.5285285285285286	0.02939115854470084	0.04772682642087983
3.5385385385385386	0.03163345251603442	0.05058288341413305
3.5485485485485486	0.034208372943066556	0.0538107050900882
3.5585585585585586	0.037183599913045234	0.05747270961395344
3.5685685685685686	0.040645030877792115	0.0616451902678262
3.5785785785785786	0.04470298140433089	0.06642211763735854
3.5885885885885886	0.049500988911177254	0.07192019858019934
3.5985985985985987	0.05522854274866745	0.07828568049967612
3.6086086086086087	0.062139868476133946	0.08570360851352693
3.6186186186186187	0.07058227814842295	0.0944105732754152
3.6286286286286287	0.081040053168748	0.10471249071957492
3.6386386386386387	0.0942043312496931	0.11700973124295826
3.6486486486486487	0.11108805832687738	0.13183312319035542
3.6586586586586587	0.13322216108069138	0.1498962427706677
3.6686686686686687	0.16300480651820085	0.17217234516805285
3.6786786786786787	0.20435440399944754	0.2000087998199184
3.6886886886886887	0.26400182143017265	0.235298456253567
3.6986986986986987	0.3542208927878251	0.2807356524250487
3.7087087087087087	0.49904088672380953	0.34019035329845765
3.7187187187187187	0.7494899228215763	0.4192184569450096
3.7287287287287287	1.222624760839515	0.5256226559753203
3.7387387387387387	2.1836824671751938	0.6695753986011127
3.7487487487487487	3.893214307560027	0.8615634016321531
3.7587587587587588	4.616394881630324	1.1035261220190231
3.7687687687687688	2.953193376165521	1.366462476262195
3.7787787787787788	1.6034364107760446	1.5646780493478816
3.7887887887887888	0.9328474816425711	1.5890304994679212
3.798798798798799	0.5940862114503409	1.4216775680475224
3.808808808808809	0.4070716235383079	1.1600689996287434
3.818818818818819	0.2949445949169298	0.9045189841266101
3.828828828828829	0.22306740907880973	0.697299822031511
3.838838838838839	0.1744745820623204	0.5412901857476637
3.848848848848849	0.14019209424373108	0.42642744333703864
3.858858858858859	0.1151521358125729	0.3417400842898901
3.868868868868869	0.09633168215743287	0.27856846575953137
3.878878878878879	0.08184263206308298	0.23070856733720446
3.888888888888889	0.07045897826378636	0.193848326840114
3.898898898898899	0.06135776591791036	0.16500226532552825
3.908908908908909	0.05397055822250062	0.14208743983102598
3.918918918918919	0.04789483276117023	0.12363198213272802
3.928928928928929	0.04283927200137238	0.10858042807289625
3.938938938938939	0.03858894192047263	0.09616436334501409
3.948948948948949	0.03498252621037124	0.08581599334552052
3.958958958958959	0.03189708242789703	0.07710977865562041
3.968968968968969	0.029237614105053156	0.06972251152355512
3.978978978978979	0.026929798626614827	0.06340562850836942
3.988988988988989	0.024914826733245448	0.057965741109963366
3.998998998998999	0.023145682057704172	0.05325075840261681
4.009009009009009	0.021584419824028648	0.04913986580345239
4.019019019019019	0.020200149860313894	0.04553619812088
4.029029029029029	0.018967523340629403	0.04236141921967036
4.039039039039039	0.01786558464382235	0.03955166749010395
4.049049049049049	0.016876891145910986	0.03705449116449056
4.059059059059059	0.015986831892669546	0.03482650897966072
4.069069069069069	0.015183095473005243	0.03283160795415389
4.079079079079079	0.014455250937372302	0.03103954284968678
4.089089089089089	0.013794415162695212	0.02942483885961929
4.099099099099099	0.013192986898456096	0.027965925232529394
4.109109109109109	0.012644432667254998	0.026644446252511653
4.119119119119119	0.012143113298746854	0.025444709510325517
4.129129129129129	0.011684142534198373	0.0243532412513467
4.1391391391391394	0.011263271115726765	0.023358425831529826
4.1491491491491495	0.01087679125727713	0.02245021168716254
4.1591591591591595	0.010521457516112854	0.02161987024406438
4.1691691691691695	0.01019442093762514	0.02085979722048973
4.1791791791791795	0.009893174002271517	0.020163348077710464
4.1891891891891895	0.009615504410001335	0.019524701130659218
4.1991991991991995	0.009359456131666177	0.018938743183827145
4.2092092092092095	0.009123296465074053	0.01840097360625022
4.2192192192192195	0.008905488076378776	0.01790742357603484
4.2292292292292295	0.008704665199489968	0.017454587866036608
4.2392392392392395	0.008519613319218983	0.017039367046949132
4.2492492492492495	0.008349251786521685	0.016659018384959368
4.2592592592592595	0.008192618912417701	0.01631111403042211
4.2692692692692695	0.008048859167108026	0.015993505349805873
4.2792792792792795	0.007917212175422307	0.01570429245970729
4.2892892892892895	0.007797003252630016	0.015441798188481366
4.2992992992992995	0.007687635268163664	0.01520454582734864
4.3093093093093096	0.007588581660649425	0.014991240144251343
4.31931931931932	0.0074993804574772	0.014800751225663804
4.32932932932933	0.007419629177063576	0.014632100787849666
4.33933933933934	0.007348980513061186	0.014484450663020502
4.34934934934935	0.007287138717646173	0.01435709321964972
4.35935935935936	0.0072338566163375525	0.014249443522455588
4.36936936936937	0.007188933200339035	0.01416103307737179
4.37937937937938	0.007152211754210734	0.014091505041983102
4.38938938938939	0.0071235784873102705	0.014040610813545663
4.3993993993994	0.007102961647509093	0.014008207935616761
4.40940940940941	0.007090331104692779	0.013994259291772218
4.41941941941942	0.007085698401010121	0.013998833581480005
4.42942942942943	0.007089117273483822	0.014022107099985453
4.43943943943944	0.007100684664297113	0.014064366871581345
4.44944944944945	0.007120542243575248	0.014126015215030313
4.45945945945946	0.007148878480614415	0.014207575852338483
4.46946946946947	0.0071859313111396605	0.014309701707871075
4.47947947947948	0.0072319914619842374	0.014433184586247984
4.48948948948949	0.007287406510193493	0.014578966965460951
4.4994994994995	0.007352585771991244	0.014748156198075119
4.50950950950951	0.007428006138917872	0.014942041480969786
4.51951951951952	0.00751421900458258	0.015162114035267597
4.52952952952953	0.007611858457188328	0.015410091036512646
4.53953953953954	0.007721650951474239	0.015687943955704605
4.54954954954955	0.007844426721027923	0.01599793211944512
4.55955955955956	0.007981133250213398	0.016342642480706347
4.56956956956957	0.008132851197502275	0.01672503681841082
4.57957957957958	0.008300813252119085	0.0171485078676175
4.58958958958959	0.008486426519870138	0.017616946237675464
4.5995995995996	0.008691299177007155	0.018134820422531655
4.60960960960961	0.008917272313426327	0.01870727277415536
4.61961961961962	0.009166458119125299	0.019340235027454963
4.62962962962963	0.009441285867268183	0.02004056788120171
4.63963963963964	0.009744557534504185	0.020816230310552845
4.64964964964965	0.010079515403634392	0.0216764857884505
4.65965965965966	0.010449924655834305	0.022632154526355894
4.66966966966967	0.010860174833543347	0.02369592333401989
4.67967967967968	0.011315405219412648	0.024882727909294435
4.68968968968969	0.011821660737965232	0.026210226503737607
4.6996996996997	0.012386087099312479	0.02769938921823145
4.70970970970971	0.01301717678676901	0.029375233949327676
4.71971971971972	0.013725081459593266	0.03126774851660237
4.72972972972973	0.014522011859982505	0.03341304897047908
4.73973973973974	0.015422754059409382	0.03585483643935679
4.74974974974975	0.016445341867267448	0.038646228382363944
4.75975975975976	0.017611940976321197	0.041852052466241865
4.76976976976977	0.01895002325101037	0.04555169689047855
4.77977977977978	0.020493943029532107	0.04984259744910908
4.78978978978979	0.022287076914601123	0.05484438293769262
4.7997997997998	0.024384762860262362	0.06070354394688996
4.80980980980981	0.02685838688625005	0.06759813191617423
4.81981981981982	0.02980113753273856	0.07574123861670237
4.82982982982983	0.033336211795982285	0.08538049610290824
4.83983983983984	0.03762866055181418	0.096787991036996
4.84984984984985	0.04290267373921271	0.11023002776514648
4.85985985985986	0.04946699925795193	0.12589864806196216
4.86986986986987	0.05775237320363335	0.14377862279852885
4.87987987987988	0.0683659851790057	0.16342440046331985
4.88988988988989	0.08216753045409876	0.18365735079980167
4.8998998998999	0.10036358308802848	0.20230531833413007
4.90990990990991	0.1245835327634631	0.21628895874249207
4.91991991991992	0.15678934956577617	0.22241399484663024
4.92992992992993	0.1985702870035299	0.21878104265383813
4.93993993993994	0.24882541152769402	0.20589222377506927
4.94994994994995	0.2990241426468001	0.18643802351383154
4.95995995995996	0.33014613192423764	0.16393256024511876
4.96996996996997	0.32368747343397264	0.1413526990111282
4.97997997997998	0.2824068547476817	0.1205525501522682
4.98998998998999	0.22736040709686664	0.10235760450577208
5.0	0.17621390611378923	0.08691626077554553
