-5.0	0.01692175494794834	0.007071200169177911
-4.98998998998999	0.016840825056541657	0.007075978860625977
-4.97997997997998	0.016768782302271752	0.007084280324156225
-4.96996996996997	0.016705466495961822	0.007096087155463627
-4.95995995995996	0.016650733570830342	0.007111391052077513
-4.94994994994995	0.016604455361527805	0.00713019268977445
-4.93993993993994	0.0165665193996036	0.007152501649461523
-4.92992992992993	0.016536828730272755	0.007178336392784974
-4.91991991991992	0.01651530175460967	0.007207724285853221
-4.90990990990991	0.016501872101176304	0.007240701671576081
-4.8998998998999	0.016496488529626076	0.007277313989844626
-4.88988988988989	0.016499114869894475	0.007317615946714945
-4.87987987987988	0.016509729999159603	0.007361671734303486
-4.86986986986987	0.016528327858719223	0.007409555301280882
-4.85985985985986	0.016554917514035965	0.00746135067822877
-4.84984984984985	0.016589523259188117	0.0075171523584951945
-4.83983983983984	0.016632184768604612	0.007577065738661443
-4.82982982982983	0.01668295729853462	0.007641207622214036
-4.81981981981982	0.016741911940317263	0.007709706790040379
-4.80980980980981	0.01680913592848803	0.007782704643737544
-4.7997997997998	0.01688473300639384	0.007860355926326577
-4.78978978978979	0.016968823852292415	0.007942829527653452
-4.77977977977978	0.017061546569843457	0.008030309381772904
-4.76976976976977	0.01716305724597889	0.008122995464236428
-4.75975975975976	0.017273530580942838	0.008221104899753048
-4.74974974974975	0.017393160594514106	0.008324873190189656
-4.73973973973974	0.017522161413768746	0.008434555575965567
-4.72972972972973	0.017660768147699724	0.00855042854424438
-4.71971971971972	0.01780923785492883	0.00867279150022924
-4.70970970970971	0.017967850611327326	0.008801968619338282
-4.6996996996997	0.01813691068480505	0.008938310900328181
-4.68968968968969	0.01831674782593907	0.009082198443429838
-4.67967967967968	0.018507718683328202	0.0092340429787801
-4.66966966966967	0.018710208353877097	0.009394290676077884
-4.65965965965966	0.018924632079540385	0.009563425269553463
-4.64964964964965	0.019151437102483838	0.009741971536918395
-4.63963963963964	0.019391104693189762	0.009930499178123726
-4.62962962962963	0.019644152366015907	0.010129627144192448
-4.61961961961962	0.019911136299838882	0.01034002847638532
-4.60960960960961	0.020192653982134295	0.010562435722678428
-4.5995995995996	0.020489347097539377	0.010797647010709548
-4.58958958958959	0.020801904684230193	0.01104653286715311
-4.57957957957958	0.02113106658321687	0.011310043889077876
-4.56956956956957	0.02147762721029441	0.011589219388524016
-4.55955955955956	0.021842439680710927	0.011885197152691518
-4.54954954954955	0.02222642032362568	0.012199224483598047
-4.53953953953954	0.02263055362470661	0.01253267071294988
-4.52952952952953	0.023055897640858452	0.012887041415241015
-4.51951951951952	0.0235035899360237	0.013263994589253996
-4.50950950950951	0.023974854092609493	0.013665359118020626
-4.4994994994995	0.024471006859395218	0.014093155880789807
-4.48948948948949	0.024993466003661213	0.014549621955064939
-4.47947947947948	0.025543758943803216	0.015037238432899053
-4.46946946946947	0.026123532246847058	0.01555876247366147
-4.45945945945946	0.026734562086817504	0.016117264340762445
-4.44944944944945	0.02737876576903238	0.016716170318593217
-4.43943943943944	0.02805821444100999	0.01735931258975013
-4.42942942942943	0.028775147121875035	0.01805098737946524
-4.41941941941942	0.029531986201296302	0.018796022953132818
-4.40940940940941	0.0303313545747906	0.019599859402122687
-4.3993993993994	0.031176094603916137	0.020468642582695262
-4.38938938938939	0.03206928911150033	0.021409335116127016
-4.37937937937938	0.03301428464886111	0.022429848042367438
-4.36936936936937	0.03401471729916862	0.02353919757436082
-4.35935935935936	0.03507454131271602	0.02474769249967021
-4.34934934934935	0.03619806090601333	0.02606715916674599
-4.33933933933934	0.03738996559394367	0.027511212787849904
-4.32932932932933	0.03865536946637702	0.029095586091406965
-4.31931931931932	0.039999854868027526	0.030838529357053213
-4.3093093093093096	0.041429520989087164	0.03276129976371367
-4.2992992992992995	0.04295103792556218	0.034888763093558456
-4.2892892892892895	0.044571706824741014	0.037250137585449365
-4.2792792792792795	0.046299526786352296	0.03987991866415065
-4.2692692692692695	0.048143269241693716	0.04281903519443045
-4.2592592592592595	0.05011256058607654	0.04611630388378404
-4.2492492492492495	0.052217973874419024	0.04983026996387045
-4.2392392392392395	0.05447113041632831	0.054031551379299075
-4.2292292292292295	0.05688481209819631	0.05880584318167699
-4.2192192192192195	0.05947308521854059	0.06425779247430509
-4.2092092092092095	0.06225143651002688	0.07051602710957494
-4.1991991991991995	0.06523692183508793	0.07773971981841894
-4.1891891891891895	0.06844832771481246	0.08612720111958574
-4.1791791791791795	0.07190634536512508	0.09592730657822518
-4.1691691691691695	0.075633756174481	0.10745435979282907
-4.1591591591591595	0.07965562649267027	0.12110793991146201
-4.1491491491491495	0.08399950808373562	0.13739880852293807
-4.1391391391391394	0.0886956384695024	0.15698242123168965
-4.129129129129129	0.09377713245970476	0.1807009329770226
-4.119119119119119	0.09928015216181482	0.20963259986811938
-4.109109109109109	0.10524403738014776	0.24514191563428453
-4.099099099099099	0.1117113711460083	0.2889103260345298
-4.089089089089089	0.1187279457373627	0.34289750523535545
-4.079079079079079	0.12634258244416613	0.4091235222621489
-4.069069069069069	0.13460674305964518	0.4890618465550277
-4.059059059059059	0.14357385230682243	0.582324745754379
-4.049049049049049	0.1532982281568583	0.6844045806866415
-4.039039039039039	0.16383349199289501	0.784030620352253
-4.029029029029029	0.17523030476352114	0.862659264728178
-4.019019019019019	0.18753325263465864	0.8999861392895547
-4.009009009009009	0.20077669320987962	0.8850955243388663
-3.998998998998999	0.21497938246377452	0.8239164855530178
-3.988988988988989	0.2301377498015114	0.7347116424855118
-3.978978978978979	0.24621779642556338	0.6369321091614843
-3.968968968968969	0.2631457866827738	0.5439131758966604
-3.958958958958959	0.28079820755410506	0.46201779604043475
-3.948948948948949	0.2989918985530067	0.39286552418012655
-3.938938938938939	0.3174757803551177	0.3356765821847972
-3.928928928928929	0.335926155007517	0.2887779985221021
-3.918918918918919	0.3539479537830681	0.25036264221131416
-3.908908908908909	0.3710843329636746	0.21880106217310788
-3.898898898898899	0.3868363961280658	0.19273224456252028
-3.888888888888889	0.4006933713773127	0.17106001438130825
-3.878878878878879	0.41217135587748427	0.15291644418293
-3.868868868868869	0.42085619714492367	0.13761892534902162
-3.858858858858859	0.4264440086257575	0.12463104968602155
-3.848848848848849	0.42877211934605675	0.11353020965416168
-3.838838838838839	0.42783450591875116	0.10398193281540748
-3.828828828828829	0.4237788049102123	0.09571999114539119
-3.818818818818819	0.4168859384924381	0.0885311414304566
-3.808808808808809	0.40753690035466617	0.08224345949669783
-3.798798798798799	0.39617325697585937	0.07671741805385379
-3.7887887887887888	0.3832580216650405	0.07183904360093997
-3.7787787787787788	0.3692421010075291	0.06751464537376593
-3.7687687687687688	0.3545392809050198	0.06366673415291176
-3.7587587587587588	0.3395105158593375	0.060230844359777706
-3.7487487487487487	0.3244566386417824	0.05715304478819677
-3.7387387387387387	0.30961769523831023	0.05438797696218971
-3.7287287287287287	0.29517684478809775	0.05189729996095258
-3.7187187187187187	0.2812669357508504	0.04964845016299867
-3.7087087087087087	0.2679782594213931	0.047613646402638515
-3.6986986986986987	0.25536642479856964	0.04576908748450214
-3.6886886886886887	0.2434596967938301	0.04409430134581572
-3.6786786786786787	0.23226545078746175	0.04257161445073885
-3.6686686686686687	0.2217756148114315	0.041185717038647054
-3.6586586586586587	0.21197110897073854	0.03992330520860076
-3.6486486486486487	0.2028253692685703	0.038772784919406944
-3.6386386386386387	0.19430707856235258	0.03772402614099349
-3.6286286286286287	0.18638223631563797	0.03676815783160976
-3.6186186186186187	0.17901569245763566	0.035897396312884355
-3.6086086086086087	0.17217225667998484	0.03510490109838534
-3.5985985985985987	0.16581747772132882	0.03438465339605931
-3.5885885885885886	0.15991817042389417	0.03373135342443071
-3.5785785785785786	0.15444275303557603	0.03314033341722678
-3.5685685685685686	0.14936144400592946	0.03260748376643272
-3.5585585585585586	0.1446463565056414	0.03212919022789633
-3.5485485485485486	0.1402715199566732	0.031702280486669614
-3.5385385385385386	0.13621285074452602	0.031323978683723656
-3.5285285285285286	0.13244808870698993	0.030991866755164837
-3.5185185185185186	0.12895671167659228	0.03070385163758091
-3.5085085085085086	0.12571983704440617	0.030458137561575803
-3.4984984984984986	0.12272011680481969	0.030253202791520065
-3.4884884884884886	0.11994163064711819	0.030087780290500528
-3.4784784784784786	0.11736978024992782	0.02996084188207316
-3.4684684684684686	0.11499118688777954	0.02987158556912024
-3.4584584584584586	0.1127935936935916	0.029819425739447143
-3.4484484484484486	0.11076577336189031	0.02980398605168664
-3.4384384384384385	0.10889744167923245	0.029825094854919718
-3.4284284284284285	0.1071791769872111	0.029882783044387812
-3.4184184184184185	0.10560234548575387	0.029977284307781196
-3.4084084084084085	0.1041590321568692	0.030109037763701857
-3.3983983983983985	0.10284197700230309	0.030278693041654082
-3.3883883883883885	0.10164451624066156	0.03048711790213634
-3.3783783783783785	0.10056052808069522	0.030735408548564696
-3.3683683683683685	0.09958438268134515	0.031024902838841958
-3.3583583583583585	0.09871089590895744	0.031357196666457816
-3.3483483483483485	0.09793528651660559	0.03173416385590788
-3.3383383383383385	0.09725313638123485	0.03215797999432532
-3.3283283283283285	0.09666035345923832	0.03263115072201658
-3.3183183183183185	0.09615313713917202	0.03315654511706337
-3.3083083083083085	0.0957279456923438	0.03373743494115417
-3.2982982982982985	0.09538146554892875	0.03437754068049543
-3.2882882882882885	0.09511058214697572	0.03508108550947932
-3.2782782782782784	0.09491235212725381	0.03585285854277489
-3.2682682682682684	0.09478397667365047	0.03669828903583676
-3.2582582582582584	0.09472277581958578	0.03762353354760958
-3.2482482482482484	0.09472616357088616	0.03863557852610823
-3.2382382382382384	0.09479162372278466	0.039742361324212085
-3.2282282282282284	0.09491668627557248	0.040952913333191884
-3.2182182182182184	0.09509890438850288	0.04227752978556741
-3.2082082082082084	0.09533583184066853	0.04372797184195567
-3.1981981981981984	0.09562500101106931	0.045317707947756955
-3.1881881881881884	0.09596390142202009	0.04706220315945839
-3.1781781781781784	0.09634995893661226	0.04897926734144607
-3.1681681681681684	0.09678051574863858	0.05108947594368547
-3.1581581581581584	0.0972528113440521	0.053416680693442256
-3.1481481481481484	0.09776396467056234	0.055988632195099454
-3.1381381381381384	0.09831095779683147	0.05883774250523752
-3.1281281281281283	0.09889062139689132	0.06200202363456114
-3.118118118118118	0.09949962243782787	0.06552624824837854
-3.108108108108108	0.10013445449934406	0.06946339235649517
-3.098098098098098	0.10079143117985213	0.07387643754173151
-3.088088088088088	0.10146668307945624	0.0788406336128438
-3.078078078078078	0.10215615884911478	0.08444635317741342
-3.068068068068068	0.10285563080045816	0.0908027096172639
-3.058058058058058	0.10356070553287432	0.09804216166245333
-3.048048048048048	0.10426683998680532	0.1063263934727574
-3.038038038038038	0.10496936324802827	0.11585383998978167
-3.028028028028028	0.10566350431788221	0.12686932092809963
-3.018018018018018	0.1063444259252227	0.1396763418371525
-3.008008008008008	0.1070072642828999	0.1546526855415757
-2.997997997997998	0.10764717449502784	0.17226987591608603
-2.987987987987988	0.1082593811112677	0.19311677888496345
-2.977977977977978	0.10883923308738835	0.2179266522059186
-2.967967967967968	0.10938226219194591	0.24760462795004107
-2.957957957957958	0.1098842436659534	0.28324746454312827
-2.947947947947948	0.11034125776379729	0.32613679287192526
-2.937937937937938	0.11074975063315584	0.37766673462961126
-2.9279279279279278	0.111106592892572	0.43913169597641655
-2.9179179179179178	0.11140913422536726	0.5112510358199012
-2.9079079079079078	0.1116552523335981	0.5932725956972599
-2.8978978978978978	0.11184339470887152	0.6815818063386789
-2.8878878878878878	0.1119726118575279	0.7681682798715108
-2.8778778778778777	0.11204258087061632	0.8402143404289902
-2.8678678678678677	0.11205361854753099	0.8827832741815584
-2.8578578578578577	0.11200668363929286	0.8850808232358295
-2.8478478478478477	0.11190336816225972	0.8465280699857648
-2.8378378378378377	0.11174587812047675	0.7771125030328108
-2.8278278278278277	0.11153700435368157	0.6916650505522266
-2.8178178178178177	0.11128008455643557	0.6033838760670599
-2.8078078078078077	0.11097895779558163	0.5207661647692006
-2.7977977977977977	0.11063791307667194	0.44780148341004816
-2.7877877877877877	0.11026163363049796	0.3854644048433427
-2.7777777777777777	0.10985513867186729	0.3331426415358314
-2.7677677677677677	0.10942372435024869	0.28958044689127077
-2.7577577577577577	0.10897290554021341	0.25338775877811265
-2.7477477477477477	0.10850835997666892	0.22327210332350877
-2.7377377377377377	0.10803587605070025	0.19812108613324517
-2.7277277277277276	0.10756130537589118	0.17701380084305438
-2.7177177177177176	0.10709052099802568	0.15920292725423824
-2.7077077077077076	0.10662938189593059	0.14408776702712406
-2.6976976976976976	0.10618370419482102	0.13118713470386417
-2.6876876876876876	0.10575923931267603	0.1201154844636665
-2.6776776776776776	0.10536165908833568	0.11056312633713927
-2.6676676676676676	0.10499654778555154	0.10228033527656472
-2.6576576576576576	0.10466940076417021	0.09506479425610602
-2.6476476476476476	0.10438562952360635	0.08875175137858263
-2.6376376376376376	0.10415057277992193	0.08320632804573572
-2.6276276276276276	0.10396951321893816	0.07831750797742751
-2.6176176176176176	0.10384769957415013	0.07399343046030685
-2.6076076076076076	0.1037903737148099	0.07015769292252604
-2.5975975975975976	0.10380280247347673	0.06674643471021796
-2.5875875875875876	0.10389031401493735	0.06370602666226009
-2.5775775775775776	0.10405833862504213	0.06099123193778402
-2.5675675675675675	0.10431245388899214	0.05856373484583339
-2.5575575575575575	0.10465843432872467	0.05639095833706727
-2.5475475475475475	0.10510230567432909	0.05444510897114013
-2.5375375375375375	0.10565040405705922	0.052702402058400995
-2.5275275275275275	0.10630944053260247	0.05114243022129172
-2.5175175175175175	0.10708657146321372	0.04974764672311724
-2.5075075075075075	0.10798947542406816	0.04850294112060007
-2.4974974974974975	0.10902643743032643	0.04739528958879115
-2.4874874874874875	0.11020644142858281	0.046413465983236174
-2.4774774774774775	0.11153927214572906	0.045547802589993386
-2.4674674674674675	0.11303562753906864	0.04478999177652254
-2.4574574574574575	0.11470724325468779	0.04413292153948312
-2.4474474474474475	0.11656703065176352	0.04357053934962818
-2.4374374374374375	0.1186292301005842	0.04309773982017646
-2.4274274274274275	0.12090958138666005	0.042710272627337974
-2.4174174174174174	0.1234255131432435	0.042404667837780415
-2.4074074074074074	0.12619635325404913	0.04217817640943052
-2.3973973973973974	0.12924356208842022	0.04202872411606801
-2.3873873873873874	0.13259099017820636	0.04195487757977776
-2.3773773773773774	0.13626516145332085	0.04195582145698439
-2.3673673673673674	0.14029558228114397	0.04203134614763686
-2.3573573573573574	0.14471507514529888	0.04218184569764625
-2.3473473473473474	0.1495601336013367	0.04240832585107053
-2.3373373373373374	0.15487129182451206	0.04271242248986392
-2.3273273273273274	0.1606934971491914	0.043096430992234584
-2.3173173173173174	0.16707646684111813	0.043563347358374485
-2.3073073073073074	0.1740750001010667	0.04411692230112152
-2.2972972972972974	0.18174920179310813	0.044761729899336807
-2.2872872872872874	0.19016455420642628	0.04550325288545384
-2.2772772772772774	0.1993917454396048	0.04634798719606875
-2.2672672672672673	0.2095061256988497	0.047303569099787425
-2.2572572572572573	0.22058661374545088	0.04837892904701527
-2.2472472472472473	0.23271381326620225	0.04958447742009986
-2.2372372372372373	0.24596702295242434	0.05093232865035926
-2.2272272272272273	0.26041973800742546	0.05243657178274041
-2.2172172172172173	0.27613315501035723	0.054113597606249494
-2.2072072072072073	0.29314712898539874	0.05598249505864749
-2.1971971971971973	0.3114680328328705	0.05806553289314964
-2.1871871871871873	0.3310531038191334	0.06038874681315996
-2.1771771771771773	0.35179123087528585	0.06298265765948548
-2.1671671671671673	0.3734808675116525	0.06588315316730003
-2.1571571571571573	0.3958069691317698	0.06913257471063056
-2.1471471471471473	0.41832058533731004	0.07278106191147597
-2.1371371371371373	0.4404267974229247	0.07688822269778708
-2.1271271271271273	0.4613884907382205	0.08152521518993758
-2.1171171171171173	0.48035390586030524	0.08677735160047012
-2.1071071071071072	0.49641362389823845	0.09274736401984787
-2.0970970970970972	0.5086865835601202	0.09955950802236123
-2.0870870870870872	0.5164253691049322	0.10736472180149215
-2.0770770770770772	0.5191212100015352	0.11634710267528627
-2.067067067067067	0.5165836794138959	0.1267320000868175
-2.057057057057057	0.5089732207255785	0.1387960333753849
-2.047047047047047	0.496776823321631	0.152879278204571
-2.037037037037037	0.48073373644323686	0.16939963535702887
-2.027027027027027	0.4617316430649236	0.18886881867130462
-2.017017017017017	0.4406986763399972	0.21190813249315835
-2.007007007007007	0.41851248413666675	0.239259631562622
-1.996996996996997	0.39593801667533407	0.27178331406778916
-1.986986986986987	0.3735958237138891	0.3104221161373213
-1.976976976976977	0.3519557843976066	0.3561019277160819
-1.966966966966967	0.33134824778231897	0.4095137478339474
-1.956956956956957	0.3119846729345742	0.47070752302468694
-1.946946946946947	0.29398158718037853	0.5384415406522928
-1.936936936936937	0.2773838273342441	0.6093435608504318
-1.926926926926927	0.2621848980010125	0.6772304474102306
-1.916916916916917	0.24834362080233646	0.7333425386635454
-1.906906906906907	0.23579706981777823	0.7683041818745827
-1.896896896896897	0.22447021169504847	0.7755980415679904
-1.8868868868868869	0.2142828299584906	0.7545689896964015
-1.8768768768768769	0.20515432318131213	0.7106181959696439
-1.8668668668668669	0.19700690283255004	0.6524803311348433
-1.8568568568568569	0.18976762577894155	0.5887973008746236
-1.8468468468468469	0.1833696041625852	0.5260161815574742
-1.8368368368368369	0.17775265370400242	0.4679556301389171
-1.8268268268268268	0.17286357443829442	0.4163298365766859
-1.8168168168168168	0.16865620558045188	0.3715026743946215
-1.8068068068068068	0.16509135689071178	0.3331098402548711
-1.7967967967967968	0.1621366902972789	0.3004675843516666
-1.7867867867867868	0.15976660540791776	0.2728053823182594
-1.7767767767767768	0.15796216904642912	0.2493828446526645
-1.7667667667667668	0.15671112055592162	0.22953952120647797
-1.7567567567567568	0.1560079802998226	0.21270926397653936
-1.7467467467467468	0.15585428776454496	0.1984175773304448
-1.7367367367367368	0.15625899759220813	0.18627191045182492
-1.7267267267267268	0.15723906654945624	0.17594992834458048
-1.7167167167167168	0.15882027209665578	0.16718811486886384
-1.7067067067067068	0.16103831421509807	0.15977166836910292
-1.6966966966966968	0.16394026727850025	0.15352596409116873
-1.6866866866866868	0.16758646907574162	0.14830954367910948
-1.6766766766766767	0.17205296115574997	0.14400846751768753
-1.6666666666666667	0.17743463050292796	0.14053183338539044
-1.6566566566566567	0.18384924977343475	0.13780827460947848
-1.6466466466466467	0.19144267507684287	0.1357832776109488
-1.6366366366366367	0.20039553995573808	0.13441719046015352
-1.6266266266266267	0.21093188451745143	0.13368382577023943
-1.6166166166166167	0.22333027930123187	0.13356959119084655
-1.6066066066066067	0.2379381356916224	0.13407310910636555
-1.5965965965965967	0.25519000918942353	0.13520531481234188
-1.5865865865865867	0.27563072259809934	0.1369900511363061
-1.5765765765765767	0.29994388485511664	0.13946520921591601
-1.5665665665665667	0.3289854624429147	0.14268450274906627
-1.5565565565565564	0.36381963068594864	0.14672001012130512
-1.5465465465465464	0.4057484614551166	0.15166568029741778
-1.5365365365365364	0.4563147256441743	0.15764208118684808
-1.5265265265265264	0.517232242360995	0.16480278301852364
-1.5165165165165164	0.5901522436009436	0.1733429278810057
-1.5065065065065064	0.6761019810082814	0.18351075929565494
-1.4964964964964964	0.7743582472942753	0.1956231991162658
-1.4864864864864864	0.8805727278727602	0.21008699786471943
-1.4764764764764764	0.9844858130643693	0.22742758926790357
-1.4664664664664664	1.0689329130822696	0.2483285830845927
-1.4564564564564564	1.1133095080058881	0.27368581452098945
-1.4464464464464464	1.102853928460851	0.30468084328204037
-1.4364364364364364	1.038083760062519	0.34287907426952835
-1.4264264264264264	0.9350082568655254	0.3903552506279228
-1.4164164164164164	0.8155884244996399	0.4498386159462076
-1.4064064064064064	0.6978135648287053	0.5248382790674352
-1.3963963963963963	0.5919362508024211	0.6196257145581221
-1.3863863863863863	0.5017015602078992	0.7387554349617906
-1.3763763763763763	0.4270168018775951	0.885418556793268
-1.3663663663663663	0.36608580351766734	1.0574284640510963
-1.3563563563563563	0.3166406424522071	1.2399801656304335
-1.3463463463463463	0.2765147514695387	1.3983817367403795
-1.3363363363363363	0.24385023083639665	1.483085796044175
-1.3263263263263263	0.2171332486054829	1.4583456401125643
-1.3163163163163163	0.19516103617564934	1.3329133918162743
-1.3063063063063063	0.1769890451840022	1.1525687875839394
-1.2962962962962963	0.16187849928493248	0.9647055258602798
-1.2862862862862863	0.14925134563384793	0.7969704913726224
-1.2762762762762763	0.13865395467869146	0.6584381942203089
-1.2662662662662663	0.12972877824592358	0.5481686655965866
-1.2562562562562563	0.12219256630560883	0.4616455297794855
-1.2462462462462462	0.11581974240468895	0.3939029514264207
-1.2362362362362362	0.11042974218990212	0.34064581675154776
-1.2262262262262262	0.10587736193296292	0.2984779472081722
-1.2162162162162162	0.10204538313917708	0.26481379457027066
-1.2062062062062062	0.09883891827336629	0.23771358836254594
-1.1961961961961962	0.09618106187477081	0.2157264700943162
-1.1861861861861862	0.09400953705195701	0.19776401248874717
-1.1761761761761762	0.09227410664057127	0.18300469441614592
-1.1661661661661662	0.0909345775589064	0.1708237666269326
-1.1561561561561562	0.08995927122375323	0.16074232646621334
-1.1461461461461462	0.08932386633255396	0.15239042290300245
-1.1361361361361362	0.08901054583095451	0.1454802599194697
-1.1261261261261262	0.08900739986098136	0.13978663846621217
-1.1161161161161162	0.08930805258386071	0.13513259698013663
-1.1061061061061062	0.08991149448925462	0.1313788065688839
-1.0960960960960962	0.09082211423673153	0.12841570062723323
-1.0860860860860861	0.09204993639051567	0.12615761716010854
-1.0760760760760761	0.09361108465798725	0.12453844233856254
-1.0660660660660661	0.09552850576686564	0.12350839266863971
-1.0560560560560561	0.09783300854543708	0.12303167971655343
-1.0460460460460461	0.10056469834575757	0.12308487903142831
-1.0360360360360361	0.10377492189853844	0.12365588307816909
-1.026026026026026	0.10752888682038245	0.1247433635192581
-1.016016016016016	0.11190919054220848	0.12635670605400293
-1.006006006006006	0.11702059675188484	0.12851641536875455
-0.995995995995996	0.12299655140452988	0.13125502219093133
-0.985985985985986	0.1300081638820219	0.1346185627217011
-0.975975975975976	0.1382767393917331	0.13866874726653228
-0.965965965965966	0.14809151588302386	0.14348599534943454
-0.955955955955956	0.15983516897249123	0.1491735971946387
-0.9459459459459459	0.17402114049520817	0.15586337799869457
-0.9359359359359359	0.19134934860757594	0.163723410167823
-0.9259259259259259	0.21279113665961033	0.1729685680487129
-0.9159159159159159	0.23972189623158852	0.18387509463889665
-0.9059059059059059	0.2741335163623182	0.19680092328731
-0.8958958958958959	0.3189843030749565	0.21221438868519318
-0.8858858858858859	0.3787925413482994	0.230735369310475
-0.8758758758758759	0.4606737719804271	0.2531951615838364
-0.8658658658658659	0.5762027089141193	0.28072506086464677
-0.8558558558558559	0.7448069308545205	0.3148896755805068
-0.8458458458458459	0.9998286639263918	0.3578910294176456
-0.8358358358358359	1.3979127255342219	0.4128860447013677
-0.8258258258258259	2.024204612407178	0.4844864607296915
-0.8158158158158159	2.9402535023080327	0.5795486957131402
-0.8058058058058059	3.919028863151773	0.708400447804448
-0.7957957957957958	4.199996748369036	0.8866163301006686
-0.7857857857857858	3.5078166939133597	1.1370192461064976
-0.7757757757757757	2.565646095436944	1.4895541391850897
-0.7657657657657657	1.8392048376149697	1.96974414202529
-0.7557557557557557	1.3568802036032637	2.5520386802552855
-0.7457457457457457	1.042909009958416	3.067582459295335
-0.7357357357357357	0.834359405998936	3.2167471440680018
-0.7257257257257257	0.6916919987916071	2.892730172261258
-0.7157157157157157	0.591278390330308	2.3362071050596303
-0.7057057057057057	0.5188817063966493	1.8051712922450591
-0.6956956956956957	0.465701238619245	1.3925303635726953
-0.6856856856856857	0.42613311753580835	1.0940155115508248
-0.6756756756756757	0.39650485853392115	0.8813620190183605
-0.6656656656656657	0.37434598349097425	0.7287678221400252
-0.6556556556556556	0.3579561880632755	0.6175820794913854
-0.6456456456456456	0.34614224644754177	0.5351839699862584
-0.6356356356356356	0.3380530512525343	0.4731487162308751
-0.6256256256256256	0.3330731441089884	0.42581592191616674
-0.6156156156156156	0.3307518374217112	0.38932732748561827
-0.6056056056056056	0.3307542805886149	0.36100784859410806
-0.5955955955955956	0.3328260513690601	0.3389705562214995
-0.5855855855855856	0.33676587615242465	0.32186283213458705
-0.5755755755755756	0.34240289325625817	0.3087010756266915
-0.5655655655655656	0.3495760474768848	0.2987613717334728
-0.5555555555555556	0.35811411815023236	0.2915059944273854
-0.5455455455455456	0.3678158222958166	0.28653321862403
-0.5355355355355356	0.37843062892083895	0.2835425446507047
-0.5255255255255256	0.3896425074694294	0.2823102807166316
-0.5155155155155156	0.40106072798430537	0.2826721915300148
-0.5055055055055055	0.4122235231919251	0.28451102674368756
-0.4954954954954955	0.42262082468887874	0.2877474396567175
-0.4854854854854855	0.43173990831038467	0.29233324347382994
-0.4754754754754755	0.4391316041268518	0.2982462158572759
-0.46546546546546547	0.4444856543548355	0.3054858027305842
-0.45545545545545546	0.4476956862455032	0.3140691172469051
-0.44544544544544545	0.4488926545946219	0.3240265935236044
-0.43543543543543545	0.4484338209192587	0.3353965509079275
-0.42542542542542544	0.4468496987047474	0.3482177777721177
-0.41541541541541543	0.4447659438386294	0.36251911946931403
-0.40540540540540543	0.44282330296533373	0.378305102078732
-0.3953953953953954	0.44161467216693295	0.3955371324786515
-0.38538538538538536	0.4416483519896751	0.4141112607462098
-0.37537537537537535	0.44333679794525155	0.43383643787604825
-0.36536536536536535	0.44700432472552604	0.4544218601123347
-0.35535535535535534	0.4529057512128634	0.4754871904256381
-0.34534534534534533	0.4612493274739674	0.49661134637760157
-0.3353353353353353	0.4722196564153973	0.5174278749011203
-0.3253253253253253	0.4859985315324771	0.5377537375668286
-0.3153153153153153	0.5027831917003692	0.557710833240724
-0.3053053053053053	0.5228024347904708	0.5777870151500742
-0.2952952952952953	0.5463315098038345	0.5988048218973197
-0.2852852852852853	0.5737069202762662	0.6218134562608983
-0.2752752752752753	0.6053423784802037	0.6479577711777914
-0.2652652652652653	0.6417472599138238	0.6783800124770164
-0.2552552552552553	0.6835490965536201	0.7141824110351039
-0.24524524524524524	0.7315219774587824	0.7564480985101943
-0.23523523523523523	0.7866232650326633	0.8063025491483943
-0.22522522522522523	0.8500418779935535	0.8649983760468251
-0.21521521521521522	0.9232626824671577	0.9340147155695967
-0.20520520520520522	1.0081535040373641	1.0151717925191976
-0.19519519519519518	1.1070843060857753	1.1107691109000053
-0.18518518518518517	1.223092813311965	1.2237626848302383
-0.17517517517517517	1.360118383113967	1.358004829436443
-0.16516516516516516	1.523338148951921	1.5185820256518567
-0.15515515515515516	1.7196598094038773	1.7123061879923593
-0.14514514514514515	1.9584602712179051	1.9484488668354147
-0.13513513513513514	2.2527208771468334	2.2398687117107996
-0.12512512512512514	2.6208224965563574	2.604794097084961
-0.11511511511511512	3.089478053102678	3.0697355430129334
-0.10510510510510511	3.6987072601954027	3.674426842901462
-0.09509509509509509	4.510656497399068	4.480585986498492
-0.08508508508508508	5.626076993009887	5.588283900400566
-0.07507507507507508	7.217122615230193	7.168525177563479
-0.06506506506506507	9.597934916227427	9.533366912347699
-0.055055055055055056	13.392387213928691	13.302556407685758
-0.04504504504504504	19.98834952442471	19.854804353229817
-0.035035035035035036	33.01253450431586	32.79293879884106
-0.025025025025025027	64.62521136304785	64.19742822032013
-0.015015015015015015	178.93479363671432	177.76013132247377
-0.005005005005005005	1552.734062246298	1543.2737432454003
0.005005005005005005	1552.7357861639005	1543.270277365084
0.015015015015015015	178.93475442443358	177.76016464737427
0.025025025025025027	64.62515572445781	64.19751112266859
0.035035035035035036	33.01248818365405	32.79301164270263
0.04504504504504504	19.98831121091632	19.85486641371678
0.055055055055055056	13.392354776122572	13.302610353920546
0.06506506506506507	9.597906826067634	9.533414949123971
0.07507507507507508	7.217097837056386	7.16856889092448
0.08508508508508508	5.626054818045755	5.588324427963364
0.09509509509509509	4.510636431885841	4.480624161353734
0.10510510510510511	3.6986889562287435	3.674463289044643
0.11511511511511512	3.089461265961788	3.069770735746105
0.12512512512512514	2.6208070577536335	2.604828399511962
0.13513513513513514	2.2527066775309277	2.2399023953643336
0.14514514514514515	1.9584472498800143	1.9484821202359874
0.15515515515515516	1.7196479467113206	1.712339114928562
0.16516516516516516	1.5233274621168074	1.5186146333496138
0.17517517517517517	1.3601089235374237	1.3580370057401292
0.18518518518518517	1.2230846649069043	1.2237941627928004
0.19519519519519518	1.1070775841309133	1.110799418114216
0.20520520520520522	1.0081483542230931	1.0152001836762805
0.21521521521521522	0.923259279542176	0.9340400886663046
0.22522522522522523	0.8500404236699055	0.8650191780360027
0.23523523523523523	0.786623984589701	0.8063166882106435
0.24524524524524524	0.7315251144278011	0.7564528985499921
0.2552552552552553	0.6835549048907568	0.7141746711376125
0.2652652652652653	0.6417559926652832	0.6783562611520875
0.2752752752752753	0.6053542721549053	0.6479148102786986
0.2852852852852853	0.5737221736449888	0.6217492332782503
0.2952952952952953	0.5463502559530435	0.5987195119748545
0.3053053053053053	0.5228247050965921	0.5776839596053582
0.3153153153153153	0.5028088705533171	0.5575968155545415
0.3253253253253253	0.4860273010633009	0.5376382034909923
0.3353353353353353	0.47225093187989325	0.5173211888223278
0.34534534534534533	0.4612821861089643	0.4965227301676018
0.35535535535535534	0.4529388614073247	0.47542316353995545
0.36536536536536535	0.4470358886285524	0.4543856551307727
0.37537537537537535	0.4433645287971729	0.4338283259376621
0.38538538538538536	0.44166951642015756	0.41412938508894925
0.3953953953953954	0.44162623400718853	0.39557842915096075
0.40540540540540543	0.44282220125304067	0.3783660506261892
0.41541541541541543	0.4447495155453622	0.36259624073830216
0.42542542542542544	0.44681620950436596	0.3483079036559495
0.43543543543543545	0.4483830022294116	0.3354969299542249
0.44544544544544545	0.44882608742302144	0.3241348955749652
0.45545545545545546	0.4476168657398047	0.31418338436199617
0.46546546546546547	0.4443996442254727	0.3056043764769986
0.4754754754754755	0.43904433214063915	0.2983676577540602
0.4854854854854855	0.431657294005161	0.2924562564407773
0.4954954954954955	0.42254798743356375	0.2878707928292952
0.5055055055055055	0.4121642636565119	0.28463348305602254
0.5155155155155156	0.40101735145069695	0.2827924353893264
0.5255255255255256	0.3896159382845683	0.28242684201817947
0.5355355355355356	0.37842070170041103	0.28365371407427853
0.5455455455455456	0.3678216328264361	0.28663694770331893
0.5555555555555556	0.35813435024215734	0.2915997718217207
0.5655655655655656	0.34960923342135036	0.2988420638312492
0.5755755755755756	0.3424475978115282	0.30876471486746315
0.5855855855855856	0.33682081276752507	0.3219043289790178
0.5955955955955956	0.3328901467770618	0.33898329967342555
0.6056056056056056	0.33082670433327543	0.3609831433125355
0.6156156156156156	0.33083201019024716	0.389253590759417
0.6256256256256256	0.33316073507600946	0.4256775285709746
0.6356356356356356	0.3381479712219935	0.472924334918667
0.6456456456456456	0.3462446406326623	0.5348441958367351
0.6556556556556556	0.3580664296382272	0.6170862042666581
0.6656656656656657	0.3744646658790039	0.7280599378157336
0.6756756756756757	0.3966327793756477	0.8803681249654786
0.6856856856856857	0.42627123747730095	1.092648347475696
0.6956956956956957	0.4658505770491608	1.3907239289902784
0.7057057057057057	0.5190430889847832	1.8030035711251484
0.7157157157157157	0.5914518529481275	2.3342018098900317
0.7257257257257257	0.6918753866540159	2.892175199421425
0.7357357357357357	0.8345450480944371	3.2189042964463765
0.7457457457457457	1.0430757024435757	3.0716147977960304
0.7557557557557557	1.3569738528792243	2.5557455012782557
0.7657657657657657	1.8390946610261347	1.972118873099616
0.7757757757757757	2.5650553518066217	1.4907664890817593
0.7857857857857858	3.506403882058781	1.1374959323900333
0.7957957957957958	4.198159370098221	0.8866809276671787
0.8058058058058059	3.918156897528417	0.7082475937310424
0.8158158158158159	2.9404748414216364	0.5792870687839098
0.8258258258258259	2.024772708910994	0.484175280323717
0.8358358358358359	1.398452102372251	0.41255725609410676
0.8458458458458459	1.0002586527017812	0.3575616441341621
0.8558558558558559	0.7451359211198972	0.31456848823487865
0.8658658658658659	0.5764540944922855	0.28041631439288256
0.8758758758758759	0.46086811376634645	0.25290057003485017
0.8858858858858859	0.3789451183407848	0.23045524914440021
0.8958958958958959	0.3191059924677209	0.21194829902237955
0.9059059059059059	0.27423201989384266	0.1965480312088767
0.9159159159159159	0.239802712655285	0.18363438414191344
0.9259259259259259	0.21285824486477042	0.1727389588549815
0.9359359359359359	0.19140567108421738	0.16350382403865385
0.9459459459459459	0.17406885608393613	0.15565277424325338
0.955955955955956	0.15987592529170913	0.14897099010795609
0.965965965965966	0.14812657529823606	0.14329046108755392
0.975975975975976	0.13830708068456762	0.13847942467055774
0.985985985985986	0.13003455406583986	0.13443465079269032
0.995995995995996	0.12301959714938883	0.13107577587007246
1.006006006006006	0.11704078169549821	0.12834114062523183
1.016016016016016	0.11192690268079976	0.12618475490555817
1.026026026026026	0.10754443883560677	0.1245741294183594
1.0360360360360361	0.10378856638212222	0.123488796949444
1.0460460460460461	0.10057663928441328	0.12291940624278826
1.0560560560560561	0.09784341002779645	0.1228673182612126
1.0660660660660661	0.09553749859488271	0.12334467292383833
1.0760760760760761	0.09361877134806994	0.12437492890035971
1.0860860860860861	0.09205639491448422	0.1259939134565883
1.0960960960960962	0.09082740075153097	0.12825145734409904
1.1061061061061062	0.08991564523278432	0.13121373538663433
1.1161161161161162	0.08931108505364804	0.13496649184343926
1.1261261261261262	0.08900931335057029	0.13961940766614753
1.1361361361361362	0.08901132136141651	0.14531197388634334
1.1461461461461462	0.08932346598349912	0.1522213850867021
1.1561561561561562	0.089957636830866	0.16057317850786604
1.1661661661661662	0.09093162871834667	0.17065564496757687
1.1761761761761762	0.09226973791626741	0.1828394649019211
1.1861861861861862	0.09400361423693034	0.19760462438608756
1.1961961961961962	0.09617341710798845	0.2155774946000934
1.2062062062062062	0.09882934373412124	0.23758204428365495
1.2162162162162162	0.10203362295615215	0.2647104228397183
1.2262262262262262	0.10586310182490503	0.29841918543834317
1.2362362362362362	0.11041259620301311	0.34065685055226264
1.2462462462462462	0.11579923590533205	0.3940223604556038
1.2562562562562563	0.12216811414345703	0.46193208583726997
1.2662662662662663	0.12969965666971647	0.5487103547092517
1.2762762762762763	0.13861926520664522	0.6593612847038965
1.2862862862862863	0.1492099686619375	0.7984395245987027
1.2962962962962963	0.1618290348476297	0.9668892328934707
1.3063063063063063	0.17692973820907332	1.1555271364077555
1.3163163163163163	0.19508968434022841	1.3363888928408916
1.3263263263263263	0.21704709372127584	1.4616219638993426
1.3363363363363363	0.24374584212883693	1.4852655483395658
1.3463463463463463	0.2763879264867119	1.3990125104538282
1.3563563563563563	0.31648638895071246	1.2392921043408027
1.3663663663663663	0.3658985422510267	1.0559740682345304
1.3763763763763763	0.4267910742195183	0.8836798301152828
1.3863863863863863	0.5014337606427126	0.7370202068049349
1.3963963963963963	0.591628182607391	0.6180261282300925
1.4064064064064064	0.6974785942423999	0.5234169919463093
1.4164164164164164	0.8152596474767508	0.4485956197061524
1.4264264264264264	0.9347437817350063	0.38927349372361486
1.4364364364364364	1.0379579962395509	0.3419367284683123
1.4464464464464464	1.1029262308624124	0.30385657096324625
1.4564564564564564	1.1135853974871261	0.2729606987435391
1.4664664664664664	1.069355504457227	0.2476865759407737
1.4764764764764764	0.9849693089130772	0.22685535872175353
1.4864864864864864	0.8810440324811756	0.2095735712538209
1.4964964964964964	0.7747752804598579	0.19515957378196544
1.5065065065065064	0.6764499134618097	0.18308954663899973
1.5165165165165164	0.5904324670065474	0.1729580511039566
1.5265265265265264	0.5174532265513136	0.16444922960999717
1.5365365365365364	0.45648671938312074	0.1573157041235897
1.5465465465465464	0.4058810633568649	0.1513630401178313
1.5565565565565564	0.3639209522510587	0.14643825034730149
1.5665665665665667	0.3290620277755464	0.14242125222838684
1.5765765765765767	0.3000008130060596	0.13921850618100537
1.5865865865865867	0.2756719829634929	0.13675828493128242
1.5965965965965967	0.2552186653271558	0.1349871822387756
1.6066066066066067	0.23795655026145243	0.13386758320223247
1.6166166166166167	0.22334027667532616	0.13337590097497667
1.6266266266266267	0.21093487615321296	0.13350144615480694
1.6366366366366367	0.20039261969318153	0.13424584213987767
1.6466466466466467	0.19143469111926673	0.13562293736105668
1.6566566566566567	0.18383685896150057	0.13765919710265984
1.6666666666666667	0.1774183392664612	0.14039458643111427
1.6766766766766767	0.17203315648165182	0.1438839836013135
1.6866866866866868	0.16756344197939474	0.14819919190515324
1.6966966966966968	0.1639142306365069	0.15343164825828562
1.7067067067067068	0.16100941633158658	0.15969595900404268
1.7167167167167168	0.15878860702490818	0.16713442582104862
1.7267267267267268	0.15720468193167417	0.17592275210177444
1.7367367367367368	0.15622190058929228	0.186277130797454
1.7467467467467468	0.155814449512931	0.19846288315134325
1.7567567567567568	0.1559653392327593	0.21280469327393478
1.7667667667667668	0.15666558486158988	0.22969816757308403
1.7767767767767768	0.1579136184831433	0.24962175469841835
1.7867867867867868	0.15971489268228975	0.27314665073647376
1.7967967967967968	0.16208164219405005	0.3009395906271672
1.8068068068068068	0.16503277535805072	0.33374842309001035
1.8168168168168168	0.16859386900017098	0.37235172872407024
1.8268268268268268	0.1727972393611046	0.41744022906599554
1.8368368368368369	0.1776820573980674	0.46938036328181265
1.8468468468468469	0.18329446843481187	0.5277985381641184
1.8568568568568569	0.18968766265651887	0.5909482596050704
1.8668668668668669	0.19692182287855312	0.6549446094696405
1.8768768768768769	0.2050638474461662	0.713238966504189
1.8868868868868869	0.21418670684268154	0.7570789311444842
1.896896896896897	0.22436824031222977	0.7776709254071027
1.906906906906907	0.2356891317903234	0.7696667277892028
1.916916916916917	0.2482297226906804	0.7338821325675213
1.926926926926927	0.2620652267057324	0.6770199529711523
1.936936936936937	0.27725882058027534	0.6085759474198731
1.946946946946947	0.2938520202834186	0.537337129693292
1.956956956956957	0.3118517610383344	0.4694509799732726
1.966966966966967	0.33121375901449673	0.40823285942169524
1.976976976976977	0.3518221533882199	0.35487270353533723
1.986986986986987	0.3734662463205929	0.309282979279927
1.996996996996997	0.39581649617554737	0.2707488493120908
2.007007007007007	0.41840378890233754	0.23833077939498837
2.017017017017017	0.44060816391450647	0.2110788051591201
2.027027027027027	0.4616649130589662	0.18812984582427592
2.037037037037037	0.48069610236295257	0.16874096366586536
2.047047047047047	0.49677264413960387	0.15229111251760094
2.057057057057057	0.5090051974083633	0.13826936888005192
2.067067067067067	0.5166522750001707	0.12625881951391332
2.0770770770770772	0.5192243610793204	0.11592039848899881
2.0870870870870872	0.5165586001379675	0.10697843369535437
2.0970970970970972	0.5088435242772991	0.0992084251570226
2.1071071071071072	0.4965868093874223	0.0924270180457001
2.1171171171171173	0.4805356642765246	0.08648391341186193
2.1271271271271273	0.46157172454130163	0.08125540118313226
2.1371371371371373	0.44060552899475736	0.07663921250080115
2.1471471471471473	0.41849022698952176	0.07255042760996563
2.1571571571571573	0.39596435154076143	0.06891822069436893
2.1671671671671673	0.37362409979911726	0.06568326537003581
2.1771771771771773	0.3519194713259324	0.06279566089388233
2.1871871871871873	0.3311663052307753	0.06021326897786943
2.1971971971971973	0.31156670428813127	0.05790037495602516
2.2072072072072073	0.2932321354064547	0.05582660587065365
2.2172172172172173	0.2762055610634433	0.053966052741585675
2.2272272272272273	0.2604806940743639	0.05229655572927339
2.2372372372372373	0.24601768668493462	0.05079911979106306
2.2472472472472473	0.23275529904091413	0.04945743533744932
2.2572572572572573	0.22061996278251325	0.048257483768939353
2.2672672672672673	0.20953229077120852	0.047187211969118736
2.2772772772772774	0.199411585424158	0.04623626309949208
2.2872872872872874	0.19017883495326088	0.04539575363043314
2.2972972972972974	0.18175860080214812	0.04465808855671056
2.3073073073073074	0.17408011327716338	0.044016808369702023
2.3173173173173174	0.1670778161823739	0.04346646262913696
2.3273273273273274	0.16069153863309113	0.043002506011248644
2.3373373373373374	0.15486642304925682	0.04262121354034446
2.3473473473473474	0.1495527009286605	0.04231961238512979
2.3573573573573574	0.14470538022512475	0.04209542816452123
2.3673673673673674	0.1402838879127162	0.04194704417553371
2.3773773773773774	0.13625169679342142	0.04187347235311411
2.3873873873873874	0.13257595533199087	0.04187433512312479
2.3973973973973974	0.12922713213430342	0.0419498576288251
2.4074074074074074	0.12617868176010968	0.04210087009179543
2.4174174174174174	0.12340673523317457	0.042328820368798196
2.4274274274274275	0.12088981641170914	0.04263579703398752
2.4374374374374375	0.11860858396659853	0.04302456362948698
2.4474474474474475	0.11654559785080142	0.043498605045938395
2.4574574574574575	0.11468510863937756	0.044062187362676176
2.4674674674674675	0.11301286787751078	0.04472043290483636
2.4774774774774775	0.11151595748745508	0.04547941277052015
2.4874874874874875	0.11018263630889052	0.046346259690888854
2.4974974974974975	0.10900220193560141	0.04732930481750665
2.5075075075075075	0.10796486613747489	0.04843824294270805
2.5175175175175175	0.10706164230651394	0.04968433178580061
2.5275275275275275	0.10628424351883693	0.05108063240662528
2.5375375375375375	0.10562498996329085	0.052642299588768246
2.5475475475475475	0.10507672464399696	0.054386933329686075
2.5575575575575575	0.10463273640928514	0.05633500548216663
2.5675675675675675	0.10428668951009921	0.05851037934023882
2.5775775775775776	0.10403255902092845	0.06094094480515513
2.5875875875875876	0.10386457158994036	0.06365939804775368
2.5975975975975976	0.10377715111374967	0.0667042027478629
2.6076076076076076	0.10376486904306943	0.07012078070484906
2.6176176176176176	0.10382239914530669	0.07396299361550196
2.6276276276276276	0.103944476654357	0.07829499624214374
2.6376376376376376	0.10412586183513702	0.0831935654025305
2.6476476476476476	0.10436130808587392	0.08875104097490644
2.6576576576576576	0.10464553477544611	0.09507905658302657
2.6676676676676676	0.10497320508468418	0.1023132912208201
2.6776776776776776	0.10533890917057735	0.11061954103593825
2.6876876876876876	0.10573715300146644	0.12020149379599417
2.6976976976976976	0.10616235322396304	0.13131068419286457
2.7077077077077076	0.10660883840345634	0.14425920328755326
2.7177177177177176	0.10707085692916156	0.1594357948230177
2.7277277277277276	0.10754259180559236	0.17732591085348134
2.7377377377377377	0.1080181824258845	0.19853593283175852
2.7477477477477477	0.10849175329386906	0.22382069647530126
2.7577577577577577	0.10895744946844416	0.254110882154119
2.7677677677677677	0.10940947831782029	0.29053117296390857
2.7777777777777777	0.10984215693620795	0.3343884807061302
2.7877877877877877	0.1102499643522484	0.3870874685585931
2.7977977977977977	0.11062759742660816	0.44989309392340165
2.8078078078078077	0.11097002911555283	0.5234092298265481
2.8178178178178177	0.11127256760345774	0.6066133189048858
2.8278278278278277	0.11153091465478872	0.6953995167669051
2.8378378378378377	0.11174122145531584	0.78107253493755
2.8478478478478477	0.11190014020311655	0.8502045370877889
2.8578578578578577	0.11200486975789459	0.8878491058161424
2.8678678678678677	0.11205319380206369	0.8841691565914173
2.8778778778778777	0.11204351018026043	0.8401261046340426
2.8878878878878878	0.11197485035997022	0.7668902399003004
2.8978978978978978	0.11184688829564995	0.679568052434297
2.9079079079079078	0.11165993834891137	0.5909416398112207
2.9179179179179178	0.11141494230904735	0.5088935873386019
2.9279279279279278	0.11111344594107764	0.43691126718968243
2.937937937937938	0.1107575658564984	0.37565605383962686
2.947947947947948	0.11034994780361346	0.3243546762932187
2.957957957957958	0.10989371774440666	0.28168495689373324
2.967967967967968	0.10939242726606752	0.24624069103659274
2.977977977977978	0.10884999497609961	0.2167366191807388
2.987987987987988	0.10827064556972565	0.19207648900921948
2.997997997997998	0.10765884821872988	0.17135744454243743
3.008008008008008	0.10701925581824426	0.15384906319950045
3.018018018018018	0.10635664647692451	0.13896529680680286
3.028028028028028	0.10567586844339859	0.12623717714108512
3.038038038038038	0.10498178943467598	0.11528913593432781
3.048048048048048	0.10427925111016174	0.10581953994958693
3.058058058058058	0.1035730292004296	0.09758513128614676
3.068068068068068	0.10286779958579095	0.09038876877591853
3.078078078078078	0.10216811042505383	0.0840698368150991
3.088088088088088	0.101478360257823	0.07849675882740616
3.098098098098098	0.10080278187185351	0.07356115057497735
3.108108108108108	0.10014543160529266	0.06917324349712596
3.118118118118118	0.09951018367760917	0.06525828968396732
3.1281281281281283	0.09890072909398705	0.06175372600281762
3.1381381381381384	0.09832057862374649	0.05860692660829135
3.1481481481481484	0.09777306936699051	0.055773412981755324
3.1581581581581584	0.09726137441632354	0.05321542116718447
3.1681681681681684	0.09678851515713285	0.050900749112080354
3.1781781781781784	0.09635737577810566	0.048801824691862374
3.1881881881881884	0.0959707196134063	0.04689494844627036
3.1981981981981984	0.09563120697747576	0.04515967531306265
3.2082082082082084	0.09534141421229907	0.04357830748808709
3.2182182182182184	0.09510385370967558	0.04213547656415001
3.2282282282282284	0.09492099472701451	0.04081779773992945
3.2382382382382384	0.09479528485828877	0.039613582484322306
3.2482482482482484	0.0947291720719339	0.03851259883602965
3.2582582582582584	0.0947251272638316	0.037505870691586465
3.2682682682682684	0.09478566732237402	0.03658550915971562
3.2782782782782784	0.09491337872717164	0.03574457039394361
3.2882882882882885	0.0951109417498933	0.03497693539407523
3.2982982982982985	0.09538115534563713	0.03427720811081548
3.3083083083083085	0.09572696286164085	0.03364062886664912
3.3183183183183185	0.09615147871195914	0.033063000656302556
3.3283283283283285	0.09665801619598974	0.03254062631835687
3.3383383383383385	0.09725011666252133	0.032070254938385265
3.3483483483483485	0.09793158024730562	0.031649036121405155
3.3583583583583585	0.09870649843462985	0.031274481017189375
3.3683683683683685	0.09957928871797907	0.03094442917233547
3.3783783783783785	0.10055473165733324	0.030657020444126746
3.3883883883883885	0.10163801065593005	0.03041067134818793
3.3983983983983985	0.10283475479592825	0.03020405532201275
3.4084084084084085	0.10415108509751966	0.030036086483042557
3.4184184184184185	0.1055936645773978	0.029905906542820677
3.4284284284284285	0.10716975249660572	0.029812874606749067
3.4384384384384385	0.10888726318878247	0.029756559656526217
3.4484484484484486	0.11075482985159463	0.02973673556380727
3.4584584584584586	0.1127818736588353	0.0297533785392458
3.4684684684684686	0.11497867849915414	0.029806666969024124
3.4784784784784786	0.1173564715656075	0.02989698363882432
3.4884884884884886	0.11992750988802524	0.030024920392696955
3.4984984984984986	0.12270517270598964	0.030191285325317906
3.5085085085085086	0.12570405930121062	0.030397112656829563
3.5185185185185186	0.12894009150462998	0.03064367549852446
3.5285285285285286	0.132430619542021	0.03093250178065122
3.5385385385385386	0.13619452911249286	0.03126539368597358
3.5485485485485486	0.14025234655128388	0.031644451018402076
3.5585585585585586	0.1446263375168264	0.03207209903333997
3.5685685685685686	0.1493405927525128	0.0325511213717072
3.5785785785785786	0.15442109196432613	0.03308469888517249
3.5885885885885886	0.15989573354723816	0.03367645529932955
3.5985985985985987	0.16579431357675645	0.03433051087415303
3.6086086086086087	0.17214843190482787	0.03505154546850817
3.6186186186186187	0.1789912960805445	0.0358448727185884
3.6286286286286287	0.18635738486957387	0.03671652742470725
3.6386386386386387	0.19428192212074122	0.03767336870924615
3.6486486486486487	0.20280009848527095	0.03872320209390384
3.6586586586586587	0.2119459631673994	0.03987492438477473
3.6686686686686687	0.22175089107889792	0.04113869617773613
3.6786786786786787	0.23224151394696607	0.04252614797646068
3.6886886886886887	0.24343698987374798	0.04405062740697834
3.6986986986986987	0.2553454794024725	0.04572749693394946
3.7087087087087087	0.26795970497534866	0.047574493942071236
3.7187187187187187	0.2812515061013783	0.04961216823675612
3.7287287287287287	0.2951653799975345	0.051864416160334326
3.7387387387387387	0.30961113571991145	0.05435913593762896
3.7487487487487487	0.32445600813022274	0.05712903598749684
3.7587587587587588	0.3395168893243699	0.06021263734335874
3.7687687687687688	0.3545537337226518	0.06365552382795617
3.7787787787787788	0.3692656369448494	0.06751191030291599
3.7887887887887888	0.3832914799390876	0.0718466216620235
3.798798798798799	0.39621720305484204	0.07673760529258448
3.808808808808809	0.4075915110178363	0.08227914019702202
3.818818818818819	0.41695089784250594	0.08858596050185995
3.828828828828829	0.4238532325410189	0.09579858425483409
3.838838838838839	0.42791693872768866	0.10409023580427011
3.848848848848849	0.42886056253271587	0.11367587737392697
3.858858858858859	0.42653605910051734	0.12482402634952398
3.868868868868869	0.42094922655237416	0.13787222482536282
3.878878878878879	0.4122627257462051	0.1532472199687734
3.888888888888889	0.40078064488881626	0.1714910243923414
3.898898898898899	0.3869175126729439	0.193293839621565
3.908908908908909	0.3711577221639068	0.21953383056161016
3.918918918918919	0.35401258078694803	0.25132077546778697
3.928928928928929	0.3359815033027824	0.29003318165273345
3.938938938938939	0.3175217880949775	0.33732147238183
3.948948948948949	0.2990288680780232	0.39501409143310423
3.958958958958959	0.2808267063286855	0.464796015098675
3.968968968968969	0.263166553383115	0.5474270835713482
3.978978978978979	0.24623166054250029	0.6411939300399538
3.988988988988989	0.23014556836227537	0.7395139434505518
3.998998998998999	0.2149819940220677	0.8287034147892572
4.009009009009009	0.20077488717664532	0.8889928618233107
4.019019019019019	0.1875277510929507	0.9021515646873765
4.029029029029029	0.17522175373973425	0.8627748000849907
4.039039039039039	0.16382245944432053	0.7824486269736806
4.049049049049049	0.1532852064105639	0.681823718565563
4.059059059059059	0.1435592632039675	0.5793909982510249
4.069069069069069	0.13459094453375925	0.48619264797829115
4.079079079079079	0.1263258756542036	0.40652263003528705
4.089089089089089	0.11871058217970616	0.3406313248322822
4.099099099099099	0.11169355939515412	0.2869743658058499
4.109109109109109	0.10522594926639717	0.24350192817002558
4.119119119119119	0.09926192829762552	0.2082459494732874
4.129129129129129	0.09375888710003834	0.17952627028629614
4.1391391391391394	0.08867746373045188	0.15598333396995964
4.1491491491491495	0.08398147756670826	0.13654465881243538
4.1591591591591595	0.0796377983756923	0.12037352295519926
4.1691691691691695	0.07561617583116433	0.1068191586098665
4.1791791791791795	0.07188904757419345	0.09537468441324048
4.1891891891891895	0.06843133851589239	0.0856436664225907
4.1991991991991995	0.06522026008429384	0.07731430482814812
4.2092092092092095	0.062235115178897134	0.07013978127689918
4.2192192192192195	0.05945711247687538	0.06392337718722677
4.2292292292292295	0.05686919221616786	0.058507210523553344
4.2392392392392395	0.05445586451249948	0.05376369044527507
4.2492492492492495	0.0522030605380474	0.04958900660098193
4.2592592592592595	0.05009799639136852	0.045898142327001165
4.2692692692692695	0.04812904917378766	0.042621032446707174
4.2792792792792795	0.046285644592998415	0.039699584459244076
4.2892892892892895	0.04455815530600093	0.0370853543699447
4.2992992992992995	0.04293780917230215	0.034737721716528225
4.3093093093093096	0.04141660657882388	0.0326224475400603
4.31931931931932	0.039987246024806966	0.03071052791440977
4.32932932932933	0.03864305719160515	0.028977276989346743
4.33933933933934	0.03737794077251173	0.027401589342625047
4.34934934934935	0.0361863143916115	0.025965343247616044
4.35935935935936	0.03506306399704041	0.024652915334555527
4.36936936936937	0.03400350016668451	0.02345078379932027
4.37937937937938	0.03300331882006753	0.022347202387345874
4.38938938938939	0.032058565876361085	0.021331931247068704
4.3993993993994	0.031165605448025956	0.02039601371090569
4.40940940940941	0.030321091198533736	0.019531590350097897
4.41941941941942	0.029521940533677946	0.01873174342601728
4.42942942942943	0.028765311330406246	0.017990366238442173
4.43943943943944	0.02804858093747377	0.01730205295952645
4.44944944944945	0.027369327212819893	0.016662005395108592
4.45945945945946	0.026725311385599543	0.016065953786123237
4.46946946946947	0.026114462555735133	0.015510089306585708
4.47947947947948	0.02553486366261005	0.014991006338590487
4.48948948948949	0.024984738773430274	0.014505652950790406
4.4994994994995	0.024462441557560017	0.014051288284829561
4.50950950950951	0.023966444828128416	0.013625445777543125
4.51951951951952	0.023495331043343427	0.013225901330169374
4.52952952952953	0.023047783674084107	0.012850645682723138
4.53953953953954	0.02262257935121097	0.012497860376350372
4.54954954954955	0.022218580717727532	0.012165896783729589
4.55955955955956	0.0218347299173985	0.011853257771228752
4.56956956956957	0.021470042658843135	0.01155858162561067
4.57957957957958	0.021123602801024398	0.011280627932739476
4.58958958958959	0.02079455741056542	0.011018265145066763
4.5995995995996	0.020482112248013194	0.010770459612093696
4.60960960960961	0.02018552764274387	0.010536265883280252
4.61961961961962	0.019904114721827765	0.010314818117659875
4.62962962962963	0.019637231960553014	0.010105322461129544
4.63963963963964	0.01938428202675257	0.009907050269358371
4.64964964964965	0.019144708892165803	0.009719332072784541
4.65965965965966	0.018917995188883305	0.00954155219309621
4.66966966966967	0.018703659789062826	0.009373143934130667
4.67967967967968	0.018501255589468933	0.009213585279080169
4.68968968968969	0.018310367484018743	0.009062395035388512
4.6996996996997	0.01813061050869974	0.008919129376585178
4.70970970970971	0.017961628145464644	0.00878337873637184
4.71971971971972	0.017803090772011382	0.008654765015596649
4.72972972972973	0.01765469424697686	0.008532939069014176
4.73973973973974	0.017516158619763477	0.008417578440682104
4.74974974974975	0.01738722695600169	0.008308385323231922
4.75975975975976	0.01726766427050018	0.008205084716549477
4.76976976976977	0.01715725655979529	0.008107422766812235
4.77977977977978	0.017055809928103547	0.008015165267224107
4.78978978978979	0.016963149800097742	0.007928096304955251
4.7997997997998	0.01687912021499429	0.007846017040785464
4.80980980980981	0.01680358319716067	0.007768744608269478
4.81981981981982	0.01673641819874774	0.00769611112275166
4.82982982982983	0.016677521609893966	0.007627962789951399
4.83983983983984	0.016626806333062683	0.007564159106009138
4.84984984984985	0.016584201418282946	0.007504572141452748
4.85985985985986	0.016549651755569127	0.007449085903113412
4.86986986986987	0.016523117822507757	0.007397595767353902
4.87987987987988	0.016504575483612637	0.007350007980949086
4.88988988988989	0.016494015839478855	0.007306239224472535
4.8998998998999	0.016491445123150095	0.0072662162347988815
4.90990990990991	0.01649688464123865	0.007229875483852499
4.91991991991992	0.01651037075807436	0.0071971629109705325
4.92992992992993	0.016531954919908748	0.0071680337067582724
4.93993993993994	0.01656170371708434	0.007142452147050331
4.94994994994995	0.016599698981785635	0.007120391475891073
4.95995995995996	0.0166460379179012	0.007101833836524091
4.96996996996997	0.016700833260533357	0.007086770251118758
4.97997997997998	0.016764213460952394	0.007075200648055865
4.98998998998999	0.01683632289311137	0.007067133939087691
5.0	0.016917322076655947	0.0070625881459596765
