-5.0	0.03551311655104525	0.010111772403978819
-4.98998998998999	0.03565057640677537	0.009569281029832146
-4.97997997997998	0.03576706073768507	0.009082866726282713
-4.96996996996997	0.03586418681748492	0.008645363663276732
-4.95995995995996	0.035943644070706264	0.008250725774287036
-4.94994994994995	0.03600717278270076	0.007893825475779326
-4.93993993993994	0.036056544354542044	0.007570293028958423
-4.92992992992993	0.03609354336387663	0.007276387530208295
-4.91991991991992	0.03611995160688984	0.00700889267926615
-4.90990990990991	0.036137534217641785	0.006765032082307431
-4.8998998998999	0.036148027891649094	0.00654240005092839
-4.88988988988989	0.03615313118197808	0.006338904766876561
-4.87987987987988	0.03615449678863454	0.0061527213703898
-4.86986986986987	0.03615372572583432	0.005982253056225045
-4.85985985985986	0.03615236322544866	0.005826098665626244
-4.84984984984985	0.03615189621847449	0.005683025574194503
-4.83983983983984	0.03615375222770249	0.0055519469192451395
-4.82982982982983	0.0361592995028622	0.0054319023990164065
-4.81981981981982	0.03616984823324549	0.0053220420257937
-4.80980980980981	0.036186652680695555	0.005221612332821916
-4.7997997997998	0.036210914086439706	0.005129944628134125
-4.78978978978979	0.0362437842185331	0.005046444963344342
-4.77977977977978	0.03628636944041838	0.004970585545236852
-4.76976976976977	0.036339735196044616	0.004901897366311209
-4.75975975975976	0.03640491082150977	0.0048399638693260635
-4.74974974974975	0.03648289460728579	0.004784415492686783
-4.73973973973974	0.03657465904870328	0.004734924969603639
-4.72972972972973	0.03668115623502237	0.0046912032748492455
-4.71971971971972	0.036803323338662854	0.004652996130911601
-4.70970970970971	0.03694208817709651	0.004620080999377392
-4.6996996996997	0.03709837482908941	0.004592264495784956
-4.68968968968969	0.037273109295455104	0.004569380176169339
-4.67967967967968	0.03746722520217895	0.004551286651860143
-4.66966966966967	0.03768166955021329	0.004537865996547575
-4.65965965965966	0.037917408522330755	0.0045290224154633
-4.64964964964965	0.03817543336247698	0.004524681151938042
-4.63963963963964	0.038456766347943525	0.004524787611197025
-4.62962962962963	0.0387624668788888	0.004529306685062819
-4.61961961961962	0.039093637713354924	0.00453822226496727
-4.60960960960961	0.03945143137994851	0.0045515369338836155
-4.5995995995996	0.039837056803288695	0.004569271830534348
-4.58958958958959	0.040251786180887414	0.004591466682309413
-4.57957957957958	0.04069696215329837	0.004618180005758202
-4.56956956956957	0.04117400531229252	0.0046494894761140125
-4.55955955955956	0.04168442209541212	0.004685492470121108
-4.54954954954955	0.04222981311817445	0.004726306788972881
-4.53953953953954	0.04281188199897794	0.004772071570891602
-4.52952952952953	0.043432444734830954	0.004822948406168145
-4.51951951951952	0.04409343968987931	0.004879122670635019
-4.50950950950951	0.04479693826244663	0.0049408050971385
-4.4994994994995	0.04554515629989087	0.005008233608850745
-4.48948948948949	0.04634046633423676	0.00508167544288307
-4.47947947947948	0.0471854107156344	0.005161429598021754
-4.46946946946947	0.048082715723570146	0.005247829646620849
-4.45945945945946	0.04903530673930207	0.0053412469580342735
-4.44944944944945	0.05004632456499938	0.005442094389402417
-4.43943943943944	0.05111914297691711	0.005550830509653298
-4.42942942942943	0.052257387600012806	0.005667964434572422
-4.41941941941942	0.05346495618977237	0.005794061364776774
-4.40940940940941	0.05474604040303662	0.00592974893564982
-4.3993993993994	0.05610514913244652	0.006075724508294667
-4.38938938938939	0.05754713346701828	0.006232763555476964
-4.37937937937938	0.05907721332480954	0.006401729325854829
-4.36936936936937	0.06070100577856865	0.006583584006133815
-4.35935935935936	0.062424555061582315	0.006779401644752005
-4.34934934934935	0.06425436419542845	0.006990383154656459
-4.33933933933934	0.06619742812038569	0.007217873779398512
-4.32932932932933	0.06826126812942603	0.007463383488625461
-4.31931931931932	0.07045396730369015	0.007728610871676699
-4.3093093093093096	0.07278420651373811	0.008015471225151713
-4.2992992992992995	0.07526130038170063	0.008326129690559594
-4.2892892892892895	0.07789523238435454	0.008663040500037345
-4.2792792792792795	0.08069668800739183	0.009028993644300296
-4.2692692692692695	0.08367708452434311	0.009427170603711243
-4.2592592592592595	0.08684859555692596	0.009861211202944895
-4.2492492492492495	0.09022416806045275	0.010335294191690226
-4.2392392392392395	0.09381752875436333	0.010854234858510389
-4.2292292292292295	0.09764317626339458	0.011423603908503388
-4.2192192192192195	0.10171635433621183	0.012049873053315471
-4.2092092092092095	0.10605300044818279	0.012740594382615206
-4.1991991991991995	0.1106696628671121	0.01350462275927551
-4.1891891891891895	0.11558337786564904	0.014352393420886603
-4.1791791791791795	0.12081149722079167	0.015296270986801915
-4.1691691691691695	0.12637145449440215	0.016350991610557097
-4.1591591591591595	0.13228045692214102	0.017534227744003143
-4.1491491491491495	0.1385550881901727	0.018867315876038997
-4.1391391391391394	0.14521080616070553	0.020376203165794974
-4.129129129129129	0.15226131902718293	0.022092691393452754
-4.119119119119119	0.15971782386362346	0.02405608966472926
-4.109109109109109	0.16758809364310906	0.026315436479717097
-4.099099099099099	0.17587540324202267	0.02893252624090657
-4.089089089089089	0.18457729255027203	0.03198609007254614
-4.079079079079079	0.19368417646668265	0.03557766128620153
-4.069069069069069	0.20317782811247248	0.03983994563732801
-4.059059059059059	0.21302978361951685	0.044948992976325236
-4.049049049049049	0.2231997443529911	0.05114227075085014
-4.039039039039039	0.23363408444427922	0.05874613552250917
-4.029029029029029	0.24426460564972596	0.06821870078927113
-4.019019019019019	0.2550077135676996	0.08021874894639656
-4.009009009009009	0.26576421285272117	0.09572033219837067
-3.998998998998999	0.27641992616303085	0.11621093604024657
-3.988988988988989	0.2868473232318702	0.1440500067906459
-3.978978978978979	0.2969082947202229	0.18315296146654025
-3.968968968968969	0.3064581160986169	0.24038067418898043
-3.958958958958959	0.31535052206317654	0.32858109831009
-3.948948948948949	0.3234436633039739	0.4738661918050038
-3.938938938938939	0.3306065658027627	0.734894267021584
-3.928928928928929	0.3367255864577578	1.2591981856998893
-3.918918918918919	0.341710287501687	2.4419527517560695
-3.908908908908909	0.34549815929872646	4.871700473004041
-3.898898898898899	0.34805771581778994	5.573607417709536
-3.888888888888889	0.34938965946684236	3.035264274538027
-3.878878878878879	0.3495260337217861	1.5327430665027182
-3.868868868868869	0.34852751292665074	0.8734613366780826
-3.858858858858859	0.346479177192652	0.5546621122799981
-3.848848848848849	0.3434852541739787	0.38136350260992447
-3.838838838838839	0.3396633628706734	0.2779391788119655
-3.828828828828829	0.3351387700152153	0.21164340583408792
-3.818818818818819	0.3300390842729733	0.16673221489164142
-3.808808808808809	0.3244896925961123	0.1349512877062062
-3.798798798798799	0.3186101124474249	0.11165793278178832
-3.7887887887887888	0.31251131419959083	0.09408656852131848
-3.7787787787787788	0.30629397308283635	0.08050970671647431
-3.7687687687687688	0.3000475450103682	0.06980452188520374
-3.7587587587587588	0.29385002459442183	0.06121616960301476
-3.7487487487487487	0.2877682318598281	0.054222291741411785
-3.7387387387387387	0.2818584800301463	0.048452235230553614
-3.7287287287287287	0.27616749373599575	0.0436371646542151
-3.7187187187187187	0.2707334694946524	0.03957828989127679
-3.7087087087087087	0.26558719416733206	0.03612607381042574
-3.6986986986986987	0.26075315957211426	0.03316629339243367
-3.6886886886886887	0.25625063098897044	0.030610491784594143
-3.6786786786786787	0.25209464331104775	0.028389310217743643
-3.6686686686686687	0.24829691105746104	0.02644774898608468
-3.6586586586586587	0.24486664770000952	0.024741745515990184
-3.6486486486486487	0.24181129627602524	0.02323566745148924
-3.6386386386386387	0.23913717760919126	0.0219004515953097
-3.6286286286286287	0.23685006515999937	0.020712205404762568
-3.6186186186186187	0.23495569703028202	0.019651144231778415
-3.6086086086086087	0.23346023632388138	0.01870077529603503
-3.5985985985985987	0.2323706912108067	0.017847265067756336
-3.5885885885885886	0.2316953058772994	0.0170789444487164
-3.5785785785785786	0.23144393322961773	0.01638591851512142
-3.5685685685685686	0.2316283998692295	0.015759756341642086
-3.5585585585585586	0.23226287354382955	0.015193242692974916
-3.5485485485485486	0.2333642430454441	0.01468017790342882
-3.5385385385385386	0.23495252038865405	0.014215215579982713
-3.5285285285285286	0.23705127504610454	0.013793730210332134
-3.5185185185185186	0.23968811000565374	0.013411708579258795
-3.5085085085085086	0.2428951893642887	0.013065660264833951
-3.4984984984984986	0.2467098269565846	0.012752543522029957
-3.4884884884884886	0.2511751449236435	0.01246970365165517
-3.4784784784784786	0.2563408098352806	0.012214821560170147
-3.4684684684684686	0.26226385148858655	0.011985870685951635
-3.4584584584584586	0.26900956506090967	0.011781080834135314
-3.4484484484484486	0.2766524897466042	0.011598907749414751
-3.4384384384384385	0.2852774446306494	0.011438007483069649
-3.4284284284284285	0.29498058277458994	0.011297214790612615
-3.4184184184184185	0.30587039350922257	0.011175524940661562
-3.4084084084084085	0.31806853519755146	0.011072078431517224
-3.3983983983983985	0.3317103083021431	0.010986148206093692
-3.3883883883883885	0.3469444703501542	0.010917129032456393
-3.3783783783783785	0.3639319354087847	0.010864528780877519
-3.3683683683683685	0.38284267213182027	0.010827961380757123
-3.3583583583583585	0.40384979524152403	0.01080714128535321
-3.3483483483483485	0.4271194178579322	0.010801879310370018
-3.3383383383383385	0.4527942963940874	0.010812079745280001
-3.3283283283283285	0.48096870354469284	0.010837738665930595
-3.3183183183183185	0.511651460477662	0.010878943403647055
-3.3083083083083085	0.5447139976446412	0.010935873151094774
-3.2982982982982985	0.5798213723138148	0.011008800709468495
-3.2882882882882885	0.616347462071691	0.011098095405719094
-3.2782782782782784	0.6532825362709939	0.011204227233386519
-3.2682682682682684	0.6891532329079469	0.011327772297003111
-3.2582582582582584	0.7219907512744588	0.01146941966878756
-3.2482482482482484	0.7493970149663531	0.011629979798555191
-3.2382382382382384	0.768757705790355	0.011810394654152411
-3.2282282282282284	0.7776185801074157	0.012011749812383803
-3.2182182182182184	0.7741708889971999	0.012235288769797644
-3.2082082082082084	0.7577074986398543	0.012482429802064163
-3.1981981981981984	0.7288715715877704	0.012754785771168297
-3.1881881881881884	0.689576354219939	0.01305418736527831
-3.1781781781781784	0.6426137555072897	0.013382710360183547
-3.1681681681681684	0.5911038068400952	0.01374270761832485
-3.1581581581581584	0.5379796733035405	0.014136846698515169
-3.1481481481481484	0.4856432330636881	0.014568154143458427
-3.1381381381381384	0.4358251193707893	0.015040067754104533
-3.1281281281281283	0.3896063446668975	0.015556498462636672
-3.118118118118118	0.347530862416499	0.01612190379712539
-3.108108108108108	0.30974747735278074	0.01674137541346964
-3.098098098098098	0.2761426202754802	0.017420743784888573
-3.088088088088088	0.2464468979988136	0.01816670392635062
-3.078078078078078	0.22031227371807946	0.018986967046328383
-3.068068068068068	0.19736361367544056	0.019890444334797405
-3.058058058058058	0.17723056075360108	0.020887470816492296
-3.048048048048048	0.1595655215955345	0.02199007946140589
-3.038038038038038	0.1440524571144861	0.02321233874459438
-3.028028028028028	0.1304099196518995	0.02457077085627263
-3.018018018018018	0.11839070536576891	0.026084873165233894
-3.008008008008008	0.10777967282022081	0.02777777288299612
-2.997997997997998	0.09839070061373345	0.029677054956195142
-2.987987987987988	0.09006336783434346	0.03181581718754704
-2.977977977977978	0.08265968903129713	0.034234026163216164
-2.967967967967968	0.0760610773018502	0.036980275306066686
-2.957957957957958	0.07016561317088094	0.040114086164626264
-2.947947947947948	0.06488564096212815	0.043708951861672445
-2.937937937937938	0.06014568340570907	0.04785640680199614
-2.9279279279279278	0.05588064956285735	0.05267153410616764
-2.9179179179179178	0.052034304562358163	0.05830051576691259
-2.9079079079079078	0.048557968244452646	0.06493112969718029
-2.8978978978978978	0.04540941120743407	0.07280756899921345
-2.8878878878878878	0.04255191951702773	0.08225171585014618
-2.8778778778778777	0.03995350262808745	0.09369424554400929
-2.8678678678678677	0.03758622241445128	0.10772102594853859
-2.8578578578578577	0.03542562435603044	0.1251438803140289
-2.8478478478478477	0.03345025477968329	0.14711116297223603
-2.8378378378378377	0.03164125055078003	0.17528523107496957
-2.8278278278278277	0.029981989771067148	0.21213574531284607
-2.8178178178178177	0.028457793877806194	0.2614399972871567
-2.8078078078078077	0.027055673095093182	0.3291653492719751
-2.7977977977977977	0.025764108495710092	0.4250776925863788
-2.7877877877877877	0.02457286502690892	0.5657525103510236
-2.7777777777777777	0.023472830768613295	0.7802352065830177
-2.7677677677677677	0.022455878455576946	1.1199391573171504
-2.7577577577577577	0.021514745931229547	1.6697374632614268
-2.7477477477477477	0.02064293273156045	2.5200752918183595
-2.7377377377377377	0.019834610439731015	3.528457013263284
-2.7277277277277276	0.019084544821231543	3.920991667881142
-2.7177177177177176	0.01838802805806043	3.250238626913492
-2.7077077077077076	0.01774081965859831	2.2887030841911176
-2.6976976976976976	0.01713909483579008	1.5671182461542728
-2.6876876876876876	0.01657939932830552	1.1034679622776864
-2.6776776776776776	0.016058609791217104	0.8090361148603437
-2.6676676676676676	0.015573899011999367	0.6165013609030885
-2.6576576576576576	0.015122705315454937	0.4857602945609993
-2.6476476476476476	0.014702705612986028	0.39370874267872885
-2.6376376376376376	0.01431179162970875	0.3267865562909214
-2.6276276276276276	0.013948048908008676	0.276770508025744
-2.6176176176176176	0.013609738242948657	0.23849641619971526
-2.6076076076076076	0.01329527925231165	0.20861158567053317
-2.5975975975975976	0.013003235824976004	0.1848724210612948
-2.5875875875875876	0.01273230322647606	0.16573618577663476
-2.5775775775775776	0.012481296670269752	0.15011608114823646
-2.5675675675675675	0.012249141189646252	0.13722984200771257
-2.5575575575575575	0.0120348626670125	0.12650351842430194
-2.5475475475475475	0.011837579896984668	0.11750876345438636
-2.5375375375375375	0.011656497576442309	0.10992100743344656
-2.5275275275275275	0.011490900129722193	0.10349097190794304
-2.5175175175175175	0.011340146289380392	0.09802489474630098
-2.5075075075075075	0.011203664365259828	0.09337056083007465
-2.4974974974974975	0.011080948144270174	0.08940727450306929
-2.4874874874874875	0.010971553372444964	0.0860385540731399
-2.4774774774774775	0.010875094779464294	0.08318673517929567
-2.4674674674674675	0.010791243613219585	0.08078893129098795
-2.4574574574574575	0.010719725659331283	0.07879397068349539
-2.4474474474474475	0.010660319727149236	0.07716004292063537
-2.4374374374374375	0.010612856590515925	0.07585286445621431
-2.4274274274274275	0.01057721837794169	0.07484422513453122
-2.4174174174174174	0.010553338413391598	0.074110813210582
-2.4074074074074074	0.010541201515749367	0.07363324125615499
-2.3973973973973974	0.01054084477193947	0.07339521242329441
-2.3873873873873874	0.010552358806697864	0.0733827783418776
-2.3773773773773774	0.010575889579837272	0.07358364808810255
-2.3673673673673674	0.010611640751780681	0.07398651343372885
-2.3573573573573574	0.010659876668385951	0.07458036004728484
-2.3473473473473474	0.010720926028204398	0.07535373852145172
-2.3373373373373374	0.01079518630967884	0.07629397421871854
-2.3273273273273274	0.010883129051796928	0.07738630235025387
-2.3173173173173174	0.010985306101589513	0.07861292609004236
-2.3073073073073074	0.011102356964692184	0.0799520127367607
-2.2972972972972974	0.011235017422839746	0.08137666776329544
-2.2872872872872874	0.011384129615507802	0.08285396018428307
-2.2772772772772774	0.011550653823243669	0.08434411450007888
-2.2672672672672673	0.01173568223902596	0.08580003087446421
-2.2572572572572573	0.011940455074087008	0.0871673376556643
-2.2472472472472473	0.012166379418554309	0.08838520423516748
-2.2372372372372373	0.012415051367711151	0.0893881273080663
-2.2272272272272273	0.01268828203862647	0.09010882788786609
-2.2172172172172173	0.012988128242310517	0.0904822448655729
-2.2072072072072073	0.013316928754427877	0.09045038781940838
-2.1971971971971973	0.01367734735044464	0.0899675527191481
-2.1871871871871873	0.014072424055966455	0.08900517847091688
-2.1771771771771773	0.014505636424236362	0.08755551784871995
-2.1671671671671673	0.014980973119061923	0.08563338554247053
-2.1571571571571573	0.015503022683243843	0.08327554485332973
-2.1471471471471473	0.016077081156274174	0.08053773961716629
-2.1371371371371373	0.01670928323332369	0.07748984107558324
-2.1271271271271273	0.017406763015655573	0.07420991893002057
-2.1171171171171173	0.018177852212926768	0.07077816772288202
-2.1071071071071072	0.01903232608926908	0.06727151402095169
-2.0970970970970972	0.01998171074217296	0.0637594637310915
-2.0870870870870872	0.021039669817189955	0.06030142610677875
-2.0770770770770772	0.022222495004165073	0.05694546568108978
-2.067067067067067	0.02354973339075487	0.05372824061243218
-2.057057057057057	0.025044997100470878	0.05067579739107202
-2.047047047047047	0.026737018339379692	0.04780488846998003
-2.037037037037037	0.02866103867682639	0.04512452931901639
-2.027027027027027	0.03086065926146576	0.04263758413620478
-2.017017017017017	0.033390335380341724	0.04034224293825696
-2.007007007007007	0.03631878513860061	0.03823331470479021
-1.996996996996997	0.039733716074327005	0.03630330720573294
-1.986986986986987	0.04374848583477752	0.03454329454436182
-1.976976976976977	0.04851165699986601	0.03294359112294978
-1.966966966966967	0.054220977400340944	0.03149425914184755
-1.956956956956957	0.06114429261936082	0.03018547904644485
-1.946946946946947	0.06965161479120133	0.02900781102933053
-1.936936936936937	0.08026570274509746	0.02795237254762479
-1.926926926926927	0.09374444551848714	0.027010952980555274
-1.916916916916917	0.11122011776529725	0.026176082713911447
-1.906906906906907	0.1344451840856003	0.025441070461715613
-1.896896896896897	0.16624898479376554	0.024800019678882408
-1.8868868868868869	0.21144014742472744	0.02424783252016068
-1.8768768768768769	0.2787297796179414	0.023780207932991036
-1.8668668668668669	0.38523906864854135	0.023393639082252417
-1.8568568568568569	0.5684542381436459	0.023085414331052857
-1.8468468468468469	0.923726265526399	0.02285362539277966
-1.8368368368368369	1.7541208779740445	0.022697185982630305
-1.8268268268268268	4.4450838853590895	0.022615864312852545
-1.8168168168168168	20.142785050722228	0.0226103330906872
-1.8068068068068068	21.90155162759978	0.02268224131803791
-1.7967967967967968	4.68140407372195	0.022834313210614975
-1.7867867867867868	1.8078815867473839	0.023070481046426297
-1.7767767767767768	0.9408603408981132	0.023396060869311095
-1.7667667667667668	0.5745826031282391	0.023817982939585248
-1.7567567567567568	0.38724704446299085	0.024345092982106797
-1.7467467467467468	0.2789996243800525	0.02498854614757953
-1.7367367367367368	0.2109408462194175	0.02576232395349093
-1.7267267267267268	0.1654201896918852	0.026683916501917197
-1.7167167167167168	0.13350200807242257	0.02777522984025783
-1.7067067067067068	0.11027333173984652	0.029063804373329182
-1.6966966966966968	0.09285290388611425	0.030584469477824533
-1.6866866866866868	0.07946106320774295	0.032381619673287156
-1.6766766766766767	0.0689507341318094	0.034512391890710564
-1.6666666666666667	0.0605557560485833	0.03705117393960129
-1.6566566566566567	0.053748676385291	0.04009612071669388
-1.6466466466466467	0.04815681257981559	0.043778768818167696
-1.6366366366366367	0.043510821395421194	0.04827855675216772
-1.6266266266266267	0.039612149709701595	0.053845339095384664
-1.6166166166166167	0.03631184338005862	0.06083536013613207
-1.6066066066066067	0.033496401762320896	0.06977075395580241
-1.5965965965965967	0.03107812325648856	0.08144198888213976
-1.5865865865865867	0.02898838372135086	0.09709278630391481
-1.5765765765765767	0.027172872280163345	0.11877329974834536
-1.5665665665665667	0.02558815934920933	0.15006265461659454
-1.5565565565565564	0.02419918765612095	0.19767936001061664
-1.5465465465465464	0.02297741316504463	0.27548837867829945
-1.5365365365365364	0.021899410454555863	0.41605602663993796
-1.5265265265265264	0.020945814563498782	0.71174895113594
-1.5165165165165164	0.020100509665866947	1.5178400887987356
-1.5065065065065064	0.01935000093091408	5.316957355787695
-1.4964964964964964	0.01868292380758754	72.87028174081726
-1.4864864864864864	0.018089657443229462	6.487776793427631
-1.4764764764764764	0.01756201775331632	1.6013788470707624
-1.4664664664664664	0.017093011952843053	0.696361188609711
-1.4564564564564564	0.016676640906916923	0.3852321512772038
-1.4464464464464464	0.016307738977818797	0.24354587127571514
-1.4364364364364364	0.015981843492806236	0.16768829376271688
-1.4264264264264264	0.01569508777735823	0.12255511833889285
-1.4164164164164164	0.01544411306463588	0.09363049390046863
-1.4064064064064064	0.01522599562579337	0.07404224092151294
-1.3963963963963963	0.015038186253825287	0.06020048647498858
-1.3863863863863863	0.014878459839369673	0.0500839610219805
-1.3763763763763763	0.014744873245757023	0.042485283833152386
-1.3663663663663663	0.014635730055893938	0.03664788672775185
-1.3563563563563563	0.014549551050094475	0.03207856235562405
-1.3463463463463463	0.014485049500560915	0.02844491996575392
-1.3363363363363363	0.01444111054834506	0.025516511783175842
-1.3263263263263263	0.014416774072456914	0.023129617336634267
-1.3163163163163163	0.01441122057681636	0.02116542339893922
-1.3063063063063063	0.014423759715289221	0.019536083537443526
-1.2962962962962963	0.014453821151359958	0.01817556926779781
-1.2862862862862863	0.01450094751272636	0.017033521460986786
-1.2762762762762763	0.014564789253570253	0.01607102972816931
-1.2662662662662663	0.014645101282165736	0.015257679789353064
-1.2562562562562563	0.014741741248967462	0.014569452332000727
-1.2462462462462462	0.014854669425005516	0.01398720455974895
-1.2362362362362362	0.014983950129937326	0.01349555738991559
-1.2262262262262262	0.015129754699522465	0.013082069520805416
-1.2162162162162162	0.015292366009785828	0.012736617324557943
-1.2062062062062062	0.015472184606974861	0.012450924410006172
-1.1961961961961962	0.015669736524528088	0.012218201391358496
-1.1861861861861862	0.015885682907151102	0.012032867768481
-1.1761761761761762	0.016120831606091533	0.011890335680746383
-1.1661661661661662	0.016376150963590606	0.01178684079895602
-1.1561561561561562	0.016652786069871684	0.011719309523526221
-1.1461461461461462	0.016952077854959148	0.01168525446006684
-1.1361361361361362	0.017275585477460824	0.011682692181873145
-1.1261261261261262	0.01762511259301042	0.011710078787499904
-1.1161161161161162	0.01800273823749698	0.011766259879920853
-1.1061061061061062	0.01841085324906556	0.011850432438568117
-1.0960960960960962	0.018852203389639267	0.011962116706143711
-1.0860860860860861	0.01932994062577003	0.012101136723215469
-1.0760760760760761	0.019847684407370704	0.01226760855592493
-1.0660660660660661	0.020409595267081478	0.012461935607968815
-1.0560560560560561	0.021020463685998435	0.012684810709889657
-1.0460460460460461	0.02168581797988668	0.012937224957947122
-1.0360360360360361	0.022412056018251234	0.013220483548342698
-1.026026026026026	0.02320660698524521	0.013536229138164695
-1.016016016016016	0.024078131252314238	0.0138864735789687
-1.006006006006006	0.025036768933496767	0.014273639233828192
-0.995995995995996	0.026094451091941778	0.014700611527900519
-0.985985985985986	0.027265292221661293	0.015170804927014097
-0.975975975975976	0.028566089085930377	0.015688245231225768
-0.965965965965966	0.03001696003941003	0.016257671964063476
-0.955955955955956	0.03164217179546035	0.016884665811488047
-0.9459459459459459	0.0334712190398655	0.017575807623516446
-0.9359359359359359	0.03554024915191095	0.018338877585601536
-0.9259259259259259	0.03789396400915036	0.019183106014272457
-0.9159159159159159	0.040588190524855024	0.0201194911424851
-0.9059059059059059	0.043693402816510615	0.021161204695503946
-0.8958958958958959	0.04729962112665257	0.022324113700002323
-0.8858858858858859	0.051523338991552356	0.023627457848317768
-0.8758758758758759	0.05651749887703031	0.025094737431208353
-0.8658658658658659	0.06248615262519464	0.026754889811922027
-0.8558558558558559	0.06970650225062082	0.02864386651901395
-0.8458458458458459	0.07856289640576332	0.030806774543914773
-0.8358358358358359	0.08960081587924286	0.0333008246273439
-0.8258258258258259	0.10361550811770212	0.03619945350527719
-0.8158158158158159	0.12180323923158216	0.039598186040753706
-0.8058058058058059	0.14603135692791644	0.04362312954739286
-0.7957957957957958	0.1793471861290638	0.048443542257101686
-0.7857857857857858	0.22700165089038782	0.05429087097811832
-0.7757757757757757	0.29868165371152194	0.061488360769374535
-0.7657657657657657	0.4139073539396203	0.07049851505419755
-0.7557557557557557	0.616992497016624	0.08200184451896386
-0.7457457457457457	1.0272680562883094	0.09703288799238263
-0.7357357357357357	2.0651583005036875	0.11722652790449246
-0.7257257257257257	6.181672957900495	0.1452899478072611
-0.7157157157157157	78.33059546562376	0.1859713119299733
-0.7057057057057057	24.23219126911548	0.24822599707117474
-0.6956956956956957	4.031157694574742	0.350625986371741
-0.6856856856856857	1.5870074880152243	0.5370242214963011
-0.6756756756756757	0.8474489421238212	0.9326023420860653
-0.6656656656656657	0.530321922634643	2.0241577236728205
-0.6556556556556556	0.3662898272231387	7.352346960072755
-0.6456456456456456	0.2708800005413887	356.7138242071798
-0.6356356356356356	0.2107676681084061	10.650326671406564
-0.6256256256256256	0.17066492230264763	2.4837069403698004
-0.6156156156156156	0.14276297524122947	1.0924272372909885
-0.6056056056056056	0.12273897012334921	0.6206403998490142
-0.5955955955955956	0.10804581251923073	0.4061818289342382
-0.5855855855855856	0.09710678185446757	0.29130663321994854
-0.5755755755755756	0.08890666283961335	0.2230166762901806
-0.5655655655655656	0.08277116687734626	0.17945459066144234
-0.5555555555555556	0.07824184177774403	0.1502755807900822
-0.5455455455455456	0.07500215825769602	0.13007430949347185
-0.5355355355355356	0.07283236489895509	0.11580936461005592
-0.5255255255255256	0.0715812215325965	0.10567030459249485
-0.5155155155155156	0.07114804643707118	0.09853294973532135
-0.5055055055055055	0.0714713398143469	0.09367851610863241
-0.4954954954954955	0.07252181654503126	0.09064057807483003
-0.4854854854854855	0.07429859797043765	0.08911812806019269
-0.4754754754754755	0.07682788339047965	0.08892487088294482
-0.46546546546546547	0.08016381450858547	0.08995957477606067
-0.45545545545545546	0.08439156044663622	0.09218952062065855
-0.44544544544544545	0.08963295857894028	0.09564288868483882
-0.43543543543543545	0.09605541374181657	0.10040810752097422
-0.42542542542542544	0.10388526774996476	0.10663964439525077
-0.41541541541541543	0.11342762778990857	0.11457093673778007
-0.40540540540540543	0.1250958992838503	0.12453651658544052
-0.3953953953953954	0.13945639321354858	0.13700726660802573
-0.38538538538538536	0.15729710603316188	0.1526457784097238
-0.37537537537537535	0.1797365646705877	0.17239407452153596
-0.36536536536536535	0.20840152842960463	0.19761572628215718
-0.35535535535535534	0.24572798324082284	0.23033337040705276
-0.34534534534534533	0.2954936184498398	0.27364143005572006
-0.3353353353353353	0.36380987963171196	0.33245801894473437
-0.3253253253253253	0.46108970201666266	0.4149756142340644
-0.3153153153153153	0.6062640770864213	0.5356638903418939
-0.3053053053053053	0.8367474766610954	0.7220586907554543
-0.2952952952952953	1.2352272463553637	1.0319658702983558
-0.2852852852852853	2.0157361695721243	1.6043247287350604
-0.2752752752752753	3.885020427059218	2.8470597664015505
-0.2652652652652653	10.456817433436134	6.430098637057101
-0.2552552552552553	80.72267992315231	26.195820498171184
-0.24524524524524524	115.2551991086458	1888.4939040246275
-0.23523523523523523	11.780986838662882	23.149228385037276
-0.22522522522522523	4.1540923678501676	6.0220971327213775
-0.21521521521521522	2.104344174705702	2.715907841204016
-0.20520520520520522	1.2713887185303165	1.5434200759562064
-0.19519519519519518	0.8531742040241623	0.9974232176431651
-0.18518518518518517	0.6141349882640352	0.6999507103593812
-0.17517517517517517	0.464979708503589	0.5203907483695098
-0.16516516516516516	0.3658361661842246	0.40389917217737065
-0.15515515515515516	0.2967278252005463	0.32418403249130734
-0.14514514514514515	0.2467514937696654	0.26736474842349967
-0.13513513513513514	0.2095484850273488	0.2255540855131436
-0.12512512512512514	0.18120942126330375	0.19400315364295123
-0.11511511511511512	0.159225339404243	0.16971595631762573
-0.10510510510510511	0.14192800045963225	0.15072862446473745
-0.09509509509509509	0.12817508572965744	0.1357124636203746
-0.08508508508508508	0.11716513821429018	0.12374471298138288
-0.07507507507507508	0.10832463167007096	0.11417075772612938
-0.06506506506506507	0.10123683411402692	0.10651846027506424
-0.055055055055055056	0.0955957880969496	0.10044336106313409
-0.04504504504504504	0.09117588962918467	0.09569280533598891
-0.035035035035035036	0.0878114581669101	0.092082052508728
-0.025025025025025027	0.08538290638422963	0.08947821731081765
-0.015015015015015015	0.08380741921709882	0.08778950945806045
-0.005005005005005005	0.0830328430134834	0.08695821072459546
0.005005005005005005	0.08303398792940271	0.08695643830037822
0.015015015015015015	0.08381088484376034	0.08778414954085047
0.025025025025025027	0.08538878712186594	0.08946913962371826
0.035035035035035036	0.08781991740456331	0.09206903187921535
0.04504504504504504	0.0911871694748487	0.09567550877377638
0.055055055055055056	0.09561022440111627	0.10042132781502928
0.06506506506506507	0.10125487846478348	0.10649107263236653
0.07507507507507508	0.10834688298750086	0.1141371990929244
0.08508508508508508	0.11719238803527918	0.123703907750887
0.09509509509509509	0.12820838361422981	0.13566299025292683
0.10510510510510511	0.1419687498150898	0.15066858791747723
0.11511511511511512	0.15927544062413215	0.1696427969489832
0.12512512512512514	0.1812714907503688	0.19391335360083276
0.13513513513513514	0.2096262001317092	0.22544270363943616
0.14514514514514515	0.24685015493234921	0.2672246562651794
0.15515515515515516	0.2968553101068554	0.3240046036645289
0.16516516516516516	0.36600463038283376	0.4036639128796412
0.17517517517517517	0.46520880266989917	0.520072728314464
0.18518518518518517	0.6144584143798822	0.6995030072965222
0.19519519519519518	0.8536544131903085	0.9967567094731246
0.20520520520520522	1.2721543366989299	1.5423438671365841
0.21521521521521522	2.105704081598187	2.7139324689793076
0.22522522522522523	4.156994620685901	6.0175242750870686
0.23523523523523523	11.790074514832698	23.130850603852252
0.24524524524524524	115.3629026213091	1889.5949220795203
0.2552552552552553	80.76108274227198	26.175735761866257
0.2652652652652653	10.46441421005404	6.424733663927829
0.2752752752752753	3.888197171372033	2.8445657016085613
0.2852852852852853	2.017530595586342	1.6028591101227028
0.2952952952952953	1.236412728266473	1.030984903431565
0.3053053053053053	0.8376099922616379	0.7213450525893177
0.3153153153153153	0.6069342852893428	0.5351135496421295
0.3253253253253253	0.4616361069648796	0.41453236761738577
0.3353353353353353	0.364272079923234	0.332088729676253
0.34534534534534533	0.29589625285984666	0.2733252152372895
0.35535535535535534	0.2460873047827389	0.2300563519886998
0.36536536536536535	0.20872879186860618	0.19736826606367525
0.37537537537537535	0.18003989973077017	0.17216921915151603
0.38538538538538536	0.15758261511993646	0.15243833616238936
0.3953953953953954	0.13972882736853495	0.13681323309456447
0.40540540540540543	0.12535909327873204	0.12435270215807007
0.41541541541541543	0.11368479220975966	0.11439471471198545
0.42542542542542544	0.10413919367099468	0.10646877345805905
0.43543543543543545	0.09630862308340837	0.10024060009954709
0.44544544544544545	0.08988782075966456	0.09547690722063551
0.45545545545545546	0.08465038892885439	0.09202328930942205
0.46546546546546547	0.08042895282243455	0.08979129722762688
0.4754754754754755	0.07710178808333386	0.08875264519479187
0.4854854854854855	0.07458392500054818	0.08893985027724338
0.4954954954954955	0.07282151765366877	0.09045382276464231
0.5055055055055055	0.07178877629634603	0.0934803781354863
0.5155155155155156	0.0714871296145683	0.09831982275527729
0.5255255255255256	0.07194659244499123	0.10543755624047854
0.5355355355355356	0.07322963088291409	0.11555083949673292
0.5455455455455456	0.07543821230361678	0.12978153548730909
0.5555555555555556	0.07872530374358949	0.1499364411986256
0.5655655655655656	0.0833130072513088	0.17905098133811845
0.5755755755755756	0.08952110606738509	0.22252009967253253
0.5855855855855856	0.09781264920238329	0.29066923234334674
0.5955955955955956	0.10886857755181197	0.40531619839210636
0.6056056056056056	0.12371401168148954	0.619367535055648
0.6156156156156156	0.14394092904492398	1.0903140785489536
0.6256256256256256	0.1721208979607455	2.4793897321515272
0.6356356356356356	0.21261802439666447	10.63741089218599
0.6456456456456456	0.27331502334263386	356.01176172340615
0.6556556556556556	0.36964309267244666	7.333781822368003
0.6656656656656657	0.535235026536341	2.0197351060925595
0.6756756756756757	0.8553277848836723	0.9307283858228469
0.6856856856856857	1.6016059075088254	0.536013203390797
0.6956956956956957	4.06650990232673	0.35000272524300813
0.7057057057057057	24.38621566640971	0.2478077729575935
0.7157157157157157	79.15079965351902	0.1856736611631357
0.7257257257257257	6.250363079783109	0.145068724474763
0.7357357357357357	2.087318308337742	0.1170565340067923
0.7457457457457457	1.0380505196009957	0.09689875340493737
0.7557557557557557	0.6233526700675347	0.0818936944017627
0.7657657657657657	0.4181004911200001	0.07040973483046008
0.7757757757757757	0.3016529557839762	0.06141436518018532
0.7857857857857858	0.2292156829395746	0.0542283890103816
0.7957957957957958	0.18105860510472663	0.048390182929039724
0.8058058058058059	0.14739131337555433	0.04357710818360039
0.8158158158158159	0.12290704802929939	0.039558146097881816
0.8258258258258259	0.10452620212529268	0.036164347329800756
0.8358358358358359	0.09036170423760753	0.033269831691628185
0.8458458458458459	0.07920468185237196	0.030779244168490073
0.8558558558558559	0.07025152211806636	0.02861927697716348
0.8658658658658659	0.06295101418626758	0.02673281863150612
0.8758758758758759	0.05691477643615575	0.0250748394965055
0.8858858858858859	0.05186270095354783	0.02360944903000319
0.8958958958958959	0.047588598946970685	0.022307758465411155
0.9059059059059059	0.043937928301642566	0.02114630662610966
0.9159159159159159	0.04079297940489513	0.02010588560302207
0.9259259259259259	0.03806279515874444	0.019170654434273293
0.9359359359359359	0.035676171534762074	0.018327462963579958
0.9459459459459459	0.03357670767884713	0.017565330967905267
0.955955955955956	0.03171924719613769	0.016875043307850304
0.965965965965966	0.03006728100953825	0.016248832710804493
0.975975975975976	0.02859102590926363	0.015680129425539837
0.985985985985986	0.027265985119367717	0.015163362411084284
0.995995995995996	0.026071857509058476	0.014693800627486101
1.006006006006006	0.024991702208958293	0.014267425836911152
1.016016016016016	0.02401129253754043	0.01388083041510566
1.026026026026026	0.023118611777198057	0.013531135228753264
1.0360360360360361	0.022303456310519436	0.013215923805367106
1.0460460460460461	0.021557120773662588	0.012933189915749446
1.0560560560560561	0.02087214640989418	0.012681296379222152
1.0660660660660661	0.020242118516506417	0.01245894344637867
1.0760760760760761	0.019661502315035655	0.01226514555299422
1.0860860860860861	0.01912550910601466	0.012099215602971603
1.0960960960960962	0.018629986453306324	0.01196075625325218
1.1061061061061062	0.01817132755714364	0.011849657959655887
1.1161161161161162	0.017746396046411986	0.011766103816077195
1.1261261261261262	0.017352463237559547	0.011710581500124701
1.1361361361361362	0.01698715553753155	0.011683902941442184
1.1461461461461462	0.01664841015519527	0.011687232675705272
1.1561561561561562	0.016334437665903992	0.011722126262808576
1.1661661661661662	0.016043690272214594	0.011790580661458619
1.1761761761761762	0.015774834839013353	0.011895099107070062
1.1861861861861862	0.015526729967311208	0.012038773890588541
1.1961961961961962	0.015298406519298197	0.012225391561549403
1.2062062062062062	0.015089051125911362	0.012459566588137284
1.2162162162162162	0.0148979923027058	0.012746911559823972
1.2262262262262262	0.01472468887731839	0.013094254841568996
1.2362362362362362	0.014568720494130896	0.013509920521263537
1.2462462462462462	0.01442978001401368	0.014004091035972287
1.2562562562562563	0.014307667670400091	0.014589280778850865
1.2662662662662663	0.014202286881182084	0.01528096044643163
1.2762762762762763	0.01411364164948578	0.016098388709357876
1.2862862862862863	0.014041835518037435	0.017065732877035087
1.2962962962962963	0.013987072072312017	0.01821359826870005
1.3063063063063063	0.013949657018586971	0.019581144748140777
1.3163163163163163	0.013930001895757755	0.021219061410836834
1.3263263263263263	0.013928629515732881	0.023193819375699053
1.3363363363363363	0.013946181266930365	0.02559386826736897
1.3463463463463463	0.013983426462507938	0.028538857948639286
1.3563563563563563	0.014041273968594965	0.0321936927249842
1.3663663663663663	0.014120786412998725	0.03679053407557957
1.3763763763763763	0.014223197352668387	0.04266431937653247
1.3863863863863863	0.014349931873178704	0.05031215754326951
1.3963963963963963	0.014502631209948599	0.060496812804825655
1.4064064064064064	0.014683182125435719	0.07443593755192948
1.4164164164164164	0.014893751956642956	0.09416874266504441
1.4264264264264264	0.015136830473383213	0.12331854141377314
1.4364364364364364	0.01541527997440598	0.1688252312463394
1.4464464464464464	0.015732395413577214	0.245357696891109
1.4564564564564564	0.016091976816660653	0.38842297382793006
1.4664664664664664	0.01649841685482858	0.7029648230224163
1.4764764764764764	0.016956807229954123	1.6198369555169188
1.4864864864864864	0.017473068560832757	6.593537521126143
1.4964964964964964	0.018054109827996555	71.81720088963804
1.5065065065065064	0.018708025258595603	5.2972005476372654
1.5165165165165164	0.01944433898628264	1.5204661524125438
1.5265265265265264	0.020274311151168116	0.7145183399709463
1.5365365365365364	0.021211323669136244	0.418198520399539
1.5465465465465464	0.022271370221040733	0.2771527982981452
1.5565565565565564	0.023473683864015646	0.199014088890715
1.5665665665665667	0.024841548209057176	0.15116723667074067
1.5765765765765767	0.026403356107705108	0.11971267434810558
1.5865865865865867	0.02819400597279584	0.09791026706952496
1.5965965965965967	0.03025676451187363	0.08216738117302204
1.6066066066066067	0.032645782631556784	0.07042521569969087
1.6166166166166167	0.03542953975885412	0.06143434995106036
1.6266266266266267	0.03869562944598035	0.05440045237111173
1.6366366366366367	0.042557517624839426	0.04879870291491495
1.6466466466466467	0.047164259757557135	0.04427094780186775
1.6566566566566567	0.05271475416016326	0.04056594879194983
1.6666666666666667	0.05947912093278805	0.03750324861650216
1.6766766766766767	0.06783158415931387	0.03495055095799474
1.6866866866866868	0.07830250724081336	0.03280912904793306
1.6966966966966968	0.09166346215666822	0.031004162233487505
1.7067067067067068	0.10907163207337116	0.029478185704994445
1.7167167167167168	0.13232593962459427	0.028186557907294282
1.7267267267267268	0.164345617298336	0.027094265979874847
1.7367367367367368	0.21012226981789794	0.02617363707487836
1.7467467467467468	0.2787656767871706	0.025402674636332848
1.7567567567567568	0.38834876821002373	0.024763833348086822
1.7667667667667668	0.5789330822151209	0.024243106948921032
1.7767767767767768	0.9542004130706525	0.023829342547367686
1.7867867867867868	1.8525342273549856	0.023513721241350212
1.7967967967967968	4.892287960444201	0.023289362502897926
1.8068068068068068	23.56812061187406	0.02315102187798905
1.8168168168168168	18.697518187100666	0.02309485993942107
1.8268268268268268	4.234105122564841	0.023118266316682054
1.8368368368368369	1.7001304556329346	0.023219726794363897
1.8468468468468469	0.9039027161297806	0.023398724431890516
1.8568568568568569	0.5597484657849138	0.023655667757718338
1.8668668668668669	0.3810962860230038	0.023991840553618592
1.8768768768768769	0.27675462952006125	0.02440936871852497
1.8868868868868869	0.21060095700074247	0.024911200277462874
1.896896896896897	0.16604726941959325	0.025501094829843616
1.906906906906907	0.13461891597569922	0.026183618632431273
1.916916916916917	0.11162250665767362	0.026964141077856014
1.926926926926927	0.09428912046927208	0.027848827533566472
1.936936936936937	0.08089986482999757	0.028844622303133862
1.946946946946947	0.07034201778184031	0.029959213808623653
1.956956956956957	0.061869526780678086	0.031200971917469317
1.966966966966967	0.05496703214921398	0.03257884461494612
1.976976976976977	0.04926927295429377	0.03410219797512295
1.986986986986987	0.04451152406162478	0.03578057972603105
1.996996996996997	0.04049812623444479	0.0376233829363909
2.007007007007007	0.03708193715688681	0.039639383046394694
2.017017017017017	0.034150577732729004	0.04183611961738883
2.027027027027027	0.03161702188523101	0.04421909534250435
2.037037037037037	0.029413030112231724	0.04679077128906704
2.047047047047047	0.02748448541171236	0.049549351974757454
2.057057057057057	0.025788026796314516	0.05248738008678002
2.067067067067067	0.024288583622988788	0.055590201494887845
2.0770770770770772	0.022957545416992173	0.05883441796183302
2.0870870870870872	0.021771386657643832	0.06218651481603021
2.0970970970970972	0.02071062171010604	0.06560192409653505
2.1071071071071072	0.01975900233301549	0.06902484130587182
2.1171171171171173	0.018902895486081144	0.07238912776010216
2.1271271271271273	0.01813079659031254	0.07562056853885879
2.1371371371371373	0.017432945566554416	0.07864059430394006
2.1471471471471473	0.016801021587686794	0.08137131529002554
2.1571571571571573	0.01622789863979215	0.0837413997096374
2.1671671671671673	0.015707448445350554	0.08569204079946752
2.1771771771771773	0.015234380558000506	0.0871821008590429
2.1871871871871873	0.014804111842824489	0.0881915779255596
2.1971971971971973	0.014412659345858121	0.08872282464429104
2.2072072072072073	0.01405655190054315	0.08879938722861033
2.2172172172172173	0.013732756837025578	0.08846279207494791
2.2272272272272273	0.013438618935982029	0.08776795178141006
2.2372372372372373	0.01317180936572994	0.08677800750521102
2.2472472472472473	0.012930282802357201	0.08555936635589695
2.2572572572572573	0.012712241292495327	0.08417749138465407
2.2672672672672673	0.012516103699455884	0.08269374494424252
2.2772772772772774	0.01234047979596631	0.08116335005400149
2.2872872872872874	0.012184148242150606	0.0796343635921109
2.2972972972972974	0.012046037828160593	0.07814746122053462
2.3073073073073074	0.011925211473043108	0.0767363056547651
2.3173173173173174	0.01182085256198821	0.07542828604401842
2.3273273273273274	0.011732253277622912	0.0742454555976778
2.3373373373373374	0.011658804640429267	0.0732055409624214
2.3473473473473474	0.011599988022499702	0.07232294022290957
2.3573573573573574	0.011555367938765434	0.07160966202910167
2.3673673673673674	0.0115245859530269	0.07107618508223401
2.3773773773773774	0.011507355564003962	0.0707322358805473
2.3873873873873874	0.011503457959148651	0.0705874949275588
2.3973973973973974	0.01151273854410453	0.07065224940505771
2.4074074074074074	0.01153510417166277	0.07093801529846819
2.4174174174174174	0.011570521008318287	0.07145815554648904
2.4274274274274275	0.011619012988927063	0.07222852411630884
2.4374374374374375	0.011680660820472782	0.0732681699511614
2.4474474474474475	0.011755601505314553	0.0746001404040488
2.4574574574574575	0.011844028363141959	0.07625243203412035
2.4674674674674675	0.011946191538154306	0.078259148705831
2.4774774774774775	0.012062398985664656	0.08066194443567277
2.4874874874874875	0.012193017938969195	0.08351185374401238
2.4974974974974975	0.012338476863901228	0.08687164892028791
2.5075075075075075	0.012499267915647238	0.09081891697748434
2.5175175175175175	0.012675949918090118	0.09545012749235277
2.5275275275275275	0.012869151894010222	0.10088607913800468
2.5375375375375375	0.013079577180774864	0.10727928856412647
2.5475475475475475	0.013308008174358028	0.11482415471754208
2.5575575575575575	0.013555311752709652	0.12377115187360654
2.5675675675675675	0.01382244543853232	0.13444697267471514
2.5775775775775776	0.014110464371806906	0.1472836270947826
2.5875875875875876	0.01442052917332823	0.1628613048623158
2.5975975975975976	0.014753914793337038	0.1819728760970992
2.6076076076076076	0.015112020453279251	0.2057232671058926
2.6176176176176176	0.015496380804804045	0.23568659138812773
2.6276276276276276	0.01590867844867715	0.2741617788963206
2.6376376376376376	0.016350757976374093	0.3246015403619314
2.6476476476476476	0.016824641721610228	0.3923563982392389
2.6576576576576576	0.017332547436220043	0.48600930933900904
2.6676676676676676	0.017876908135683777	0.619842477522891
2.6776776776776776	0.018460394396421293	0.8184640822083316
2.6876876876876876	0.01908593942805507	1.12516963249919
2.6976976976976976	0.01975676729230571	1.61369808438303
2.7077077077077076	0.02047642469556369	2.3815042258907013
2.7177177177177176	0.021248816846567826	3.396849843379975
2.7277277277277276	0.02207824794509711	4.034465562629876
2.7377377377377377	0.022969466954140632	3.5125320048270634
2.7477477477477477	0.02392771940778677	2.4456573626793494
2.7577577577577577	0.024958806123288466	1.602413912470484
2.7677677677677677	0.026069149820406513	1.0713441625668338
2.7777777777777777	0.02726587080684845	0.7464363299981067
2.7877877877877877	0.02855687306888029	0.5419324049473117
2.7977977977977977	0.029950942315000256	0.4078464733603458
2.8078078078078077	0.03145785776036069	0.3163523426442699
2.8178178178178177	0.03308851971589951	0.2516659263705963
2.8278278278278277	0.03485509536204812	0.20450876363894419
2.8378378378378377	0.036771185445531235	0.16921419431284493
2.8478478478478477	0.03885201504319845	0.14219395920827863
2.8578578578578577	0.041114651988311435	0.12110012782585702
2.8678678678678677	0.043578257050809775	0.10435070735545691
2.8778778778778777	0.046264370496294664	0.09085168216147005
2.8878878878878878	0.04919724020266065	0.07982879811201281
2.8978978978978978	0.05240419706054576	0.07072269967701539
2.9079079079079078	0.05591608387566189	0.06312177464747348
2.9179179179179178	0.05976774435185694	0.05671808365352773
2.9279279279279278	0.06399857884169269	0.051277791369754216
2.937937937937938	0.0686531732265982	0.046620924559503917
2.947947947947948	0.07378200625291345	0.04260725908488797
2.957957957957958	0.07944223850125358	0.03912631442055413
2.967967967967968	0.08569858230919984	0.03609015096574568
2.977977977977978	0.09262424554930239	0.033428111777066005
2.987987987987988	0.10030193197206749	0.031082933930544565
2.997997997997998	0.10882486516254966	0.02900783829312527
3.008008008008008	0.1182977797094808	0.0271643273817092
3.018018018018018	0.128837788856788	0.02552050189374712
3.028028028028028	0.14057498873661417	0.02404976144862484
3.038038038038038	0.1536525904768814	0.022729792927080137
3.048048048048048	0.16822627778413754	0.021541776202014425
3.058058058058058	0.1844623643556806	0.020469755701015682
3.068068068068068	0.20253417085111947	0.019500139558295247
3.078078078078078	0.22261586047489623	0.01862129772695568
3.088088088088088	0.24487278534080276	0.017823237431107784
3.098098098098098	0.2694472484662063	0.017097339495256523
3.108108108108108	0.2964385653422875	0.016436142918514876
3.118118118118118	0.32587655810820476	0.01583316792878264
3.1281281281281283	0.3576883403655877	0.015282769916624073
3.1381381381381384	0.39165969420045016	0.014780018294208724
3.1481481481481484	0.4273946913582057	0.014320595585437326
3.1581581581581584	0.46428041198777104	0.0139007130253487
3.1681681681681684	0.5014670848123223	0.013517039701277971
3.1781781781781784	0.5378763470478501	0.01316664285758436
3.1881881881881884	0.5722495118628959	0.012846937448590072
3.1981981981981984	0.6032416760191053	0.012555643390184692
3.2082082082082084	0.6295557229293268	0.012290749251350213
3.2182182182182184	0.6500955233823515	0.012050481358993803
3.2282282282282284	0.6641060183578422	0.01183327747617511
3.2382382382382384	0.6712661951475676	0.01163776436463253
3.2482482482482484	0.671712191802018	0.011462738664816334
3.2582582582582584	0.6659880023463263	0.011307150626897298
3.2682682682682684	0.6549415049803845	0.011170090308499579
3.2782782782782784	0.6395952476356379	0.011050775922999495
3.2882882882882885	0.6210214436425503	0.010948544079411248
3.2982982982982985	0.6002418503778746	0.01086284170258274
3.3083083083083085	0.5781614083688676	0.010793219463802295
3.3183183183183185	0.5555346246579494	0.01073932658690949
3.3283283283283285	0.5329579145948264	0.010700906926524988
3.3383383383383385	0.5108792915537957	0.010677796242833458
3.3483483483483485	0.4896175667173692	0.01066992062308979
3.3583583583583585	0.469385152475106	0.01067729602450963
3.3683683683683685	0.450310644808825	0.010700028936730516
3.3783783783783785	0.4324590832306483	0.010738318186119785
3.3883883883883885	0.4158490031985908	0.010792457928879447
3.3983983983983985	0.4004661498241995	0.010862841906462332
3.4084084084084085	0.38627412755691387	0.010949969066284964
3.4184184184184185	0.3732224359310412	0.01105445068341601
3.4284284284284285	0.3612523801338587	0.011177019157160779
3.4384384384384385	0.3503013121330665	0.011318538700820167
3.4484484484484486	0.3403055941395264	0.011480018195870299
3.4584584584584586	0.33120260453092887	0.011662626545296192
3.4684684684684686	0.3229320388946802	0.011867710937894781
3.4784784784784786	0.31543670062107326	0.012096818530065879
3.4884884884884886	0.30866292778663545	0.012351722168084034
3.4984984984984986	0.30256076533458326	0.012634450918751318
3.5085085085085086	0.2970839624246461	0.012947326358014079
3.5185185185185186	0.292189852730811	0.013293005795199167
3.5285285285285286	0.28783915894498824	0.013674533900362055
3.5385385385385386	0.2839957505294229	0.014095404571315577
3.5485485485485486	0.2806263748213534	0.014559635351231044
3.5585585585585586	0.2777003751114614	0.015071857320571334
3.5685685685685686	0.27518940466808195	0.015637424185057335
3.5785785785785786	0.27306714238508734	0.016262545327583113
3.5885885885885886	0.27130901343888086	0.016954448974572465
3.5985985985985987	0.26989191678852925	0.01772158346940704
3.6086086086086087	0.26879396035101294	0.01857386711990442
3.6186186186186187	0.2679942040951639	0.019523000442609906
3.6286286286286287	0.2674724110255477	0.020582859219788453
3.6386386386386387	0.26720880600197605	0.021769993137978037
3.6486486486486487	0.26718384251630806	0.02310426365911541
3.6586586586586587	0.2673779778903896	0.024609667340645125
3.6686686686686687	0.2677714578456611	0.026315408819156737
3.6786786786786787	0.2683441120047668	0.028257313802379988
3.6886886886886887	0.2690751626018315	0.030479710901797706
3.6986986986986987	0.2699430494757657	0.033037968723046804
3.7087087087087087	0.2709252752749207	0.03600196226011947
3.7187187187187187	0.2719982756674876	0.03946087846880625
3.7287287287287287	0.2731373201829846	0.043529985717698706
3.7387387387387387	0.274316450033986	0.04836033914069837
3.7487487487487487	0.2755084598043218	0.054152969261119996
3.7587587587587588	0.2766849301398821	0.06118008022078638
3.7687687687687688	0.2778163184342824	0.0698175000441457
3.7787787787787788	0.2788721138515423	0.08059573545590279
3.7887887887887888	0.27982106176798455	0.09428283502650589
3.798798798798799	0.28063146076426804	0.11202374863321099
3.808808808808809	0.2812715326157862	0.1355845237899796
3.818818818818819	0.28170986233372874	0.16780116004447876
3.828828828828829	0.2819159012974798	0.21345236147220834
3.838838838838839	0.2818605220799875	0.281073617434341
3.848848848848849	0.28151660898430786	0.38704040765798564
3.858858858858859	0.28085966395220463	0.5656674172512378
3.868868868868869	0.27986840380662487	0.8969615380495566
3.878878878878879	0.2785253222019397	1.589382969165051
3.888888888888889	0.2768171885978788	3.1788172279353812
3.898898898898899	0.27473545736896626	5.730860111986509
3.908908908908909	0.2722765629760579	4.720693081651382
3.918918918918919	0.2694420819269217	2.330763440823
3.928928928928929	0.26623874877791787	1.2076092161807215
3.938938938938939	0.2626783212077643	0.7090114367793133
3.948948948948949	0.2587772975861499	0.4593450250713515
3.958958958958959	0.2545564987327732	0.31965662633917136
3.968968968968969	0.25004053298054096	0.23449768399032864
3.978978978978979	0.24525716958033325	0.1790592029565635
3.988988988988989	0.24023664944815015	0.14107744763135482
3.998998998998999	0.23501096401535268	0.11397758517065211
4.009009009009009	0.2296131325040554	0.0939949740672294
4.019019019019019	0.22407650553388336	0.07885468263405324
4.029029029029029	0.21843411897345613	0.06711910303202655
4.039039039039039	0.21271811688312525	0.05784493019943281
4.049049049049049	0.20695925679305563	0.05039305480490309
4.059059059059059	0.20118650492914103	0.04431836164674285
4.069069069069069	0.1954267237633602	0.03930332576290139
4.079079079079079	0.18970444973735645	0.03511662924580201
4.089089089089089	0.18404175538059028	0.03158659806434667
4.099099099099099	0.17845818739222385	0.02858370079162122
4.109109109109109	0.17297077056040805	0.026008746951724695
4.119119119119119	0.16759406655958278	0.023784761644412573
4.129129129129129	0.1623402765600803	0.021851285592664388
4.1391391391391394	0.1572193770457308	0.02016030833875086
4.1491491491491495	0.15223927910263665	0.018673321645978885
4.1591591591591595	0.14740600256953798	0.017359154326430325
4.1691691691691695	0.1427238576988729	0.016192360637254963
4.1791791791791795	0.13819562826709006	0.015152006417470401
4.1891891891891895	0.13382275131613333	0.01422074475195951
4.1991991991991995	0.12960548985442577	0.013384104945310192
4.2092092092092095	0.12554309586299606	0.012629940416968348
4.2192192192192195	0.12163396182536847	0.011947996232220629
4.2292292292292295	0.11787575972705737	0.011329567570395157
4.2392392392392395	0.11426556705707838	0.01076722794333971
4.2492492492492495	0.11079997980266561	0.010254611368015344
4.2592592592592595	0.10747521277394384	0.009786236607068587
4.2692692692692695	0.10428718784438391	0.00935736445528786
4.2792792792792795	0.10123161086145344	0.008963881168139544
4.2892892892892895	0.09830403808543231	0.008602202708303173
4.2992992992992995	0.095499933066565	0.008269195675029437
4.3093093093093096	0.09281471488371844	0.007962111681817938
4.31931931931932	0.0902437986512697	0.0076785326366686545
4.32932932932933	0.08778262916429343	0.007416324908214904
4.33933933933934	0.08542670850090282	0.007173600771360102
4.34934934934935	0.08317161834143454	0.006948685845183522
4.35935935935936	0.0810130377000154	0.00674009148692071
4.36936936936937	0.07894675669898953	0.006546491302801583
4.37937937937938	0.07696868695245081	0.006366701093657085
4.38938938938939	0.07507486906314599	0.006199661677834804
4.3993993993994	0.07326147767918616	0.006044424134024891
4.40940940940941	0.07152482450264548	0.005900137087256023
4.41941941941942	0.06986135959296516	0.005766035726402201
4.42942942942943	0.06826767126327296	0.005641432294395045
4.43943943943944	0.06674048482713556	0.005525707835719726
4.44944944944945	0.06527666041784616	0.0054183050210037985
4.45945945945946	0.06387319007008424	0.0053187218976706325
4.46946946946947	0.06252719422627832	0.005226506439821688
4.47947947947948	0.06123591780490496	0.005141251790326038
4.48948948948949	0.05999672594742456	0.005062592104807533
4.4994994994995	0.058807099541115904	0.004990198921116113
4.50950950950951	0.057664630599918165	0.004923777989681587
4.51951951951952	0.05656701757112118	0.004863066509749207
4.52952952952953	0.05551206062429275	0.00480783072526373
4.53953953953954	0.05449765696858935	0.004757863840873232
4.54954954954955	0.053521796236188746	0.004712984225069146
4.55955955955956	0.05258255596247387	0.004673033872514467
4.56956956956957	0.05167809718737256	0.004637877102300088
4.57957957957958	0.050806660197116424	0.004607399473094786
4.58958958958959	0.049966560421941635	0.004581506899445057
4.5995995995996	0.04915618450086794	0.0045601249572612464
4.60960960960961	0.04837398652279171	0.004543198368975487
4.61961961961962	0.04761848444976018	0.004530690662186766
4.62962962962963	0.046888256727263926	0.004522583997924365
4.63963963963964	0.046181939083998716	0.004518879167533292
4.64964964964965	0.04549822152277014	0.004519595759682887
4.65965965965966	0.04483584550296105	0.004524772501757465
4.66966966966967	0.04419360131412767	0.004534467782674166
4.67967967967968	0.04357032563960341	0.004548760367198764
4.68968968968969	0.04296489930846934	0.004567750315137232
4.6996996996997	0.042376245233517594	0.004591560122489604
4.70970970970971	0.04180332653262568	0.004620336105618033
4.71971971971972	0.041245144830377785	0.004654250054430817
4.72972972972973	0.040700738736280356	0.004693501185832695
4.73973973973974	0.04016918249559062	0.004738318435145155
4.74974974974975	0.03964958480833905	0.004788963130700616
4.75975975975976	0.039141087811192084	0.004845732105510391
4.76976976976977	0.03864286621700346	0.004908961310587875
4.77977977977978	0.038154126605429224	0.00497903000703167
4.78978978978979	0.03767410685774316	0.0050563656291982145
4.7997997997998	0.0372020757283942	0.005141449429446989
4.80980980980981	0.03673733254458559	0.005234823037682231
4.81981981981982	0.03627920702451996	0.005337096095521453
4.82982982982983	0.03582705920435087	0.005448955158856789
4.83983983983984	0.0353802794624239	0.005571174103355515
4.84984984984985	0.03493828862883385	0.005704626318227919
4.85985985985986	0.03450053816757674	0.0058502990371007615
4.86986986986987	0.034066510416934634	0.0060093102334146265
4.87987987987988	0.0336357188742277	0.006182928606953176
4.88988988988989	0.03320770850885712	0.006372597312862277
4.8998998998999	0.03278205608829086	0.006579962242934431
4.90990990990991	0.03235837050030553	0.006806905870401603
4.91991991991992	0.03193629305503658	0.007055587928208301
4.92992992992993	0.03151549775000734	0.007328494523380887
4.93993993993994	0.031095691481753104	0.007628497722185047
4.94994994994995	0.03067661418785714	0.007958928203498148
4.95995995995996	0.030258038903890914	0.008323664316606572
4.96996996996997	0.02983977172082088	0.008727241855417216
4.97997997997998	0.02942165162965014	0.009174990158050005
4.98998998998999	0.02900355024125972	0.009673201876955766
5.0	0.02858537137159763	0.010229346103661864
