-5.0	0.0007957074362431981	1.537400970312778
-4.98998998998999	0.0007768752247832294	17.297460709573514
-4.97997997997998	0.0007598446681420019	0.6526467393873522
-4.96996996996997	0.0007444911900499304	0.19711269690025093
-4.95995995995996	0.0007307050443682474	0.09368608062482081
-4.94994994994995	0.0007183896359491389	0.05458369472227907
-4.93993993993994	0.0007074600898571094	0.03572494247569118
-4.92992992992993	0.0006978420311944715	0.025215371207801977
-4.91991991991992	0.0006894705446013474	0.018767632608278816
-4.90990990990991	0.0006822892878484905	0.014530626147660448
-4.8998998998999	0.0006762497385288661	0.011599063857163503
-4.88988988988989	0.000671310556353222	0.009487716830310798
-4.87987987987988	0.0006674370468123953	0.007917525725154632
-4.86986986986987	0.0006646007143586877	0.006718771904297147
-4.85985985985986	0.0006627788955216883	0.005783429894630926
-4.84984984984985	0.0006619544641312617	0.005040094339987335
-4.83983983983984	0.0006621156024862139	0.0044400371451951545
-4.82982982982983	0.0006632556335943872	0.003949086642703822
-4.81981981981982	0.0006653729109447355	0.0035427076257745467
-4.80980980980981	0.0006684707633526177	0.0032029176303383948
-4.7997997997998	0.0006725574934391789	0.0029162960848488693
-4.78978978978979	0.0006776464293441746	0.002672665137677464
-4.77977977977978	0.0006837560302696923	0.0024641951624135958
-4.76976976976977	0.0006909100473615086	0.0022847856193393824
-4.75975975975976	0.0006991377425519934	0.0021296285232284447
-4.74974974974975	0.0007084741690227313	0.0019948954919814417
-4.73973973973974	0.0007189605181792193	0.0018775099810498838
-4.72972972972973	0.0007306445392752824	0.0017749792287761062
-4.71971971971972	0.0007435810394580679	0.0016852687022073645
-4.70970970970971	0.000757832473558989	0.00160670722317054
-4.6996996996997	0.0007734696351060613	0.0015379145328303506
-4.68968968968969	0.0007905724622715996	0.0014777454677858228
-4.67967967967968	0.0008092309753081503	0.0014252465752723751
-4.66966966966967	0.0008295463653111961	0.0013796221446016033
-4.65965965965966	0.0008516322581341161	0.0013402074411437276
-4.64964964964965	0.0008756161821116535	0.0013064475062876811
-4.63963963963964	0.0009016412740695275	0.001277880302542516
-4.62962962962963	0.0009298682652030222	0.0012541232868083084
-4.61961961961962	0.0009604777972444013	0.0012348627186481906
-4.60960960960961	0.0009936731300541257	0.0012198451776592278
-4.5995995995996	0.0010296833151988499	0.0012088708904547296
-4.58958958958959	0.0010687669267653277	0.0012017885646195068
-4.57957957957958	0.0011112164615158994	0.0011984915025299227
-4.56956956956957	0.0011573635468420096	0.001198914828056532
-4.55955955955956	0.001207585128308769	0.0012030337081992196
-4.54954954954955	0.0012623108509001505	0.0012108624933795055
-4.53953953953954	0.001322031902747747	0.0012224547366118546
-4.52952952952953	0.0013873116599431483	0.0012379040859369736
-4.51951951951952	0.0014587985624990919	0.001257346077973308
-4.50950950950951	0.0015372417704684605	0.0012809608952658545
-4.4994994994995	0.0016235103063187767	0.0013089771885620015
-4.48948948948949	0.0017186165982534813	0.0013416771092433278
-4.47947947947948	0.0018237456182882215	0.0013794027501101223
-4.46946946946947	0.0019402911862039945	0.0014225642577553224
-4.45945945945946	0.0020699015250835308	0.0014716499619673645
-4.44944944944945	0.002214536862721105	0.0015272389729124225
-4.43943943943944	0.0023765428601501245	0.0015900168340755663
-4.42942942942943	0.002558745038229039	0.0016607949998728871
-4.41941941941942	0.0027645713545111613	0.0017405351481307335
-4.40940940940941	0.0029982129449554066	0.0018303796629189463
-4.3993993993994	0.0032648372389031434	0.001931690066328644
-4.38938938938939	0.0035708738958584087	0.002046095788375973
-4.37937937937938	0.003924403453530775	0.002175556514170061
-4.36936936936937	0.0043356931208224534	0.002322442546055451
-4.35935935935936	0.004817947004715012	0.0024896393282323208
-4.34934934934935	0.0053883747648824296	0.0026806847550686318
-4.33933933933934	0.006069743067888995	0.002899951513356738
-4.32932932932933	0.006892676210447419	0.003152892117281303
-4.31931931931932	0.007899149776512014	0.0034463724915476603
-4.3093093093093096	0.009147940534524893	0.0037891326093578677
-4.2992992992992995	0.010723392408259756	0.004192432614664225
-4.2892892892892895	0.012750022074572015	0.004670974926326258
-4.2792792792792795	0.0154178731543606	0.005244245708554194
-4.2692692692692695	0.019028709576631622	0.005938508688035597
-4.2592592592592595	0.024085194888880727	0.006789840709447828
-4.2492492492492495	0.03147568068820417	0.007848880841403397
-4.2392392392392395	0.042892570609990764	0.009188494649504473
-4.2292292292292295	0.061894453378501114	0.010916593488301528
-4.2192192192192195	0.09705430786301161	0.013198488462672846
-4.2092092092092095	0.17363084389270747	0.01629783662940806
-4.1991991991991995	0.39567583749716817	0.02065620484134543
-4.1891891891891895	1.6401656891821814	0.027059261866324267
-4.1791791791791795	128.782731331995	0.037016898561780386
-4.1691691691691695	1.3851606069282112	0.05374135925422674
-4.1591591591591595	0.36340090398713254	0.08510139983469772
-4.1491491491491495	0.1640397142877998	0.15488995946053066
-4.1391391391391394	0.09299810005372	0.3658586719089673
-4.129129129129129	0.05980991408246635	1.7002493433880261
-4.119119119119119	0.04167877644747812	41.29603650982618
-4.109109109109109	0.030703803125467003	0.9592332318175132
-4.099099099099099	0.023560479230421795	0.27459077279297245
-4.089089089089089	0.018652444390575874	0.12789613541769207
-4.079079079079079	0.015135716608491915	0.07369923408462353
-4.069069069069069	0.01253006258127051	0.047882165079790304
-4.059059059059059	0.010545890916591796	0.033603732020346264
-4.049049049049049	0.009000153652524082	0.02488719122951667
-4.039039039039039	0.00777254948927076	0.0191782947038615
-4.029029029029029	0.0067813775811429115	0.015236921531427087
-4.019019019019019	0.005969575446094168	0.01240197228624805
-4.009009009009009	0.005296312256530369	0.010294836044967172
-3.998998998998999	0.004731747757260713	0.00868601438914497
-3.988988988988989	0.0042536643011994975	0.007429824236695271
-3.978978978978979	0.0038452442426944763	0.006430179139854963
-3.968968968968969	0.0034935682401973866	0.005621625596103892
-3.958958958958959	0.003188579111744274	0.004958329563153616
-3.948948948948949	0.0029223533149442325	0.004407420258817871
-3.938938938938939	0.0026885799333606097	0.0039448269436408836
-3.928928928928929	0.002482182270828578	0.0035525960069087347
-3.918918918918919	0.002299039127730012	0.0032171160089638153
-3.908908908908909	0.002135776840765533	0.0029279157673283676
-3.898898898898899	0.001989612274692821	0.0026768334057874366
-3.888888888888889	0.0018582329827987235	0.002457431059592113
-3.878878878878879	0.0017397048099338991	0.002264575612452597
-3.868868868868869	0.0016323999843094524	0.0020941337414072418
-3.858858858858859	0.0015349406654786	0.0019427469917429982
-3.848848848848849	0.001446154265109605	0.0018076637491563706
-3.838838838838839	0.0013650378159992002	0.001686612235414713
-3.828828828828829	0.0012907293541795021	0.001577703467789582
-3.818818818818819	0.0012224847797614813	0.0014793563671335423
-3.808808808808809	0.0011596590298408832	0.0013902394200688434
-3.798798798798799	0.0011016906689036911	0.001309224841667637
-3.7887887887887888	0.0010480892057517302	0.0012353522685553313
-3.7787787787787788	0.000998424599207749	0.0011677997831803823
-3.7687687687687688	0.0009523185313319471	0.001105860625015723
-3.7587587587587588	0.000909437115922388	0.001048924347872674
-3.7487487487487487	0.0008694847787088223	0.0009964614790620098
-3.7387387387387387	0.0008321990989084627	0.0009480109558567822
-3.7287287287287287	0.0007973464433437504	0.0009031697791376515
-3.7187187187187187	0.0007647182569339175	0.0008615844480167787
-3.7087087087087087	0.0007341278991450585	0.0008229438334756145
-3.6986986986986987	0.0007054079365086814	0.0007869732212105972
-3.6886886886886887	0.0006784078175119487	0.0007534293094468241
-3.6786786786786787	0.0006529918694193916	0.0007220959906883588
-3.6686686686686687	0.0006290375670660649	0.0006927807800436077
-3.6586586586586587	0.0006064340321834688	0.0006653117793013043
-3.6486486486486487	0.0005850807288842216	0.0006395350868218387
-3.6386386386386387	0.0005648863264970757	0.0006153125799335333
-3.6286286286286287	0.0005457677056876438	0.0005925200099016559
-3.6186186186186187	0.0005276490875497818	0.000571045360016897
-3.6086086086086087	0.0005104612686560523	0.0005507874261283327
-3.5985985985985987	0.0004941409475033035	0.0005316545858235699
-3.5885885885885886	0.0004786301301389939	0.0005135637280907396
-3.5785785785785786	0.0004638756044798584	0.0004964393200376036
-3.5685685685685686	0.00044982847439641553	0.0004802125909232784
-3.5585585585585586	0.0004364437459506417	0.0004648208169583622
-3.5485485485485486	0.0004236799591728655	0.00045020669290414436
-3.5385385385385386	0.0004114988597713507	0.00043631777861326867
-3.5285285285285286	0.00039986510589492424	0.0004231060104790138
-3.5185185185185186	0.00038874600572016255	0.0004105272692374823
-3.5085085085085086	0.00037811128224381565	0.0003985409967970377
-3.4984984984984986	0.0003679328620600115	0.00038710985585246855
-3.4884884884884886	0.00035818468541594644	0.00037619942689962266
-3.4784784784784786	0.00034884253509252403	0.0003657779380236251
-3.4684684684684686	0.0003398838820304259	0.00035581602348002577
-3.4584584584584586	0.00033128774583377456	0.0003462865075954621
-3.4484484484484486	0.00032303456856039845	0.0003371642110167624
-3.4384384384384385	0.00031510610034373685	0.0003284257766843761
-3.4284284284284285	0.00030748529562682584	0.0003200495132835335
-3.4184184184184185	0.00030015621885553086	0.0003120152541824462
-3.4084084084084085	0.00029310395870404905	0.00030430423013428384
-3.3983983983983985	0.00028631454993749254	0.00029689895423316826
-3.3883883883883885	0.0002797749021271165	0.00028978311778038354
-3.3783783783783785	0.00027347273457984506	0.00028294149591592
-3.3683683683683685	0.000267396516850168	0.0002763598619461321
-3.3583583583583585	0.00026153541426503994	0.00027002490950248364
-3.3483483483483485	0.0002558792380525856	0.0002639241816994313
-3.3383383383383385	0.0002504183995639973	0.00025804600658358383
-3.3283283283283285	0.0002451438682528046	0.0002523794382411886
-3.3183183183183185	0.00024004713305119613	0.00024691420302388144
-3.3083083083083085	0.00023512016682863423	0.00024164065035686536
-3.2982982982982985	0.000230355393653419	0.0002365497077178665
-3.2882882882882885	0.0002257456586259706	0.00023163283936275723
-3.2782782782782784	0.00022128420003204294	0.00022688200846926275
-3.2682682682682684	0.00021696462361649012	0.00022228964236414638
-3.2582582582582584	0.0002127808788238281	0.0002178486005384977
-3.2482482482482484	0.0002087272367857324	0.00021355214523938504
-3.2382382382382384	0.00020479826996587289	0.0002093939143461822
-3.2282282282282284	0.00020098883327283594	0.00020536789638187053
-3.2182182182182184	0.00019729404654914918	0.00020146840743615624
-3.2082082082082084	0.00019370927832165893	0.00019769006985433056
-3.1981981981981984	0.00019023013069015783	0.00019402779252146232
-3.1881881881881884	0.00018685242529616742	0.00019047675262720342
-3.1781781781781784	0.00018357219024651723	0.00018703237876420268
-3.1681681681681684	0.00018038564795401624	0.0001836903352666915
-3.1581581581581584	0.0001772892038040691	0.00018044650767788192
-3.1481481481481484	0.00017427943557755114	0.00017729698924721525
-3.1381381381381384	0.00017135308358806614	0.00017423806840120937
-3.1281281281281283	0.0001685070414737959	0.0001712662170675831
-3.118118118118118	0.0001657383475936214	0.0001683780798287253
-3.108108108108108	0.00016304417697182494	0.00016557046380419498
-3.098098098098098	0.0001604218337751478	0.00016284032923098726
-3.088088088088088	0.00015786874426210602	0.00016018478066879153
-3.078078078078078	0.000155382450182226	0.00015760105879467553
-3.068068068068068	0.0001529606025854864	0.00015508653274752586
-3.058058058058058	0.00015060095601666896	0.00015263869295125256
-3.048048048048048	0.0001483013630683324	0.0001502551444256725
-3.038038038038038	0.00014605976926151585	0.00014793360051216053
-3.028028028028028	0.00014387420825329175	0.00014567187700018642
-3.018018018018018	0.0001417427972994782	0.00014346788662883972
-3.008008008008008	0.00013966373301690382	0.00014131963392607095
-2.997997997997998	0.00013763528738328594	0.0001392252103673261
-2.987987987987988	0.00013565580397477877	0.0001371827898325412
-2.977977977977978	0.00013372369440523907	0.00013519062433959295
-2.967967967967968	0.00013183743500086047	0.00013324704003202874
-2.957957957957958	0.0001299955636345804	0.00013135043340439256
-2.947947947947948	0.00012819667675847992	0.00012949926775827648
-2.937937937937938	0.00012643942659054845	0.00012769206986259894
-2.9279279279279278	0.00012472251846852963	0.0001259274268003039
-2.9179179179179178	0.0001230447083395978	0.00012420398300711584
-2.9079079079079078	0.00012140480039525187	0.0001225204374799079
-2.8978978978978978	0.00011980164483172071	0.00012087554113306588
-2.8878878878878878	0.00011823413573181856	0.00011926809431454239
-2.8778778778778777	0.00011670120905715767	0.00011769694445173393
-2.8678678678678677	0.00011520184074689162	0.00011616098383552536
-2.8578578578578577	0.00011373504492699123	0.00011465914752110595
-2.8478478478478477	0.00011229987219567857	0.0001131904113408024
-2.8378378378378377	0.00011089540801096882	0.00011175379002907392
-2.8278278278278277	0.00010952077116174367	0.00011034833545065424
-2.8178178178178177	0.00010817511230147815	0.00010897313491126262
-2.8078078078078077	0.000106857612581104	0.00010762730956999936
-2.7977977977977977	0.00010556748232365728	0.00010631001292628716
-2.7877877877877877	0.00010430395978664046	0.00010502042938977322
-2.7777777777777777	0.00010306630997746346	0.00010375777292685363
-2.7677677677677677	0.0001018538235219764	0.00010252128576108029
-2.7577577577577577	0.00010066581560068161	0.00010131023716499552
-2.7477477477477477	9.950162492472457e-5	0.00010012392229014945
-2.7377377377377377	9.836061276934948e-5	9.896166106428566e-5
-2.7277277277277276	9.724216204907819e-5	9.78227971474674e-5
-2.7177177177177176	9.614567643831428e-5	9.670669693103284e-5
-2.7077077077077076	9.507057953403899e-5	9.56127485948892e-5
-2.6976976976976976	9.401631405979774e-5	9.454036120124181e-5
-2.6876876876876876	9.298234109981419e-5	9.348896383951007e-5
-2.6776776776776776	9.196813937802457e-5	9.245800480508976e-5
-2.6676676676676676	9.097320456125532e-5	9.144695082937699e-5
-2.6576576576576576	8.999704860312224e-5	9.0455286328251e-5
-2.6476476476476476	8.903919910594917e-5	8.948251270578779e-5
-2.6376376376376376	8.80991987270591e-5	8.85281476706465e-5
-2.6276276276276276	8.717660459575641e-5	8.759172459951564e-5
-2.6176176176176176	8.627098776830552e-5	8.667279192731711e-5
-2.6076076076076076	8.538193270458092e-5	8.577091255217938e-5
-2.5975975975975976	8.450903675201667e-5	8.488566328671533e-5
-2.5875875875875876	8.365190968473167e-5	8.401663431870661e-5
-2.5775775775775776	8.281017323076155e-5	8.316342870464901e-5
-2.5675675675675675	8.198346063223122e-5	8.232566188342014e-5
-2.5575575575575575	8.117141623345882e-5	8.150296120819104e-5
-2.5475475475475475	8.037369507035561e-5	8.069496550511502e-5
-2.5375375375375375	7.958996248054549e-5	7.990132464439308e-5
-2.5275275275275275	7.881989374936943e-5	7.912169913518471e-5
-2.5175175175175175	7.806317373816009e-5	7.835575973704434e-5
-2.5075075075075075	7.731949655319674e-5	7.760318708336376e-5
-2.4974974974974975	7.658856522075185e-5	7.686367133244428e-5
-2.4874874874874875	7.587009137393055e-5	7.613691181393109e-5
-2.4774774774774775	7.51637949469735e-5	7.54226167107217e-5
-2.4674674674674675	7.446940390031117e-5	7.472050274141809e-5
-2.4574574574574575	7.378665393362528e-5	7.403029486084746e-5
-2.4474474474474475	7.311528822477291e-5	7.335172596660658e-5
-2.4374374374374375	7.245505717846365e-5	7.268453663114223e-5
-2.4274274274274275	7.18057181821766e-5	7.202847482934394e-5
-2.4174174174174174	7.116703536207143e-5	7.138329568573767e-5
-2.4074074074074074	7.05387793734697e-5	7.074876123241729e-5
-2.3973973973973974	6.992072717244182e-5	7.012464017038535e-5
-2.3873873873873874	6.931266181115238e-5	6.95107076465965e-5
-2.3773773773773774	6.87143722384653e-5	6.890674503811624e-5
-2.3673673673673674	6.812565310601208e-5	6.831253974359768e-5
-2.3573573573573574	6.754630458811227e-5	6.772788498283804e-5
-2.3473473473473474	6.697613219765448e-5	6.715257960323624e-5
-2.3373373373373374	6.641494661374655e-5	6.658642789987308e-5
-2.3273273273273274	6.586256352472242e-5	6.602923943313456e-5
-2.3173173173173174	6.531880346243134e-5	6.54808288617772e-5
-2.3073073073073074	6.478349165095761e-5	6.494101577506062e-5
-2.2972972972972974	6.425645786165255e-5	6.440962453852577e-5
-2.2872872872872874	6.373753626652566e-5	6.38864841369169e-5
-2.2772772772772774	6.322656530658486e-5	6.337142803366606e-5
-2.2672672672672673	6.272338755846251e-5	6.286429402395213e-5
-2.2572572572572573	6.222784960548229e-5	6.236492410501801e-5
-2.2472472472472473	6.173980191723444e-5	6.187316433740277e-5
-2.2372372372372373	6.12590987293709e-5	6.138886472843746e-5
-2.2272272272272273	6.078559793469024e-5	6.091187910321579e-5
-2.2172172172172173	6.03191609672393e-5	6.044206498969542e-5
-2.2072072072072073	5.985965269807649e-5	5.9979283506563484e-5
-2.1971971971971973	5.940694133778529e-5	5.952339925642881e-5
-2.1871871871871873	5.896089833002983e-5	5.907428021443681e-5
-2.1771771771771773	5.852139825990635e-5	5.8631797634501215e-5
-2.1671671671671673	5.808831876695598e-5	5.819582594473525e-5
-2.1571571571571573	5.766154044499652e-5	5.776624265965093e-5
-2.1471471471471473	5.7240946769080256e-5	5.734292828561695e-5
-2.1371371371371373	5.6826423998866556e-5	5.6925766230840734e-5
-2.1271271271271273	5.6417861113935764e-5	5.651464272699114e-5
-2.1171171171171173	5.601514971971012e-5	5.610944673863433e-5
-2.1071071071071072	5.561818399015049e-5	5.571006989226401e-5
-2.0970970970970972	5.522686057934073e-5	5.5316406396526976e-5
-2.0870870870870872	5.484107856091059e-5	5.492835296601733e-5
-2.0770770770770772	5.446073935889359e-5	5.454580875508539e-5
-2.067067067067067	5.4085746681566e-5	5.4168675281924346e-5
-2.057057057057057	5.3716006455795586e-5	5.3796856370898075e-5
-2.047047047047047	5.335142676959029e-5	5.343025807839556e-5
-2.037037037037037	5.299191781227068e-5	5.306878863710173e-5
-2.027027027027027	5.263739181466517e-5	5.271235839431945e-5
-2.017017017017017	5.22877629959524e-5	5.23608797521925e-5
-2.007007007007007	5.194294750577878e-5	5.201426711144097e-5
-1.996996996996997	5.160286338260339e-5	5.167243681726861e-5
-1.986986986986987	5.126743048876678e-5	5.133530710755866e-5
-1.976976976976977	5.093657047218682e-5	5.1002798059007805e-5
-1.966966966966967	5.061020671643855e-5	5.067483154168589e-5
-1.956956956956957	5.028826429381421e-5	5.035133116509544e-5
-1.946946946946947	4.997066992210486e-5	5.003222223824862e-5
-1.936936936936937	4.96573519182286e-5	4.9717431719127595e-5
-1.926926926926927	4.9348240163538344e-5	4.9406888174527266e-5
-1.916916916916917	4.904326605669117e-5	4.910052173734835e-5
-1.906906906906907	4.874236247592189e-5	4.8798264063288965e-5
-1.896896896896897	4.844546374443212e-5	4.850004829485614e-5
-1.8868868868868869	4.815250559351815e-5	4.820580901935936e-5
-1.8768768768768769	4.786342511481798e-5	4.7915482231831715e-5
-1.8668668668668669	4.757816074655717e-5	4.762900530542909e-5
-1.8568568568568569	4.729665222137462e-5	4.7346316947435796e-5
-1.8468468468468469	4.7018840544959986e-5	4.706735716705412e-5
-1.8368368368368369	4.674466795719519e-5	4.679206724778016e-5
-1.8268268268268268	4.647407790678633e-5	4.6520389712548163e-5
-1.8168168168168168	4.620701501722456e-5	4.625226828960781e-5
-1.8068068068068068	4.594342506155421e-5	4.5987647885108354e-5
-1.7967967967967968	4.568325493130056e-5	4.572647455404319e-5
-1.7867867867867868	4.5426452611307966e-5	4.546869547265534e-5
-1.7767767767767768	4.5172967152807365e-5	4.5214258909028566e-5
-1.7667667667667668	4.4922748642253985e-5	4.4963114196984195e-5
-1.7567567567567568	4.467574818688654e-5	4.4715211708320174e-5
-1.7467467467467468	4.443191788216084e-5	4.447050283248489e-5
-1.7367367367367368	4.419121078942012e-5	4.4228939946438816e-5
-1.7267267267267268	4.3953580916006695e-5	4.3990476394862155e-5
-1.7167167167167168	4.371898318906835e-5	4.375506646595251e-5
-1.7067067067067068	4.3487373438029136e-5	4.3522665367207526e-5
-1.6966966966966968	4.325870836844102e-5	4.329322920491111e-5
-1.6866866866866868	4.303294554595021e-5	4.3066714964778954e-5
-1.6766766766766767	4.281004337465176e-5	4.2843080487354835e-5
-1.6666666666666667	4.2589961075559076e-5	4.262228445234935e-5
-1.6566566566566567	4.237265867564371e-5	4.240428635413176e-5
-1.6466466466466467	4.215809697518803e-5	4.218904648936281e-5
-1.6366366366366367	4.194623754527318e-5	4.197652593042453e-5
-1.6266266266266267	4.1737042701059035e-5	4.176668651532207e-5
-1.6166166166166167	4.153047548729621e-5	4.155949082451837e-5
-1.6066066066066067	4.1326499662220775e-5	4.1354902169449624e-5
-1.5965965965965967	4.1125079681557485e-5	4.1152884569204006e-5
-1.5865865865865867	4.092618068353564e-5	4.095340273926679e-5
-1.5765765765765767	4.0729768469743124e-5	4.075642207626018e-5
-1.5665665665665667	4.053580950014312e-5	4.056190863919926e-5
-1.5565565565565564	4.034427086524726e-5	4.036982913856544e-5
-1.5465465465465464	4.0155120282094835e-5	4.0180150918868756e-5
-1.5365365365365364	3.996832607806484e-5	3.999284194650364e-5
-1.5265265265265264	3.9783857176364036e-5	3.980787079497424e-5
-1.5165165165165164	3.9601683084100394e-5	3.962520663255901e-5
-1.5065065065065064	3.942177387753369e-5	3.944481920856244e-5
-1.4964964964964964	3.924410019716051e-5	3.92666788412016e-5
-1.4864864864864864	3.906863322467288e-5	3.909075640535619e-5
-1.4764764764764764	3.8895344680333286e-5	3.891702332145437e-5
-1.4664664664664664	3.87242068062391e-5	3.87454515411489e-5
-1.4564564564564564	3.855519236044654e-5	3.857601353823721e-5
-1.4464464464464464	3.838827459876963e-5	3.840868229575465e-5
-1.4364364364364364	3.822342727317549e-5	3.824343130042815e-5
-1.4264264264264264	3.806062461514428e-5	3.808023452579412e-5
-1.4164164164164164	3.7899841326771045e-5	3.7919066423936515e-5
-1.4064064064064064	3.774105257212102e-5	3.7759901915188817e-5
-1.3963963963963963	3.7584233970248305e-5	3.7602716383471184e-5
-1.3863863863863863	3.742936157969447e-5	3.744748565893438e-5
-1.3763763763763763	3.727641189423683e-5	3.729418601290564e-5
-1.3663663663663663	3.712536183417851e-5	3.714279414950462e-5
-1.3563563563563563	3.6976188736367795e-5	3.6993287195529575e-5
-1.3463463463463463	3.682887034316219e-5	3.684564269146701e-5
-1.3363363363363363	3.6683384800141825e-5	3.669983858491236e-5
-1.3263263263263263	3.653971064478344e-5	3.6555853220586846e-5
-1.3163163163163163	3.639782679603025e-5	3.6413665333023035e-5
-1.3063063063063063	3.625771255426007e-5	3.627325403940649e-5
-1.2962962962962963	3.611934758537746e-5	3.613459883242655e-5
-1.2862862862862863	3.5982711921795226e-5	3.599767956926714e-5
-1.2762762762762763	3.5847785946565795e-5	3.586247647122153e-5
-1.2662662662662663	3.5714550394196464e-5	3.572897010963115e-5
-1.2562562562562563	3.558298633890758e-5	3.559714140233092e-5
-1.2462462462462462	3.545307519139144e-5	3.546697160903349e-5
-1.2362362362362362	3.532479869271263e-5	3.533844231966058e-5
-1.2262262262262262	3.5198138902152154e-5	3.521153545217216e-5
-1.2162162162162162	3.507307819899417e-5	3.508623324500544e-5
-1.2062062062062062	3.494959927357067e-5	3.496251825064765e-5
-1.1961961961961962	3.482768511615221e-5	3.484037333185015e-5
-1.1861861861861862	3.470731902158082e-5	3.4719781650608074e-5
-1.1761761761761762	3.4588484575417025e-5	3.460072666846882e-5
-1.1661661661661662	3.447116565032641e-5	3.448319213786426e-5
-1.1561561561561562	3.4355346405920535e-5	3.436716209966162e-5
-1.1461461461461462	3.4241011273931766e-5	3.4252620871182805e-5
-1.1361361361361362	3.412814496335356e-5	3.4139553048608584e-5
-1.1261261261261262	3.401673245032252e-5	3.4027943498481435e-5
-1.1161161161161162	3.390675896990145e-5	3.3917777352940793e-5
-1.1061061061061062	3.379821002115963e-5	3.380904000586097e-5
-1.0960960960960962	3.369107135251037e-5	3.37017171060009e-5
-1.0860860860860861	3.3585328963312385e-5	3.359579455519277e-5
-1.0760760760760761	3.348096909820123e-5	3.349125850402897e-5
-1.0660660660660661	3.337797824155307e-5	3.3388095343700857e-5
-1.0560560560560561	3.3276343113206546e-5	3.328629170633601e-5
-1.0460460460460461	3.317605066708666e-5	3.318583445597866e-5
-1.0360360360360361	3.3077088084791463e-5	3.308671069169461e-5
-1.026026026026026	3.297944277132838e-5	3.298890773433528e-5
-1.016016016016016	3.2883102354109987e-5	3.2892413131350334e-5
-1.006006006006006	3.278805467703378e-5	3.279721464778507e-5
-0.995995995995996	3.269428779400085e-5	3.27033002628463e-5
-0.985985985985986	3.2601789974454844e-5	3.2610658169850477e-5
-0.975975975975976	3.251054968971828e-5	3.25192767687974e-5
-0.965965965965966	3.242055561506118e-5	3.242914466514973e-5
-0.955955955955956	3.233179662480328e-5	3.234025066413625e-5
-0.9459459459459459	3.224426179220976e-5	3.225258377108546e-5
-0.9359359359359359	3.215794037748218e-5	3.216613318536235e-5
-0.9259259259259259	3.207282183793653e-5	3.208088829814134e-5
-0.9159159159159159	3.1988895814810344e-5	3.199683868842782e-5
-0.9059059059059059	3.190615213110912e-5	3.191397412176847e-5
-0.8958958958958959	3.1824580795345213e-5	3.1832284546773055e-5
-0.8858858858858859	3.174417199124221e-5	3.175176009001087e-5
-0.8758758758758759	3.166491607831462e-5	3.167239105750456e-5
-0.8658658658658659	3.1586803588860045e-5	3.159416792725303e-5
-0.8558558558558559	3.150982522783078e-5	3.151708135169777e-5
-0.8458458458458459	3.143397186503407e-5	3.144112214783633e-5
-0.8358358358358359	3.1359234537392446e-5	3.136628130386779e-5
-0.8258258258258259	3.128560443967273e-5	3.1292549968656084e-5
-0.8158158158158159	3.1213072934891566e-5	3.1219919454238685e-5
-0.8058058058058059	3.114163153541492e-5	3.1148381230382516e-5
-0.7957957957957958	3.107127191567373e-5	3.1077926924616565e-5
-0.7857857857857858	3.10019858999982e-5	3.100854831750976e-5
-0.7757757757757757	3.093376546271496e-5	3.09402373441636e-5
-0.7657657657657657	3.086660273186029e-5	3.087298608794701e-5
-0.7557557557557557	3.080048997766614e-5	3.0806786780273544e-5
-0.7457457457457457	3.073541961762299e-5	3.0741631799169015e-5
-0.7357357357357357	3.0671384209746854e-5	3.067751366548689e-5
-0.7257257257257257	3.060837645523816e-5	3.061442504278837e-5
-0.7157157157157157	3.054638919395682e-5	3.055235873282703e-5
-0.7057057057057057	3.0485415400977034e-5	3.049130767896899e-5
-0.6956956956956957	3.042544818696231e-5	3.0431264954612484e-5
-0.6856856856856857	3.0366480797750568e-5	3.037222377430176e-5
-0.6756756756756757	3.0308506607332753e-5	3.0314177479332454e-5
-0.6656656656656657	3.0251519124843256e-5	3.025711954501862e-5
-0.6556556556556556	3.0195511983516233e-5	3.0201043576072287e-5
-0.6456456456456456	3.014047894339275e-5	3.014594330216376e-5
-0.6356356356356356	3.0086413891050992e-5	3.0091812580083573e-5
-0.6256256256256256	3.0033310836146683e-5	3.0038645391872275e-5
-0.6156156156156156	2.9981163911207764e-5	2.9986435841109006e-5
-0.6056056056056056	2.9929967367161626e-5	2.9935178153006088e-5
-0.5955955955955956	2.987971557345834e-5	2.988486667169864e-5
-0.5855855855855856	2.9830403022286833e-5	2.983549586119266e-5
-0.5755755755755756	2.9782024315257307e-5	2.978706030191136e-5
-0.5655655655655656	2.9734574174637784e-5	2.9739554688610196e-5
-0.5555555555555556	2.96880474303368e-5	2.969297383197029e-5
-0.5455455455455456	2.9642439033575542e-5	2.964731265445384e-5
-0.5355355355355356	2.9597744036460177e-5	2.9602566190382602e-5
-0.5255255255255256	2.9553957607474423e-5	2.955872958663523e-5
-0.5155155155155156	2.951107502263593e-5	2.9515798096671275e-5
-0.5055055055055055	2.9469091663507922e-5	2.9473767081991392e-5
-0.4954954954954955	2.9428003019634696e-5	2.9432632013388858e-5
-0.4854854854854855	2.9387804686259996e-5	2.9392388466971182e-5
-0.4754754754754755	2.9348492362257682e-5	2.9353032121003257e-5
-0.46546546546546547	2.931006184969205e-5	2.9314558760889114e-5
-0.45545545545545546	2.9272509051775983e-5	2.9276964272700488e-5
-0.44544544544544545	2.9235829976099696e-5	2.9240244644911196e-5
-0.43543543543543545	2.9200020725266438e-5	2.920439596750489e-5
-0.42542542542542544	2.916507750701125e-5	2.9169414428620142e-5
-0.41541541541541543	2.913099662305127e-5	2.913529631683672e-5
-0.40540540540540543	2.909777447550626e-5	2.9102038016784094e-5
-0.3953953953953954	2.9065407561961475e-5	2.9069636012087e-5
-0.38538538538538536	2.903389247567915e-5	2.903808688319612e-5
-0.37537537537537535	2.900322590454818e-5	2.900738730408928e-5
-0.36536536536536535	2.8973404631823357e-5	2.8977534044548103e-5
-0.35535535535535534	2.8944425534466225e-5	2.8948523968404158e-5
-0.34534534534534533	2.8916285581733163e-5	2.8920354030868743e-5
-0.3353353353353353	2.8888981833255325e-5	2.8893021283255082e-5
-0.3253253253253253	2.8862511442331173e-5	2.886652286581062e-5
-0.3153153153153153	2.8836871653296084e-5	2.884085601066043e-5
-0.3053053053053053	2.8812059798604465e-5	2.8816018040109903e-5
-0.2952952952952953	2.8788073300908796e-5	2.8792006367012245e-5
-0.2852852852852853	2.8764909672685724e-5	2.8768818493630328e-5
-0.2752752752752753	2.8742566512660398e-5	2.8746452010354363e-5
-0.2652652652652653	2.8721041511407293e-5	2.8724904594635944e-5
-0.2552552552552553	2.870033243955988e-5	2.8704174013076194e-5
-0.24524524524524524	2.8680437161687357e-5	2.8684258120169104e-5
-0.23523523523523523	2.8661353624337324e-5	2.8665154853414225e-5
-0.22522522522522523	2.8643079862960117e-5	2.8646862239865752e-5
-0.21521521521521522	2.8625613993500575e-5	2.862937839177912e-5
-0.20520520520520522	2.860895422141437e-5	2.861270150372831e-5
-0.19519519519519518	2.8593098834843035e-5	2.8596829858514763e-5
-0.18518518518518517	2.8578046203917902e-5	2.8581761821486943e-5
-0.17517517517517517	2.8563794785492513e-5	2.856749584201854e-5
-0.16516516516516516	2.855034312033884e-5	2.8554030454526286e-5
-0.15515515515515516	2.8537689827804967e-5	2.854136427448433e-5
-0.14514514514514515	2.8525833613599924e-5	2.8529496002524268e-5
-0.13513513513513514	2.8514773266136393e-5	2.8518424421133936e-5
-0.12512512512512514	2.850450765262013e-5	2.850814839482559e-5
-0.11511511511511512	2.8495035725241302e-5	2.8498666870776134e-5
-0.10510510510510511	2.848635651534689e-5	2.8489978877192717e-5
-0.09509509509509509	2.847846913913551e-5	2.8482083524965786e-5
-0.08508508508508508	2.847137278928097e-5	2.8474980006716944e-5
-0.07507507507507508	2.846506674378986e-5	2.8468667595827214e-5
-0.06506506506506507	2.8459550359273725e-5	2.8463145646097652e-5
-0.055055055055055056	2.8454823072309868e-5	2.845841359372808e-5
-0.04504504504504504	2.8450884402037065e-5	2.845447095551137e-5
-0.035035035035035036	2.8447733946857324e-5	2.8451317328351295e-5
-0.025025025025025027	2.844537138747558e-5	2.8448952389004896e-5
-0.015015015015015015	2.844379648106363e-5	2.8447375897266446e-5
-0.005005005005005005	2.8443009067982722e-5	2.8446587691165486e-5
0.005005005005005005	2.8443009068422996e-5	2.8446587691498515e-5
0.015015015015015015	2.844379648227337e-5	2.8447375896933227e-5
0.025025025025025027	2.844537139001155e-5	2.84489523888937e-5
0.035035035035035036	2.8447733951494633e-5	2.8451317328017916e-5
0.04504504504504504	2.8450884406996267e-5	2.8454470955622017e-5
0.055055055055055056	2.8454823079371145e-5	2.8458413594393906e-5
0.06506506506506507	2.8459550367545964e-5	2.8463145646985366e-5
0.07507507507507508	2.8465066753830886e-5	2.8468667595715318e-5
0.08508508508508508	2.8471372801860467e-5	2.84749800061612e-5
0.09509509509509509	2.8478469154484038e-5	2.8482083525519888e-5
0.10510510510510511	2.8486356533347463e-5	2.8489978876970242e-5
0.11511511511511512	2.8495035746889783e-5	2.849866687099657e-5
0.12512512512512514	2.8504507679476173e-5	2.8508148394492727e-5
0.13513513513513514	2.851477329875463e-5	2.8518424421132784e-5
0.14514514514514515	2.8525833651542294e-5	2.8529496003077373e-5
0.15515515515515516	2.853768987396819e-5	2.8541364274816773e-5
0.16516516516516516	2.8550343173956343e-5	2.8554030454416334e-5
0.17517517517517517	2.8563794847467668e-5	2.856749584223863e-5
0.18518518518518517	2.8578046268268374e-5	2.8581761821152077e-5
0.19519519519519518	2.8593098901927042e-5	2.8596829858624617e-5
0.20520520520520522	2.8608954288677452e-5	2.8612701503837986e-5
0.21521521521521522	2.862561405438206e-5	2.8629378391556268e-5
0.22522522522522523	2.864307991768727e-5	2.8646862239863083e-5
0.23523523523523523	2.8661353674217234e-5	2.866515485341156e-5
0.24524524524524524	2.8680437201819788e-5	2.8684258119614e-5
0.2552552552552553	2.8700332474502637e-5	2.8704174013410023e-5
0.2652652652652653	2.8721041539806932e-5	2.8724904594967913e-5
0.2752752752752753	2.8742566538183466e-5	2.8746452010574693e-5
0.2852852852852853	2.8764909694322235e-5	2.8768818494180953e-5
0.2952952952952953	2.878807332000101e-5	2.8792006367789384e-5
0.3053053053053053	2.881205981415125e-5	2.8816018040553318e-5
0.3153153153153153	2.8836871667736403e-5	2.88408560105506e-5
0.3253253253253253	2.886251145477828e-5	2.8866522866139577e-5
0.3353353353353353	2.8888981843808237e-5	2.8893021283256695e-5
0.34534534534534533	2.891628558975291e-5	2.8920354031422912e-5
0.35535535535535534	2.8944425543032208e-5	2.8948523967957487e-5
0.36536536536536535	2.8973404638838317e-5	2.897753404454546e-5
0.37537537537537535	2.9003225910012014e-5	2.900738730442027e-5
0.38538538538538536	2.9033892480151002e-5	2.903808688374546e-5
0.3953953953953954	2.9065407566761844e-5	2.9069636012301614e-5
0.40540540540540543	2.9097774479983332e-5	2.9102038016667597e-5
0.41541541541541543	2.9130996626538208e-5	2.9135296316054594e-5
0.42542542542542544	2.9165077509839434e-5	2.916941442850449e-5
0.43543543543543545	2.9200020728559123e-5	2.9204395967944787e-5
0.44544544544544545	2.9235829978385485e-5	2.9240244645136117e-5
0.45545545545545546	2.9272509054316756e-5	2.9276964273145902e-5
0.46546546546546547	2.9310061850889386e-5	2.9314558760776764e-5
0.4754754754754755	2.9348492364359113e-5	2.9353032120556254e-5
0.4854854854854855	2.938780468849883e-5	2.939238846674822e-5
0.4954954954954955	2.9428003020999327e-5	2.94326320131678e-5
0.5055055055055055	2.9469091664211606e-5	2.9473767082325028e-5
0.5155155155155156	2.9511075022575462e-5	2.9515798096779478e-5
0.5255255255255256	2.955395760820814e-5	2.9558729586195573e-5
0.5355355355355356	2.959774403655369e-5	2.960256619049192e-5
0.5455455455455456	2.964243903333658e-5	2.96473126540038e-5
0.5555555555555556	2.9688047430903478e-5	2.9692973832411032e-5
0.5655655655655656	2.973457417320749e-5	2.9739554688391747e-5
0.5755755755755756	2.9782024314303535e-5	2.9787060301687822e-5
0.5855855855855856	2.9830403021243766e-5	2.9835495861644434e-5
0.5955955955955956	2.9879715572996293e-5	2.988486667214624e-5
0.6056056056056056	2.9929967365171756e-5	2.9935178153233502e-5
0.6156156156156156	2.9981163909792406e-5	2.9986435841671155e-5
0.6256256256256256	3.0033310835315022e-5	3.0038645391876422e-5
0.6356356356356356	3.008641388947124e-5	3.0091812580528787e-5
0.6456456456456456	3.0140478940518717e-5	3.0145943301838246e-5
0.6556556556556556	3.0195511980568385e-5	3.020104357508542e-5
0.6656656656656657	3.025151912313431e-5	3.0257119545033258e-5
0.6756756756756757	3.0308506605109854e-5	3.0314177478885803e-5
0.6856856856856857	3.0366480793901098e-5	3.037222377386397e-5
0.6956956956956957	3.042544818326956e-5	3.043126495506434e-5
0.7057057057057057	3.0485415396194696e-5	3.0491307677992178e-5
0.7157157157157157	3.054638918966525e-5	3.055235873329071e-5
0.7257257257257257	3.0608376451643217e-5	3.061442504268303e-5
0.7357357357357357	3.067138420511372e-5	3.067751366561169e-5
0.7457457457457457	3.073541961270448e-5	3.07416317989819e-5
0.7557557557557557	3.0800489972331286e-5	3.08067867800693e-5
0.7657657657657657	3.086660272593407e-5	3.0872986087201326e-5
0.7757757757757757	3.09337654564967e-5	3.0940237344079196e-5
0.7857857857857858	3.1001985893169895e-5	3.100854831664861e-5
0.7957957957957958	3.107127190868458e-5	3.107792692343811e-5
0.8058058058058059	3.114163152842419e-5	3.114838122953741e-5
0.8158158158158159	3.1213072927516816e-5	3.1219919453514255e-5
0.8258258258258259	3.128560443169373e-5	3.12925499679156e-5
0.8358358358358359	3.135923452836596e-5	3.136628130326799e-5
0.8458458458458459	3.143397185688294e-5	3.144112214745891e-5
0.8558558558558559	3.150982521921365e-5	3.1517081350534934e-5
0.8658658658658659	3.158680357898753e-5	3.159416792665236e-5
0.8758758758758759	3.166491606721751e-5	3.167239105680593e-5
0.8858858858858859	3.174417198003712e-5	3.175176008920756e-5
0.8958958958958959	3.1824580783145974e-5	3.1832284545527754e-5
0.9059059059059059	3.1906152118989296e-5	3.1913974120969764e-5
0.9159159159159159	3.198889580092875e-5	3.199683868764272e-5
0.9259259259259259	3.207282182416266e-5	3.208088829715783e-5
0.9359359359359359	3.215794036316456e-5	3.216613318448873e-5
0.9459459459459459	3.22442617760607e-5	3.225258377012293e-5
0.955955955955956	3.2331796609033694e-5	3.234025066316922e-5
0.965965965965966	3.242055559795008e-5	3.242914466397051e-5
0.975975975975976	3.2510549671675925e-5	3.251927676817857e-5
0.985985985985986	3.260178995592962e-5	3.261065816890285e-5
0.995995995995996	3.2694287775219855e-5	3.27033002609336e-5
1.006006006006006	3.2788054656856486e-5	3.279721464578027e-5
1.016016016016016	3.288310233326134e-5	3.2892413129786806e-5
1.026026026026026	3.297944274943008e-5	3.298890773345141e-5
1.0360360360360361	3.3077088061251686e-5	3.3086710689501736e-5
1.0460460460460461	3.3176050642219546e-5	3.318583445425212e-5
1.0560560560560561	3.3276343087552825e-5	3.32862917032854e-5
1.0660660660660661	3.337797821425531e-5	3.3388095341018994e-5
1.0760760760760761	3.348096907019231e-5	3.349125850147548e-5
1.0860860860860861	3.358532893513758e-5	3.359579455323669e-5
1.0960960960960962	3.369107132196747e-5	3.3701717102608314e-5
1.1061061061061062	3.379820998995415e-5	3.3809040002714724e-5
1.1161161161161162	3.390675893619962e-5	3.391777734981971e-5
1.1261261261261262	3.4016732415097e-5	3.4027943495622834e-5
1.1361361361361362	3.412814492670248e-5	3.413955304499232e-5
1.1461461461461462	3.424101123563785e-5	3.425262086749562e-5
1.1561561561561562	3.435534636466273e-5	3.436716209647992e-5
1.1661661661661662	3.447116560803608e-5	3.448319213483414e-5
1.1761761761761762	3.458848453114861e-5	3.4600726664801276e-5
1.1861861861861862	3.470731897576941e-5	3.4719781646659376e-5
1.1961961961961962	3.4827685068057055e-5	3.4840373327504515e-5
1.2062062062062062	3.4949599223200675e-5	3.496251824579708e-5
1.2162162162162162	3.507307814772056e-5	3.508623323966968e-5
1.2262262262262262	3.519813884760879e-5	3.521153544599698e-5
1.2362362362362362	3.5324798635685696e-5	3.533844231355935e-5
1.2462462462462462	3.545307513244594e-5	3.5466971602993626e-5
1.2562562562562563	3.558298627611216e-5	3.559714139670957e-5
1.2662662662662663	3.571455032838531e-5	3.57289701031875e-5
1.2762762762762763	3.584778587893279e-5	3.586247646464387e-5
1.2862862862862863	3.598271185062509e-5	3.5997679562330156e-5
1.2962962962962963	3.611934751229343e-5	3.613459882416973e-5
1.3063063063063063	3.62577124767843e-5	3.6273254031209625e-5
1.3163163163163163	3.6397826715415916e-5	3.641366532416869e-5
1.3263263263263263	3.65397105606337e-5	3.655585321118126e-5
1.3363363363363363	3.6683384712665514e-5	3.669983857537537e-5
1.3463463463463463	3.682887025174096e-5	3.6845642681068584e-5
1.3563563563563563	3.6976188641178266e-5	3.699328718415359e-5
1.3663663663663663	3.712536173527836e-5	3.714279413759736e-5
1.3763763763763763	3.727641179044868e-5	3.729418600040746e-5
1.3863863863863863	3.7429361471442815e-5	3.744748564568504e-5
1.3963963963963963	3.7584233858290905e-5	3.760271637007504e-5
1.4064064064064064	3.774105245515114e-5	3.775990190188678e-5
1.4164164164164164	3.78998412036871e-5	3.791906640834444e-5
1.4264264264264264	3.806062448817221e-5	3.8080234510566356e-5
1.4364364364364364	3.8223427141923675e-5	3.824343128451991e-5
1.4464464464464464	3.838827446150935e-5	3.840868227911737e-5
1.4564564564564564	3.855519221648995e-5	3.8576013519386766e-5
1.4664664664664664	3.8724206657641484e-5	3.874545152220499e-5
1.4764764764764764	3.889534452520285e-5	3.891702330225196e-5
1.4864864864864864	3.9068633063233426e-5	3.909075638592566e-5
1.4964964964964964	3.924410002913468e-5	3.926667881933716e-5
1.5065065065065064	3.94217737035885e-5	3.944481918570461e-5
1.5165165165165164	3.960168290213891e-5	3.9625206608608024e-5
1.5265265265265264	3.978385698743017e-5	3.9807870770318935e-5
1.5365365365365364	3.996832588124132e-5	3.999284192062834e-5
1.5465465465465464	4.015512007800532e-5	4.0180150891538384e-5
1.5565565565565564	4.034427065271511e-5	4.036982910968525e-5
1.5665665665665667	4.053580928000625e-5	4.056190860929186e-5
1.5765765765765767	4.072976824043348e-5	4.0756422044111404e-5
1.5865865865865867	4.0926180445288514e-5	4.095340270546779e-5
1.5965965965965967	4.112507943326671e-5	4.115288453355636e-5
1.6066066066066067	4.1326499405138016e-5	4.135490213200147e-5
1.6166166166166167	4.1530475219958576e-5	4.1559490786294966e-5
1.6266266266266267	4.1737042421838215e-5	4.176668647440907e-5
1.6366366366366367	4.1946237256369744e-5	4.1976525887277545e-5
1.6466466466466467	4.215809667486654e-5	4.2189046444040385e-5
1.6566566566566567	4.237265836377753e-5	4.240428630760081e-5
1.6666666666666667	4.2589960752735406e-5	4.262228440287422e-5
1.6766766766766767	4.28100430385952e-5	4.2843080435827435e-5
1.6866866866866868	4.303294519645734e-5	4.306671491011806e-5
1.6966966966966968	4.325870800537393e-5	4.32932291474895e-5
1.7067067067067068	4.348737306138369e-5	4.352266530633083e-5
1.7167167167167168	4.371898279874307e-5	4.375506640255773e-5
1.7267267267267268	4.395358051059419e-5	4.39904763281912e-5
1.7367367367367368	4.419121036879376e-5	4.42289398765331e-5
1.7467467467467468	4.443191744427072e-5	4.44705027582968e-5
1.7567567567567568	4.467574773372313e-5	4.471521163092897e-5
1.7667667667667668	4.4922748170622204e-5	4.4963114115497315e-5
1.7767767767767768	4.517296666366047e-5	4.5214258824213456e-5
1.7867867867867868	4.542645210419143e-5	4.546869538412318e-5
1.7967967967967968	4.56832544053511e-5	4.572647446038835e-5
1.8068068068068068	4.594342451503916e-5	4.5987647786924564e-5
1.8168168168168168	4.62070144501758e-5	4.62522681862545e-5
1.8268268268268268	4.647407731772449e-5	4.652038960446922e-5
1.8368368368368369	4.674466734672636e-5	4.679206713440548e-5
1.8468468468468469	4.7018839910798534e-5	4.70673570470815e-5
1.8568568568568569	4.729665156444887e-5	4.7346316821747396e-5
1.8668668668668669	4.757816006429005e-5	4.762900517365105e-5
1.8768768768768769	4.786342440770217e-5	4.791548209370771e-5
1.8868868868868869	4.8152504858508625e-5	4.820580887336102e-5
1.896896896896897	4.8445462983863454e-5	4.8500048141652685e-5
1.906906906906907	4.8742361685660455e-5	4.8798263903157935e-5
1.916916916916917	4.9043265236614205e-5	4.9100521569321296e-5
1.926926926926927	4.934823931321301e-5	4.9406887998081996e-5
1.936936936936937	4.965735103610134e-5	4.9717431533911935e-5
1.946946946946947	4.9970669006194055e-5	5.0032222043037804e-5
1.956956956956957	5.028826334447114e-5	5.035133095993843e-5
1.966966966966967	5.061020573231611e-5	5.067483132678743e-5
1.976976976976977	5.0936569450167537e-5	5.1002797832984795e-5
1.986986986986987	5.1267429428940814e-5	5.133530686948036e-5
1.996996996996997	5.1602862283025125e-5	5.1672436566988414e-5
2.007007007007007	5.19429463660713e-5	5.201426684842065e-5
2.017017017017017	5.2287761811645074e-5	5.2360879476217804e-5
2.027027027027027	5.263739058714275e-5	5.271235810398516e-5
2.037037037037037	5.29919165392666e-5	5.3068788332529715e-5
2.047047047047047	5.3351425448642805e-5	5.343025775793556e-5
2.057057057057057	5.371600508370046e-5	5.379685603361368e-5
2.067067067067067	5.4085745258551304e-5	5.416867492789494e-5
2.0770770770770772	5.44607378833932e-5	5.454580838223177e-5
2.0870870870870872	5.484107703021724e-5	5.492835257476149e-5
2.0970970970970972	5.5226858990246706e-5	5.53164059844653e-5
2.1071071071071072	5.561818234114599e-5	5.571006946021183e-5
2.1171171171171173	5.601514800990168e-5	5.61094462835674e-5
2.1271271271271273	5.641785933773719e-5	5.651464224826714e-5
2.1371371371371373	5.682642215632983e-5	5.6925765728822656e-5
2.1471471471471473	5.7240944856187025e-5	5.734292775741756e-5
2.1571571571571573	5.766153846102719e-5	5.7766242104478726e-5
2.1671671671671673	5.808831670731365e-5	5.819582535969996e-5
2.1771771771771773	5.852139612267049e-5	5.8631797018690746e-5
2.1871871871871873	5.896089611033545e-5	5.907427956768199e-5
2.1971971971971973	5.9406939033871034e-5	5.952339857547158e-5
2.2072072072072073	5.985965030804046e-5	5.99792827908578e-5
2.2172172172172173	6.031915848450293e-5	6.04420642360808e-5
2.2272272272272273	6.078559535744618e-5	6.0911878309885786e-5
2.2372372372372373	6.125909605365624e-5	6.138886389388014e-5
2.2472472472472473	6.173979913840625e-5	6.187316345935241e-5
2.2572572572572573	6.222784672065412e-5	6.236492318011551e-5
2.2672672672672673	6.272338456287902e-5	6.286429305077222e-5
2.2772772772772774	6.322656219597348e-5	6.337142700952493e-5
2.2872872872872874	6.373753303373613e-5	6.388648305924044e-5
2.2972972972972974	6.425645450369693e-5	6.440962340273956e-5
2.3073073073073074	6.478348816367382e-5	6.494101457990033e-5
2.3173173173173174	6.531879983938605e-5	6.548082760278686e-5
2.3273273273273274	6.58625597599181e-5	6.602923810675115e-5
2.3373373373373374	6.641494270220663e-5	6.658642650249584e-5
2.3473473473473474	6.697612813194149e-5	6.71525781316192e-5
2.3573573573573574	6.754630036429921e-5	6.772788343222762e-5
2.3673673673673674	6.812564871565524e-5	6.831253811099429e-5
2.3773773773773774	6.871436767376546e-5	6.89067433183438e-5
2.3873873873873874	6.931265706641727e-5	6.951070583341036e-5
2.3973973973973974	6.992072223960153e-5	7.01246382594526e-5
2.4074074074074074	7.053877424559848e-5	7.074875921856529e-5
2.4174174174174174	7.11670300294677e-5	7.13832935629464e-5
2.4274274274274275	7.180571263573209e-5	7.202847259102601e-5
2.4374374374374375	7.245505141149452e-5	7.268453427146143e-5
2.4474474474474475	7.31152822257412e-5	7.33517234789226e-5
2.4574574574574575	7.378664769270355e-5	7.40302922370956e-5
2.4674674674674675	7.446939740871372e-5	7.472049997467696e-5
2.4774774774774775	7.516378819265913e-5	7.542261379217888e-5
2.4874874874874875	7.587008434479042e-5	7.613690873401858e-5
2.4974974974974975	7.658855790603542e-5	7.686366808318496e-5
2.5075075075075075	7.731948893812166e-5	7.760318365544377e-5
2.5175175175175175	7.806316581129312e-5	7.835575611786826e-5
2.5275275275275275	7.881988549716419e-5	7.912169531621669e-5
2.5375375375375375	7.958995388963082e-5	7.990132061192909e-5
2.5475475475475475	8.037368612371184e-5	8.069496124909939e-5
2.5575575575575575	8.117140691691404e-5	8.150295671404964e-5
2.5675675675675675	8.198345092835189e-5	8.232565713729873e-5
2.5775775775775776	8.281016312060822e-5	8.31634236922145e-5
2.5875875875875876	8.365189915255436e-5	8.401662902409826e-5
2.5975975975975976	8.450902577699263e-5	8.488565769310522e-5
2.6076076076076076	8.538192126634004e-5	8.577090664258248e-5
2.6176176176176176	8.627097584782911e-5	8.66727856830022e-5
2.6276276276276276	8.717659217042848e-5	8.759171800064196e-5
2.6376376376376376	8.809918577141921e-5	8.852814069308982e-5
2.6476476476476476	8.903918559734034e-5	8.948250533017736e-5
2.6576576576576576	8.999703451553645e-5	9.04552785297754e-5
2.6676676676676676	9.097318986896633e-5	9.144694258152709e-5
2.6776776776776776	9.196812405235942e-5	9.245799608240597e-5
2.6876876876876876	9.298232511148907e-5	9.348895461138866e-5
2.6976976976976976	9.40162973756278e-5	9.454035143932142e-5
2.7077077077077076	9.507056212224014e-5	9.561273826506225e-5
2.7177177177177176	9.614565826436634e-5	9.670668599865124e-5
2.7277277277277276	9.724214307742513e-5	9.78227855755226e-5
2.7377377377377377	9.83605929622621e-5	9.896164881308676e-5
2.7477477477477477	9.950160424103575e-5	0.00010012390931833721
2.7577577577577577	0.00010066579399674755	0.00010131022342803483
2.7677677677677677	0.00010185380095590176	0.00010252127121025639
2.7777777777777777	0.0001030662864004365	0.00010375775751094553
2.7877877877877877	0.00010430393515045812	0.00010502041305699832
2.7977977977977977	0.00010556745657606092	0.00010630999561680919
2.8078078078078077	0.000106857585667666	0.00010762729122238036
2.8178178178178177	0.0001081750841651543	0.00010897311546082526
2.8278278278278277	0.00010952074173943984	0.00011034831482593206
2.8378378378378377	0.00011089537723923125	0.00011175376815593175
2.8478478478478477	0.00011229984000718435	0.00011319038813860214
2.8578578578578577	0.00011373501125143805	0.00011465912290576175
2.8678678678678677	0.0001152018055090982	0.00011616095771456935
2.8778778778778777	0.00011670117217541705	0.00011769691672678673
2.8878878878878878	0.00011823409712482228	0.00011926806488238364
2.8978978978978978	0.00011980160440894728	0.00012087550988199059
2.9079079079079078	0.00012140475806338068	0.00012252040429065988
2.9179179179179178	0.0001230446639997852	0.0001242039477512273
2.9279279279279278	0.0001247224720180154	0.0001259273893421963
2.937937937937938	0.0001264393779181294	0.00012769203005630903
2.947947947947948	0.00012819662574715384	0.00012949922544632685
2.957957957957958	0.00012999551016152158	0.0001313503884188011
2.967967967967968	0.0001318373789342029	0.0001332469921932694
2.977977977977978	0.00013372363560630262	0.0001351905734566562
2.987987987987988	0.00013565574229806355	0.00013718273569703675
2.997997997997998	0.00013763522267457612	0.00013922515275785835
3.008008008008008	0.00013966366511066483	0.000141319572605166
3.018018018018018	0.0001417427260220647	0.00014346782134126585
3.028028028028028	0.00014387413342131132	0.00014567180747253563
3.038038038038038	0.00014605969067955945	0.0001479335264504591
3.048048048048048	0.0001483012805250879	0.00015025506551418882
3.058058058058058	0.00015060086929755319	0.00015263860884983876
3.068068068068068	0.0001529605114548077	0.00015508644309074993
3.078078078078078	0.00015538235439237935	0.00015760096319159523
3.088088088088088	0.0001578686435489246	0.0001601846786932449
3.098098098098098	0.00016042172785919712	0.00016284022043135495
3.108108108108108	0.0001630440655579948	0.00016557034769135339
3.118118118118118	0.00016573823036418017	0.00016837795587265058
3.1281281281281283	0.00016850691809324294	0.00017126608470052881
3.1381381381381384	0.00017135295369736077	0.00017423792701098766
3.1481481481481484	0.00017427929879669033	0.00017729683817337193
3.1581581581581584	0.00017728905972962843	0.00018044634620477238
3.1681681681681684	0.0001803854961547439	0.0001836901626265421
3.1781781781781784	0.00018357203025908442	0.00018703219412482871
3.1881881881881884	0.0001868522566332285	0.00019047655508964246
3.1981981981981984	0.00019022995282717012	0.00019402758111545124
3.2082082082082084	0.00019370909070066415	0.00019768984352652578
3.2182182182182184	0.0001972938485755279	0.0002014681650551737
3.2282282282282284	0.00020098862430912619	0.00020536763671322544
3.2382382382382384	0.00020479804933485726	0.00020939363605909433
3.2482482482482484	0.00020872700375949166	0.0002135518468892413
3.2582582582582584	0.00021278063262455892	0.00021784828055899501
3.2682682682682684	0.00021696436341699232	0.00022228929905806095
3.2782782782782784	0.00022128392493937302	0.00022688163999139572
3.2882882882882885	0.00022574536768951137	0.0002316324437104596
3.2982982982982985	0.00023035508585022573	0.0002365492827173362
3.3083083083083085	0.0002351198410658403	0.00024164019364220784
3.3183183183183185	0.0002400467881594964	0.00024691371201926806
3.3283283283283285	0.00024514350296875	0.00025237891014447903
3.3383383383383385	0.00025041801253534594	0.00025804543834417155
3.3483483483483485	0.00025587882782697447	0.00026392356998959545
3.3583583583583585	0.0002615349792794548	0.0002700242506931353
3.3683683683683685	0.00026739605542506264	0.0002763591520736542
3.3783783783783785	0.00027347224490926173	0.00028294073065492835
3.3883883883883885	0.0002797743822600711	0.00028978229240235356
3.3983983983983985	0.0002863139977760612	0.0002968980635619288
3.4084084084084085	0.00029310337198680205	0.00030430326850985987
3.4184184184184185	0.00030015559513597444	0.00031201421539925784
3.4284284284284285	0.0003074846322715478	0.000320048390540025
3.4384384384384385	0.0003151053945045049	0.0003284245625152411
3.4484484484484486	0.0003230338171518644	0.00033716289722262547
3.4584584584584586	0.00033128694552062704	0.00034628508516797466
3.4684684684684686	0.0003398830292011121	0.00035581448250405616
3.4784784784784786	0.00034884162582912443	0.00036577626758258587
3.4884884884884886	0.000358183715475064	0.0003761976149597101
3.4984984984984986	0.00036793182682805817	0.0003871078891390327
3.5085085085085086	0.00037811017671197597	0.0003985388606456529
3.5185185185185186	0.00038874482443999246	0.00041052494743749066
3.5285285285285286	0.0003998638429319444	0.0004231034850895478
3.5385385385385386	0.0004114975086658171	0.0004363150297530924
3.5485485485485486	0.0004236785128749861	0.0004502036985229633
3.5585585585585586	0.0004364421967645851	0.0004648175525605362
3.5685685685685686	0.0004498268139129505	0.0004802090292777422
3.5785785785785786	0.00046387382350017133	0.0004964354308244441
3.5885885885885886	0.0004786282185911994	0.0005135594775027018
3.5985985985985987	0.0004941388943368535	0.0005316499361205767
3.6086086086086087	0.0005104590617447013	0.0005507823351195346
3.6186186186186187	0.0005276467135660276	0.0005710397804601629
3.6286286286286287	0.0005457651499640758	0.0005925138888214155
3.6386386386386387	0.0005648835728779718	0.00061530585782888
3.6486486486486487	0.0005850777595338572	0.0006395276967505744
3.6586586586586587	0.0006064308273998267	0.000665303645824374
3.6686686686686687	0.0006290341050481255	0.0006927718179753987
3.6786786786786787	0.0006529881260068514	0.0007220861036727201
3.6886886886886887	0.0006784037658820099	0.0007534183882634054
3.6986986986986987	0.0007054035468483414	0.0007869611418089505
3.7087087087087087	0.0007341231382416933	0.0008229304546425831
3.7187187187187187	0.0007647130877325006	0.0008615696086480582
3.7287287287287287	0.0007973408244295293	0.0009031532949712932
3.7387387387387387	0.0008321929838882528	0.00094799261563814
3.7487487487487487	0.0008694781155165857	0.0009964410399229402
3.7587587587587588	0.0009094298460025602	0.0010489015298210252
3.7687687687687688	0.0009523105886689979	0.0011058351042949016
3.7787787787787788	0.0009984159092086206	0.0011677711842551976
3.7887887887887888	0.0010480796839225307	0.0012353201543734212
3.798798798798799	0.001101680219283631	0.0013091887017791033
3.808808808808809	0.0011596475431377565	0.001390198656043013
3.818818818818819	0.001222472131136248	0.001479310274567841
3.828828828828829	0.001290715400605209	0.0015776512139684979
3.838838838838839	0.0013650223930738135	0.0016865528314274165
3.848848848848849	0.0014461371831805535	0.0018075960147538998
3.858858858858859	0.0015349217049894523	0.0019426695108261348
3.868868868868869	0.0016323788900708797	0.002094044805123878
3.878878878878879	0.0017396812841018391	0.0022644731458496417
3.888888888888889	0.001858206676173736	0.0024573125261249675
3.898898898898899	0.001989582775912703	0.002676695681826177
3.908908908908909	0.002135743662740818	0.002927754975255929
3.918918918918919	0.002299001690494375	0.0032169272925863484
3.928928928928929	0.002482139879692006	0.0035523732250924865
3.938938938938939	0.002688531750800326	0.003944562246292467
3.948948948948949	0.002922298324140847	0.004407103490254116
3.958958958958959	0.0031885160686852643	0.004957947407245735
3.968968968968969	0.0034934956101175542	0.0056211603261740704
3.978978978978979	0.0038451601146457085	0.006429606748234589
3.988988988988989	0.0042535662715596665	0.007429111561832172
3.998998998998999	0.004731632768572265	0.008685114569391335
4.009009009009009	0.005296176370618274	0.010293681070726621
4.019019019019019	0.005969413518793959	0.012400460294657654
4.029029029029029	0.006781182785770776	0.015234894065020998
4.039039039039039	0.007772312602130455	0.0191754935788988
4.049049049049049	0.008999861952102806	0.02488317069103758
4.059059059059059	0.01054552643449227	0.033597663016099635
4.069069069069069	0.012529599222361085	0.04787234501682679
4.079079079079079	0.015135115206432497	0.07368164658033349
4.089089089089089	0.018651643787227445	0.12785911357801943
4.099099099099099	0.023559379188357408	0.2744861782771431
4.109109109109109	0.030702229093315974	0.9586424390257274
4.119119119119119	0.041676399813204514	41.184904186293316
4.129129129129129	0.059806048325593934	1.7011208947737415
4.1391391391391394	0.09299108523649723	0.3659134935591614
4.1491491491491495	0.16402454442653328	0.1548948753441043
4.1591591591591595	0.3633555555934468	0.08509869457533285
4.1691691691691695	1.3848626884982516	0.053737332769393645
4.1791791791791795	128.6967691340579	0.037012879331459726
4.1891891891891895	1.6404363421703942	0.02705554558215149
4.1991991991991995	0.39570012061417975	0.020652827785991663
4.2092092092092095	0.1736353885671542	0.016294767565649716
4.2192192192192195	0.09705505456100218	0.013195682496886157
4.2292292292292295	0.06189419165171971	0.010914007612084492
4.2392392392392395	0.04289201536701041	0.009186091648620031
4.2492492492492495	0.031475054781478676	0.007846629587235664
4.2592592592592595	0.024084574355015133	0.006787715412180962
4.2692692692692695	0.01902812008657036	0.005936487960337162
4.2792792792792795	0.015417321650438616	0.0052423117054889645
4.2892892892892895	0.0127495083329413	0.004669112627004438
4.2992992992992995	0.01072291357494945	0.004190629243891584
4.3093093093093096	0.009147492975015981	0.003787377178517858
4.31931931931932	0.007898729831838813	0.0034446554351929295
4.32932932932933	0.006892280489527263	0.0031512050046809117
4.33933933933934	0.006069368539602551	0.002898286817970618
4.34934934934935	0.005388018764538245	0.002679035668781424
4.35935935935936	0.004817607206144445	0.002487999609936323
4.36936936936937	0.004335367497082189	0.002320806396762509
4.37937937937938	0.0039240902363568125	0.002173918472468147
4.38938938938939	0.003570571538043001	0.0020444506415566634
4.3993993993994	0.0032645443811305267	0.0019300327734394116
4.40940940940941	0.0029979283871975483	0.0018287052867896844
4.41941941941942	0.002764294031710867	0.0017388387940948705
4.42942942942943	0.0025584739997668417	0.0016590717591382755
4.43943943943944	0.002376277252501231	0.0015882617302236481
4.44944944944945	0.002214275914839137	0.0015254469100533356
4.45945945945946	0.0020696445360631906	0.001469815673340777
4.46946946946947	0.001940037514761163	0.0014206822536283917
4.47947947947948	0.001823494673872776	0.0013774672638368532
4.48948948948949	0.0017183678333911568	0.001339682040417721
4.4994994994995	0.001623263210043774	0.0013069160421030897
4.50950950950951	0.0015369958626475632	0.0012788267152376168
4.51951951951952	0.0014585533888735525	0.001255131374801128
4.52952952952953	0.0013870667877689121	0.0012356007555146362
4.53953953953954	0.0013217869169844841	0.001220053969616834
4.54954954954955	0.0012620653507613854	0.0012083546728060915
4.55955955955956	0.0012073387241887863	0.0012004082927625972
4.56956956956957	0.0011571158575307814	0.0011961602187551886
4.57957957957958	0.0011109671116096794	0.0011955948890070402
4.58958958958959	0.0010685155443062911	0.0011987357473853275
4.5995995995996	0.0010294295294338157	0.0012056460741702542
4.60960960960961	0.000993416569312508	0.0012164307294775648
4.61961961961962	0.0009602180869030415	0.0012312388845038714
4.62962962962963	0.0009296050257097555	0.0012502678566014371
4.63963963963964	0.0009013741189844384	0.0012737682131253578
4.64964964964965	0.0008753447161832375	0.0013020503683082584
4.65965965965966	0.0008513560753293275	0.001335492972166522
4.66966966966967	0.0008292650468446292	0.0013745534862563932
4.67967967967968	0.0008089440875938548	0.0014197814659899016
4.68968968968969	0.0007902795548075269	0.0014718352344364242
4.6996996996997	0.0007731702382777274	0.0015315028539062533
4.70970970970971	0.0007575260963063647	0.001599728601250958
4.71971971971972	0.0007432671668100355	0.0016776465637980528
4.72972972972973	0.0007303226297211729	0.0017666235422335115
4.73973973973974	0.0007186300008509845	0.0018683142454718005
4.74974974974975	0.0007081344406773078	0.001984732896781846
4.75975975975976	0.0006987881642625627	0.002118347002594274
4.76976976976977	0.0006905499409783331	0.002272201416554484
4.77977977977978	0.0006833846745121499	0.0024500843594471625
4.78978978978979	0.0006772630555718736	0.002656752367627635
4.7997997997998	0.0006721612809712288	0.0028982392846696554
4.80980980980981	0.0006680608343658657	0.003182287134401829
4.81981981981982	0.0006649483248014638	0.0035189570222853893
4.82982982982983	0.0006628153806067862	0.003921511393886535
4.83983983983984	0.000661658596987937	0.004407714614019728
4.84984984984985	0.0006614795367832664	0.0050017948346016685
4.85985985985986	0.0006622847847559932	0.00573748121764649
4.86986986986987	0.0006640860568217201	0.006662846823088743
4.87987987987988	0.0006669003666777601	0.007848296743477812
4.88988988988989	0.0006707502533508504	0.009400272245920053
4.8998998998999	0.0006756640744729449	0.01148587157194198
4.90990990990991	0.000681676371510301	0.014379585920404574
4.91991991991992	0.0006888283145820785	0.018558146725916946
4.92992992992993	0.0006971682365934493	0.024909681150263475
4.93993993993994	0.0007067522683065965	0.035246693868677556
4.94994994994995	0.0007176450886536238	0.053755929440050636
4.95995995995996	0.0007299208076537892	0.09200640599634324
4.96996996996997	0.0007436640028072596	0.19258236883693666
4.97997997997998	0.0007589709345236031	0.6293104555872446
4.98998998998999	0.000775950971284066	15.06664165387889
5.0	0.0007947282622157283	1.5967081931404934
