-5.0	0.043342371778047985	0.0009032750111001005
-4.98998998998999	0.07324637353617984	0.0008709079178703049
-4.97997997997998	0.14982589477309116	0.0008420585477238038
-4.96996996996997	0.46234431536565285	0.0008163589908460904
-4.95995995995996	7.3903419360302	0.0007934951185987514
-4.94994994994995	1.6632339828991642	0.000773198031547847
-4.93993993993994	0.2806960981985351	0.0007552371093393212
-4.92992992992993	0.11094250972785943	0.0007394143354064605
-4.91991991991992	0.05902658961677496	0.000725559643681868
-4.90990990990991	0.03659545724350284	0.0007135270902324383
-4.8998998998999	0.024913353233753394	0.0007031916957237101
-4.88988988988989	0.0180677761661028	0.0006944468373836412
-4.87987987987988	0.013715758465559749	0.0006872020943614129
-4.86986986986987	0.010778586332217246	0.0006813814705639997
-4.85985985985986	0.0087034987637896	0.0006769219344456686
-4.84984984984985	0.007183489847920574	0.0006737722277943159
-4.83983983983984	0.006036972053734271	0.0006718919053754313
-4.82982982982983	0.005150966362782471	0.00067125057561356
-4.81981981981982	0.00445219451710698	0.0006718273189296486
-4.80980980980981	0.0038914438284375174	0.0006736102661038766
-4.7997997997998	0.003434670955144332	0.0006765963237090474
-4.78978978978979	0.0030577186055982804	0.0006807910379478878
-4.77977977977978	0.0027430606666324774	0.0006862085919489859
-4.76976976976977	0.002477732217002964	0.0006928719351831338
-4.75975975975976	0.0022519759452812316	0.0007008130471886607
-4.74974974974975	0.0020583350189569936	0.0007100733411809869
-4.73973973973974	0.0018910317212568202	0.0007207042171221119
-4.72972972972973	0.0017455334210614319	0.0007327677775631295
-4.71971971971972	0.001618244005444078	0.0007463377245516724
-4.70970970970971	0.0015062809777103396	0.000761500460901347
-4.6996996996997	0.0014073120818615232	0.000778356425676835
-4.68968968968969	0.0013194339562736448	0.0007970217011115367
-4.67967967967968	0.0012410808997687995	0.0008176299375698889
-4.66966966966967	0.0011709555036392915	0.0008403346543651439
-4.65965965965966	0.0011079753597051485	0.000865311988476543
-4.64964964964965	0.0010512317235575439	0.000892763980828007
-4.63963963963964	0.0009999571636412667	0.0009229225122408142
-4.62962962962963	0.0009535000313708717	0.0009560540295636847
-4.61961961961962	0.0009113041570391456	0.0009924652391114087
-4.60960960960961	0.000872892584020034	0.001032509991635275
-4.5995995995996	0.000837854448922469	0.001076597644492193
-4.58958958958959	0.0008058343312579905	0.0011252032670971016
-4.57957957957958	0.0007765235554667028	0.0011788801620589262
-4.56956956956957	0.0007496530469419232	0.0012382753160567375
-4.55955955955956	0.0007249874327194099	0.0013041485846587227
-4.54954954954955	0.0007023201453967397	0.0013773966734102149
-4.53953953953954	0.0006814693398457433	0.0014590833306165672
-4.52952952952953	0.0006622744724807189	0.0015504776558871408
-4.51951951951952	0.0006445934230758914	0.0016531031118654875
-4.50950950950951	0.0006283000631391789	0.0017688007936662567
-4.4994994994995	0.0006132821936191008	0.0018998118963288353
-4.48948948948949	0.0005994397893556847	0.002048886334125808
-4.47947947947948	0.0005866834993866175	0.0022194274335133445
-4.46946946946947	0.0005749333616818673	0.002415687066920693
-4.45945945945946	0.0005641176979774119	0.0026430323684397197
-4.44944944944945	0.0005541721609532754	0.0029083156899716647
-4.43943943943944	0.000545038910067928	0.0032203961264851
-4.42942942942943	0.0005366658972203637	0.0035908879645753645
-4.41941941941942	0.0005290062457443914	0.00403525633285179
-4.40940940940941	0.0005220177094993676	0.004574457113184919
-4.3993993993994	0.0005156622007208061	0.005237453542424225
-4.38938938938939	0.0005099053770564254	0.006065189106544184
-4.37937937937938	0.0005047162797837408	0.007117065945994934
-4.36936936936937	0.0005000670164872831	0.008481911845048193
-4.35935935935936	0.0004959324822726366	0.010297376610219247
-4.34934934934935	0.0004922901147487477	0.01278606545042649
-4.33933933933934	0.0004891196784625206	0.016327205463100052
-4.32932932932933	0.00048640307532081106	0.021610207404698104
-4.31931931931932	0.0004841241778608995	0.029997556089946278
-4.3093093093093096	0.00048226868276269875	0.04450016460579121
-4.2992992992992995	0.00048082398234395365	0.07291010899610767
-4.2892892892892895	0.00047977905213179476	0.14094562109763417
-4.2792792792792795	0.0004791243528488875	0.379977151663541
-4.2692692692692695	0.0004788517453495808	2.9303560454306554
-4.2592592592592595	0.00047895441735339384	4.30459164093759
-4.2492492492492495	0.00047942682094439273	0.4334533362582584
-4.2392392392392395	0.0004802646198578572	0.15241975692508536
-4.2292292292292295	0.00048146464598599524	0.07702941647244305
-4.2192192192192195	0.00048302486433406827	0.04639915064300496
-4.2092092092092095	0.00048494434605234727	0.031012246366253906
-4.1991991991991995	0.00048722324900820507	0.02220798590109789
-4.1891891891891895	0.0004898628057636334	0.0167048888118836
-4.1791791791791795	0.0004928653185990644	0.013037834300909086
-4.1691691691691695	0.0004962341615043464	0.010472723470292827
-4.1591591591591595	0.0004999737890997208	0.008608776608586848
-4.1491491491491495	0.0005040897524575937	0.007212138782142108
-4.1391391391391394	0.0005085887219956639	0.006138906316600671
-4.129129129129129	0.0005134785175350869	0.005296591368280538
-4.119119119119119	0.000518768145854365	0.0046235561552948725
-4.109109109109109	0.0005244678460295157	0.004077441371858134
-4.099099099099099	0.0005305891430020985	0.0036283589848265575
-4.089089089089089	0.0005371449099702308	0.0032547326510679172
-4.079079079079079	0.0005441494400596084	0.0029406710966162603
-4.069069069069069	0.0005516185282147657	0.0026742612296440822
-4.059059059059059	0.0005595695640497168	0.0024464305358511615
-4.049049049049049	0.0005680216366957156	0.002250171674538857
-4.039039039039039	0.0005769956528538209	0.00208000323778071
-4.029029029029029	0.0005865144692921025	0.0019315879113933484
-4.019019019019019	0.0005966030414826122	0.0018014576400546109
-4.009009009009009	0.0006072885899938166	0.0016868128516507417
-3.998998998998999	0.0006186007868231787	0.0015853737826940111
-3.988988988988989	0.0006305719639047035	0.0014952690083381624
-3.978978978978979	0.0006432373465504813	0.0014149509063213635
-3.968968968968969	0.0006566353149336151	0.001343130867058244
-3.958958958958959	0.0006708076971436027	0.0012787291503720884
-3.948948948948949	0.0006858000979977568	0.0012208357244465695
-3.938938938938939	0.0007016622683596066	0.0011686794227198617
-3.928928928928929	0.0007184485204925279	0.001121603460163373
-3.918918918918919	0.0007362181958657961	0.0010790458544333332
-3.908908908908909	0.0007550361929051754	0.0010405236612850532
-3.898898898898899	0.0007749735633623969	0.0010056201991023818
-3.888888888888889	0.0007961081875062409	0.0009739746330975257
-3.878878878878879	0.0008185255400112068	0.0009452734349753167
-3.868868868868869	0.0008423195606525604	0.0009192433431350457
-3.858858858858859	0.0008675936461794854	0.000895645530604942
-3.848848848848849	0.0008944617829714821	0.0008742707510227295
-3.838838838838839	0.0009230498436066347	0.0008549352808966887
-3.828828828828829	0.0009534970748200147	0.0008374775137727659
-3.818818818818819	0.000985957809654121	0.0008217550908144862
-3.808808808808809	0.0010206034432089458	0.0008076424749980223
-3.798798798798799	0.0010576247191785727	0.0007950288939687032
-3.7887887887887888	0.0010972343842260512	0.0007838165906970468
-3.7787787787787788	0.001139670279235331	0.000773919332381861
-3.7687687687687688	0.0011851989516067972	0.0007652611370347938
-3.7587587587587588	0.0012341198911165945	0.0007577751844031446
-3.7487487487487487	0.0012867705155004934	0.0007514028837927535
-3.7387387387387387	0.0013435320611882805	0.0007460930761259083
-3.7287287287287287	0.0014048365718306848	0.0007418013514194983
-3.7187187187187187	0.0014711752247989667	0.0007384894661418928
-3.7087087087087087	0.0015431082964474892	0.0007361248475037851
-3.6986986986986987	0.0016212771453383169	0.000734680173971594
-3.6886886886886887	0.0017064186941796347	0.0007341330231317387
-3.6786786786786787	0.0017993830241668722	0.0007344655795764655
-3.6686686686686687	0.0019011548701416978	0.0007356643968309153
-3.6586586586586587	0.002012880037271567	0.0007377202084708187
-3.6486486486486487	0.0021358980702601924	0.0007406277845745257
-3.6386386386386387	0.002271782925470567	0.000744385830504638
-3.6286286286286287	0.002422393967320664	0.0007489969258744135
-3.6186186186186187	0.0025899403964512475	0.0007544675021880551
-3.6086086086086087	0.0027770633101739392	0.0007608078583706568
-3.5985985985985987	0.0029869411337118856	0.0007680322140430922
-3.5885885885885886	0.0032234263503637707	0.0007761588010437359
-3.5785785785785786	0.003491224617987199	0.0007852099943172732
-3.5685685685685686	0.00379613198167171	0.0007952124839726923
-3.5585585585585586	0.004145352759636421	0.0008061974910444408
-3.5485485485485486	0.004547931051767135	0.0008182010301911545
-3.5385385385385386	0.005015344770336245	0.0008312642234966024
-3.5285285285285286	0.005562336107126268	0.0008454336704093099
-3.5185185185185186	0.006208092436074894	0.0008607618799811322
-3.5085085085085086	0.006977957429251774	0.000877307772792441
-3.4984984984984986	0.007905962986015232	0.0008951372613839184
-3.4884884884884886	0.009038664846965852	0.0009143239197138055
-3.4784784784784786	0.010441109519716902	0.000934949754148405
-3.4684684684684686	0.012206401773209578	0.000957106090828468
-3.4584584584584586	0.01447158793788894	0.0009808945971214542
-3.4484484484484486	0.01744511123192727	0.0010064284582024586
-3.4384384384384385	0.021456581763764755	0.0010338337338834471
-3.4284284284284285	0.027052277928986585	0.0010632509257732967
-3.4184184184184185	0.03519155529666805	0.0010948367908312686
-3.4084084084084085	0.04768730909476007	0.0011287664446683343
-3.3983983983983985	0.06831030971193157	0.0011652358070045911
-3.3883883883883885	0.1060063038662027	0.0012044644527473964
-3.3783783783783785	0.18651728814143098	0.0012466989458705731
-3.3683683683683685	0.4115161635857221	0.0012922167504338103
-3.3583583583583585	1.5520705942431139	0.0013413308344133925
-3.3483483483483485	135.0215037209033	0.0013943951089874728
-3.3383383383383385	1.9211606729261637	0.0014518108799036933
-3.3283283283283285	0.4581579693274547	0.0015140345309017718
-3.3183183183183185	0.2003787341022	0.001581586714515894
-3.3083083083083085	0.11187506411418291	0.0016550633969560562
-3.2982982982982985	0.07133464520978376	0.0017351491961883948
-3.2882882882882885	0.049457535190702964	0.0018226335730866523
-3.2782782782782784	0.036327049674660425	0.0019184305941329536
-3.2682682682682684	0.027834312981345134	0.0020236031945303516
-3.2582582582582584	0.02202771825760832	0.00213939315140576
-3.2482482482482484	0.017883836787598473	0.002267258355559106
-3.2382382382382384	0.014824004091387129	0.002408919485078746
-3.2282282282282284	0.012501038130273137	0.0025664188917682873
-3.2182182182182184	0.0106963996892086	0.002742195493284544
-3.2082082082082084	0.009266961206535876	0.002939180842637901
-3.1981981981981984	0.00811580698909866	0.003160923505559731
-3.1881881881881884	0.007175420680576028	0.003411751695473276
-3.1781781781781784	0.00639759902734538	0.003696988230341702
-3.1681681681681684	0.005747183468405752	0.004023237971370095
-3.1581581581581584	0.005198043066080614	0.00439877708262616
-3.1481481481481484	0.004730429962371093	0.004834087519648062
-3.1381381381381384	0.004329196452020276	0.005342602140059833
-3.1281281281281283	0.003982567169780142	0.005941760920047965
-3.118118118118118	0.0036812773106413817	0.00665453609246271
-3.108108108108108	0.003417957287931816	0.007511680145341697
-3.098098098098098	0.0031866864641558984	0.008555116486012329
-3.088088088088088	0.002982664878272266	0.009843188171801775
-3.078078078078078	0.002801968618535636	0.011459026445365365
-3.068068068068068	0.0026413653444753264	0.01352435335219114
-3.058058058058058	0.002498173634495738	0.016223159570150983
-3.048048048048048	0.002370154655731331	0.01984424161193084
-3.038038038038038	0.0022554279417879193	0.024861943509654438
-3.028028028028028	0.0021524053404008738	0.03210000988515585
-3.018018018018018	0.00205973878959291	0.0430929019478549
-3.008008008008008	0.0019762787144029744	0.060971964202046584
-2.997997997997998	0.0019010406502086219	0.0929700792830496
-2.987987987987988	0.0018331782896023364	0.1590737046931532
-2.977977977977978	0.0017719615829349005	0.3328595062250382
-2.967967967967968	0.001716758843286434	1.087681714067226
-2.957957957957958	0.001667022046136803	26.246554513663423
-2.947947947947948	0.0016222746941268855	2.75333447182672
-2.937937937937938	0.001582101754384287	0.5281091061567228
-2.9279279279279278	0.0015461412803248595	0.21627362756155152
-2.9179179179179178	0.0015140774106212264	0.11704298710587986
-2.9079079079079078	0.001485634500453114	0.07331987147084018
-2.8978978978978978	0.0014605721890168875	0.05028040201845504
-2.8878878878878878	0.0014386812456316722	0.03667479158488999
-2.8778778778778777	0.0014197800670802318	0.027978641473146607
-2.8678678678678677	0.001403711722974407	0.022087355743245708
-2.8578578578578577	0.0013903414652866614	0.017914245749548047
-2.8478478478478477	0.0013795546336892253	0.014852204482354516
-2.8378378378378377	0.0013712549010584886	0.012540459165849564
-2.8278278278278277	0.001365362813771966	0.01075369205825993
-2.8178178178178177	0.0013618145899836668	0.009345303199047156
-2.8078078078078077	0.0013605611460833032	0.008216581221857413
-2.7977977977977977	0.001361567327609865	0.00729909371318034
-2.7877877877877877	0.001364811325847696	0.006544194489974063
-2.7777777777777777	0.0013702842658490227	0.0059165408675669546
-2.7677677677677677	0.0013779899554569963	0.005389960601490666
-2.7577577577577577	0.0013879447884313295	0.004944743363450087
-2.7477477477477477	0.0014001777980313954	0.004565822112675472
-2.7377377377377377	0.0014147308605880402	0.004241525315664124
-2.7277277277277276	0.0014316590515503055	0.003962704120657819
-2.7177177177177176	0.0014510311596782808	0.003722111107733619
-2.7077077077077076	0.0014729303683406894	0.0035139511080659654
-2.6976976976976976	0.0014974551162630551	0.0033335517868087793
-2.6876876876876876	0.0015247201540781517	0.003177118926579839
-2.6776776776776776	0.0015548578172711537	0.00304155250126866
-2.6676676676676676	0.0015880195411453486	0.002924306978189915
-2.6576576576576576	0.001624377649290742	0.0028232842112607707
-2.6476476476476476	0.001664127453764837	0.002736750640517575
-2.6376376376376376	0.0017074897134609797	0.0026632728292588243
-2.6276276276276276	0.0017547135067607997	0.002601666992334739
-2.6176176176176176	0.0018060795865182352	0.002550959319861693
-2.6076076076076076	0.0018619042996460278	0.0025103547277183437
-2.5975975975975976	0.0019225441712571341	0.0024792122677819903
-2.5875875875875876	0.001988401274865743	0.0024570258740765805
-2.5775775775775776	0.0020599295370583174	0.002443409452215199
-2.5675675675675675	0.0021376421582774575	0.002438085570625929
-2.5575575575575575	0.0022221203732295863	0.002440877206267894
-2.5475475475475475	0.00231402382697343	0.0024517021511143884
-2.5375375375375375	0.002414102909185985	0.002470569810970821
-2.5275275275275275	0.002523213474060486	0.002497580234476385
-2.5175175175175175	0.002642334481697774	0.002532925304712742
-2.5075075075075075	0.002772589237015776	0.002576892115074289
-2.4974974974974975	0.0029152710840818154	0.00262986864046333
-2.4874874874874875	0.0030718746515069765	0.002692351910388931
-2.4774774774774775	0.003244134057940134	0.0027649589977218688
-2.4674674674674675	0.003434069902647297	0.0028484412635057903
-2.4574574574574575	0.0036440474233612524	0.002943702452534429
-2.4474474474474475	0.0038768489560286807	0.003051821428096718
-2.4374374374374375	0.004135764857504388	0.0031740805824823906
-2.4274274274274275	0.004424708465719737	0.0033120012831399682
-2.4174174174174174	0.0047483626399074065	0.003467388141415486
-2.4074074074074074	0.0051123681947906835	0.0036423844620522743
-2.3973973973973974	0.005523568493229991	0.003839542004249461
-2.3873873873873874	0.005990330168209065	0.004061909241989935
-2.3773773773773774	0.006522968305284561	0.004313143773466004
-2.3673673673673674	0.0071343168544637445	0.00459765657589219
-2.3573573573573574	0.00784050385473885	0.00492079870100327
-2.3473473473473474	0.008662020035301865	0.005289105167393977
-2.3373373373373374	0.009625214890247213	0.005710616860450407
-2.3273273273273274	0.010764427434377144	0.006195310193053336
-2.3173173173173174	0.012125079087003861	0.006755677701948999
-2.3073073073073074	0.013768259205696451	0.007407523253714068
-2.2972972972972974	0.015777687089024193	0.008171067443866857
-2.2872872872872874	0.018270569718943044	0.00907250948964759
-2.2772772772772774	0.02141506133386702	0.010146274394607958
-2.2672672672672673	0.02545934493237216	0.011438311733474713
-2.2572572572572573	0.03078209700482869	0.013011048427917048
-2.2472472472472473	0.03798439029937205	0.014951015793418142
-2.2372372372372373	0.04806702473005793	0.017380937896987195
-2.2272272272272273	0.06279773588043949	0.02047953313007471
-2.2172172172172173	0.08554187499066902	0.024515212418088034
-2.2072072072072073	0.1233690283484959	0.029906048827398602
-2.1971971971971973	0.19328770204979154	0.03733232498809589
-2.1871871871871873	0.34530670379046424	0.04796178199280668
-2.1771771771771773	0.7846687321442106	0.06393773659889751
-2.1671671671671673	3.2247164776891775	0.0895494571974929
-2.1571571571571573	272.28764565333887	0.1344399494018228
-2.1471471471471473	2.8142899925231646	0.22420219864107593
-2.1371371371371373	0.7326775382755302	0.4468729859719661
-2.1271271271271273	0.32985429288543766	1.2916640336856335
-2.1171171171171173	0.18675184026831237	13.955479933041788
-2.1071071071071072	0.1200091245610164	7.625733307140339
-2.0970970970970972	0.08358418398742251	1.0497968211813993
-2.0870870870870872	0.06155134874685098	0.3944871771119712
-2.0770770770770772	0.04721816558366195	0.205069985014798
-2.067067067067067	0.03737402439146907	0.12540328373023255
-2.057057057057057	0.03032267426583098	0.08456461587312487
-2.047047047047047	0.025099451477750615	0.06088113129542347
-2.037037037037037	0.021122892557149508	0.04593415318570047
-2.027027027027027	0.01802558963030182	0.035900437516978
-2.017017017017017	0.015566149006611555	0.02884040231453412
-2.007007007007007	0.013580672692610462	0.023685022609333597
-1.996996996996997	0.011954713652244186	0.019805808988926532
-1.986986986986987	0.010606395028824718	0.01681364319662347
-1.976976976976977	0.009475888806488132	0.014457161698668328
-1.966966966966967	0.008518656291420765	0.01256812381654906
-1.956956956956957	0.007700988252159943	0.01103048241190906
-1.946946946946947	0.006996992182061565	0.009762093542281388
-1.936936936936937	0.006386513905207868	0.008703489465640916
-1.926926926926927	0.0058536764596558094	0.007810761273957728
-1.916916916916917	0.005385835294415605	0.007050917703719463
-1.906906906906907	0.004972819534242221	0.006398782371478003
-1.896896896896897	0.004606373177096688	0.005834873085645026
-1.8868868868868869	0.004279738205118317	0.005343923406917514
-1.8768768768768769	0.00398733986621803	0.00491383341575034
-1.8668668668668669	0.003724546480076144	0.004534912971681268
-1.8568568568568569	0.0034874842619970286	0.004199327858902754
-1.8468468468468469	0.0032728932197275125	0.0039006889523285635
-1.8368368368368369	0.003078014032116368	0.0036337437020463716
-1.8268268268268268	0.002900498524421641	0.003394141816563877
-1.8168168168168168	0.0027383382781215547	0.003178255429616621
-1.8068068068068068	0.0025898072953036205	0.0029830397386904055
-1.7967967967967968	0.002453415642211668	0.002805924030798864
-1.7867867867867868	0.0023278717332420756	0.002644725752337738
-1.7767767767767768	0.002212051462688101	0.0024975822174308705
-1.7667667667667668	0.0021049727993125	0.002362895935079387
-1.7567567567567568	0.002005774766130814	0.002239290537303091
-1.7467467467467468	0.0019136999612572106	0.002125575022470344
-1.7367367367367368	0.0018280799540263577	0.002020714567984745
-1.7267267267267268	0.0017483230283636064	0.0019238065681887978
-1.7167167167167168	0.001673903851856159	0.0018340608551196016
-1.7067067067067068	0.0016043547323931157	0.001750783287908585
-1.6966966966966968	0.00153925818951883	0.0016733620707108897
-1.6866866866866868	0.0014782406193494942	0.0016012562927259215
-1.6766766766766767	0.0014209668728403801	0.001533986287182979
-1.6666666666666667	0.0013671355999764084	0.00147112548662883
-1.6566566566566567	0.0013164752386389076	0.0014122935148818173
-1.6466466466466467	0.0012687405481403137	0.0013571503055542183
-1.6366366366366367	0.0012237096044923224	0.001305391076455178
-1.6266266266266267	0.0011811811884361776	0.0012567420203638323
-1.6166166166166167	0.0011409725086191736	0.0012109565978291141
-1.6066066066066067	0.0011029172116837059	0.0011678123377297394
-1.5965965965965967	0.0010668636386531628	0.0011271080675994054
-1.5865865865865867	0.0010326732933944387	0.0010886615090223825
-1.5765765765765767	0.001000219494157197	0.0010523071840712976
-1.5665665665665667	0.0009693861836342822	0.0010178945876510423
-1.5565565565565564	0.0009400668765598888	0.0009852865878223073
-1.5465465465465464	0.0009121637269886969	0.0009543580221691696
-1.5365365365365364	0.0008855866999524795	0.0009249944632207369
-1.5265265265265264	0.0008602528343424001	0.0008970911300391812
-1.5165165165165164	0.0008360855857199682	0.0008705519265142866
-1.5065065065065064	0.0008130142392996084	0.0008452885898004061
-1.4964964964964964	0.0007909733846655663	0.0008212199346817188
-1.4864864864864864	0.000769902444920271	0.0007982711817133022
-1.4764764764764764	0.0007497452538934404	0.0007763733587002622
-1.4664664664664664	0.0007304496759125734	0.0007554627664735253
-1.4564564564564564	0.000711967263282377	0.0007354805012192006
-1.4464464464464464	0.0006942529472615952	0.0007163720265852555
-1.4364364364364364	0.0006772647588699089	0.0006980867897427141
-1.4264264264264264	0.0006609635762329324	0.0006805778763083788
-1.4164164164164164	0.0006453128956726273	0.0006638016996915488
-1.4064064064064064	0.0006302786239768494	0.0006477177209918378
-1.3963963963963963	0.000615828889675056	0.0006322881960702419
-1.3863863863863863	0.0006019338713359455	0.0006174779468139812
-1.3763763763763763	0.0005885656411651137	0.0006032541539680558
-1.3663663663663663	0.0005756980223573408	0.0005895861692773978
-1.3563563563563563	0.000563306458843492	0.0005764453448671641
-1.3463463463463463	0.0005513678962103682	0.0005638048781032702
-1.3363363363363363	0.0005398606727196193	0.000551639670331786
-1.3263263263263263	0.00052876441944244	0.0005399261981029859
-1.3163163163163163	0.0005180599686752365	0.0005286423956332787
-1.3063063063063063	0.0005077292698274955	0.000517767547392737
-1.2962962962962963	0.0004977553121216766	0.0005072821898351532
-1.2862862862862863	0.00048812205346387565	0.0004971680213943909
-1.2762762762762763	0.00047881435493802834	0.000487407819951588
-1.2662662662662663	0.0004698179204137037	0.00047798536708434073
-1.2562562562562563	0.00046111924082200694	0.0004688853784615985
-1.2462462462462462	0.00045270554269585833	0.0004600934398145997
-1.2362362362362362	0.0004445647405817005	0.0004515959479910582
-1.2262262262262262	0.00043668539303145913	0.0004433800566280178
-1.2162162162162162	0.00042905666183439955	0.00043543362602996993
-1.2062062062062062	0.00042166827424446485	0.0004277451768999088
-1.1961961961961962	0.0004145104879343744	0.000420303847569163
-1.1861861861861862	0.00040757405847109137	0.00041309935443418393
-1.1761761761761762	0.0004008502090932995	0.00040612195533942965
-1.1661661661661662	0.0003943306026157673	0.00039936241563388164
-1.1561561561561562	0.0003880073152894989	0.0003928119767040701
-1.1461461461461462	0.00038187281245562497	0.00038646232676053184
-1.1361361361361362	0.0003759199258715745	0.00038030557371253267
-1.1261261261261262	0.0003701418325503204	0.000374334219942016
-1.1161161161161162	0.00036453203503588054	0.0003685411388432088
-1.1061061061061062	0.0003590843429712176	0.00036291955298121297
-1.0960960960960962	0.00035379285588294244	0.00035746301373893623
-1.0860860860860861	0.0003486519470811023	0.00035216538234350623
-1.0760760760760761	0.0003436562485984213	0.00034702081216709646
-1.0660660660660661	0.00033880063709492157	0.00034202373219690424
-1.0560560560560561	0.00033408022064214095	0.0003371688315973925
-1.0460460460460461	0.00032949032635512797	0.00033245104527007777
-1.0360360360360361	0.00032502648877188317	0.00032786554035730604
-1.026026026026026	0.0003206844389636385	0.0003234077035946503
-1.016016016016016	0.00031646009430566426	0.0003190731294753745
-1.006006006006006	0.0003123495488632888	0.0003148576091528611
-0.995995995995996	0.0003083490643603084	0.00031075712003272843
-0.985985985985986	0.0003044550616820725	0.0003067678160082383
-0.975975975975976	0.0003006641128812866	0.000302886018292826
-0.965965965965966	0.00029697293364770125	0.000299108206806428
-0.955955955955956	0.0002933783762217661	0.00029543101208222245
-0.9459459459459459	0.00028987742271146513	0.00029185120764780095
-0.9359359359359359	0.0002864671787874221	0.0002883657028651912
-0.9259259259259259	0.0002831448677462325	0.0002849715361889035
-0.9159159159159159	0.00027990782489224975	0.00028166586880252906
-0.9059059059059059	0.0002767534922494172	0.0002784459786453055
-0.8958958958958959	0.00027367941354792695	0.0002753092547529762
-0.8858858858858859	0.0002706832295005216	0.0002722531919418338
-0.8758758758758759	0.0002677626733286794	0.0002692753857777111
-0.8658658658658659	0.0002649155665340455	0.00026637352783179415
-0.8558558558558559	0.0002621398148909877	0.00026354540119658595
-0.8458458458458459	0.0002594334046627053	0.0002607888762486245
-0.8358358358358359	0.00025679439900478366	0.0002581019066384071
-0.8258258258258259	0.00025422093456903885	0.00025548252550919775
-0.8158158158158159	0.0002517112182763819	0.0002529288418969611
-0.8058058058058059	0.000249263524262851	0.00025043903734829663
-0.7957957957957958	0.00024687619097504284	0.0002480113626947248
-0.7857857857857858	0.0002445476184221699	0.00024564413500968463
-0.7757757757757757	0.00024227626555864038	0.0002433357347168522
-0.7657657657657657	0.00024006064780852801	0.00024108460285266636
-0.7557557557557557	0.00023789933470341133	0.000238889238469432
-0.7457457457457457	0.00023579094764282819	0.00023674819616620083
-0.7357357357357357	0.00023373415777203042	0.000234660083749663
-0.7257257257257257	0.00023172768394263835	0.0002326235600096838
-0.7157157157157157	0.0002297702908009541	0.0002306373326090678
-0.7057057057057057	0.00022786078694397738	0.00022870015607321992
-0.6956956956956957	0.0002259980231824923	0.00022681082988624952
-0.6856856856856857	0.00022418089087199936	0.00022496819667537082
-0.6756756756756757	0.0002224083203375006	0.00022317114048090198
-0.6656656656656657	0.00022067927936051673	0.0002214185851213018
-0.6556556556556556	0.00021899277174465182	0.00021970949262120222
-0.6456456456456456	0.00021734783594662985	0.00021804286173080986
-0.6356356356356356	0.00021574354377042657	0.0002164177265043707
-0.6256256256256256	0.00021417899911882184	0.00021483315495024688
-0.6156156156156156	0.00021265333681209488	0.00021328824774492972
-0.6056056056056056	0.00021116572144597623	0.00021178213700452308
-0.5955955955955956	0.00020971534631603216	0.00021031398511799353
-0.5855855855855856	0.00020830143238301032	0.0002088829836322438
-0.5755755755755756	0.0002069232272861594	0.0002074883521844023
-0.5655655655655656	0.0002055800044029331	0.00020612933749244167
-0.5555555555555556	0.0002042710619481523	0.00020480521238276257
-0.5455455455455456	0.00020299572211539008	0.00020351527486813217
-0.5355355355355356	0.00020175333025524738	0.0002022588472641079
-0.5255255255255256	0.00020054325409100528	0.0002010352753500381
-0.5155155155155156	0.00019936488296865153	0.0001998439275585992
-0.5055055055055055	0.00019821762714033079	0.00019868419421428604
-0.4954954954954955	0.00019710091707996649	0.0001975554867940033
-0.4854854854854855	0.00019601420282448773	0.0001964572372314853
-0.4754754754754755	0.00019495695334872777	0.0001953888972391634
-0.46546546546546547	0.0001939286559700903	0.00019434993767907161
-0.45545545545545546	0.00019292881576778552	0.00019333984794292491
-0.44544544544544545	0.00019195695504012157	0.00019235813536825478
-0.43543543543543545	0.00019101261278313205	0.00019140432468649796
-0.42542542542542544	0.00019009534417873325	0.00019047795748159568
-0.41541541541541543	0.00018920472012550865	0.00018957859168246052
-0.40540540540540543	0.00018834032677756633	0.0001887058010776186
-0.3953953953953954	0.00018750176510018375	0.00018785917484424137
-0.38538538538538536	0.00018668865045875203	0.0001870383171094885
-0.37537537537537535	0.0001859006122118091	0.00018624284652014032
-0.36536536536536535	0.00018513729333207417	0.00018547239583612395
-0.35535535535535534	0.00018439835003698549	0.00018472661154576
-0.34534534534534533	0.00018368345143817492	0.00018400515349121689
-0.3353353353353353	0.00018299227921029457	0.00018330769451794244
-0.3253253253253253	0.00018232452727123997	0.00018263392013306265
-0.3153153153153153	0.00018167990147274372	0.00018198352818646886
-0.3053053053053053	0.00018105811931396789	0.00018135622856138055
-0.2952952952952953	0.00018045890966163732	0.00018075174288025204
-0.2852852852852853	0.0001798820124864766	0.00018016980422662569
-0.2752752752752753	0.00017932717861060757	0.00017961015687988766
-0.2652652652652653	0.0001787941694644246	0.0001790725560586772
-0.2552552552552553	0.00017828275686389663	0.00017855676768074915
-0.24524524524524524	0.00017779272278626023	0.00017806256813723348
-0.23523523523523523	0.00017732385916949944	0.00017758974407097912
-0.22522522522522523	0.00017687596770962004	0.0001771380921720523
-0.21521521521521522	0.00017644885968307213	0.00017670741897827453
-0.20520520520520522	0.0001760423557607585	0.00017629754069557955
-0.19519519519519518	0.00017565628584913077	0.0001759082830191446
-0.18518518518518517	0.00017529048893174208	0.00017553948097039313
-0.17517517517517517	0.00017494481291488621	0.0001751909787359373
-0.16516516516516516	0.00017461911449876902	0.0001748626295279997
-0.15515515515515516	0.00017431325903423004	0.0001745542954446561
-0.14514514514514515	0.00017402712041288408	0.00017426584733662412
-0.13513513513513514	0.0001737605809411965	0.00017399716469380618
-0.12512512512512514	0.00017351353124342973	0.00017374813553004415
-0.11511511511511512	0.00017328587015746306	0.00017351865627969105
-0.10510510510510511	0.00017307750464554494	0.00017330863170395686
-0.09509509509509509	0.00017288834971190302	0.00017311797480215602
-0.08508508508508508	0.00017271832832470028	0.0001729466067325266
-0.07507507507507508	0.0001725673713506935	0.00017279445674113925
-0.06506506506506507	0.00017243541748921193	0.0001726614620955296
-0.055055055055055056	0.0001723224132209134	0.00017254756802728352
-0.04504504504504504	0.0001722283127618927	0.0001724527276869254
-0.035035035035035036	0.0001721530780174462	0.0001723769020953303
-0.025025025025025027	0.00017209667855436038	0.00017232006011295466
-0.015015015015015015	0.00017205909156896594	0.00017228217840809993
-0.005005005005005005	0.00017204030187309592	0.00017226324144049978
0.005005005005005005	0.00017204030187220663	0.00017226324144005664
0.015015015015015015	0.00017205909156896247	0.00017228217840865832
0.025025025025025027	0.00017209667855435447	0.0001723200601125162
0.035035035035035036	0.0001721530780176601	0.0001723769020951162
0.04504504504504504	0.00017222831276232786	0.0001724527276870445
0.055055055055055056	0.00017232241322123417	0.0001725475680269654
0.06506506506506507	0.0001724354174887556	0.0001726614620947676
0.07507507507507508	0.00017256737135133774	0.0001727944567412691
0.08508508508508508	0.00017271832832523894	0.0001729466067325504
0.09509509509509509	0.00017288834971243937	0.00017311797480195902
0.10510510510510511	0.00017307750464674355	0.00017330863170309579
0.11511511511511512	0.0001732858701588778	0.00017351865627927883
0.12512512512512514	0.00017351353124428888	0.00017374813552963538
0.13513513513513514	0.00017376058094315897	0.00017399716469439151
0.14514514514514515	0.00017402712041363137	0.00017426584733755068
0.15515515515515516	0.0001743132590360815	0.00017455429544481078
0.16516516516516516	0.00017461911449951535	0.0001748626295284879
0.17517517517517517	0.0001749448129158564	0.0001751909787356567
0.18518518518518517	0.00017529048893327067	0.0001755394809706796
0.19519519519519518	0.00017565628585197601	0.0001759082830192221
0.20520520520520522	0.00017604235576229073	0.0001762975406953336
0.21521521521521522	0.0001764488596852572	0.00017670741897757292
0.22522522522522523	0.000176875967713032	0.000177138092171482
0.23523523523523523	0.0001773238591727677	0.00017758974407141814
0.24524524524524524	0.00017779272279001853	0.0001780625681371183
0.2552552552552553	0.00017828275686755017	0.0001785567676805494
0.2652652652652653	0.00017879416946851973	0.000179072556057685
0.2752752752752753	0.00017932717861436824	0.00017961015687869376
0.2852852852852853	0.00017988201249077756	0.0001801698042259991
0.2952952952952953	0.00018045890966594455	0.00018075174287942222
0.3053053053053053	0.00018105811931807015	0.0001813562285607783
0.3153153153153153	0.00018167990147750898	0.00018198352818644717
0.3253253253253253	0.00018232452727643227	0.0001826339201323988
0.3353353353353353	0.00018299227921574583	0.00018330769451717775
0.34534534534534533	0.00018368345144340284	0.0001840051534905888
0.35535535535535534	0.00018439835004325418	0.0001847266115449493
0.36536536536536535	0.0001851372933390104	0.00018547239583535056
0.37537537537537535	0.00018590061221932053	0.00018624284651904292
0.38538538538538536	0.0001866886504664457	0.0001870383171086778
0.3953953953953954	0.00018750176510774378	0.00018785917484345153
0.40540540540540543	0.00018834032678566987	0.00018870580107643658
0.41541541541541543	0.0001892047201344099	0.0001895785916817535
0.42542542542542544	0.00019009534418783054	0.00019047795748106477
0.43543543543543545	0.00019101261279245885	0.00019140432468670574
0.44544544544544545	0.00019195695505035102	0.0001923581353680444
0.45545545545545546	0.00019292881577769746	0.00019333984794165268
0.46546546546546547	0.00019392865598094567	0.00019434993767831517
0.4754754754754755	0.00019495695336110743	0.00019538889723842858
0.4854854854854855	0.0001960142028378885	0.00019645723723017835
0.4954954954954955	0.0001971009170936102	0.00019755548679331624
0.5055055055055055	0.00019821762715613897	0.0001986841942127288
0.5155155155155156	0.0001993648829847417	0.00019984392755719552
0.5255255255255256	0.0002005432541070504	0.00020103527534779035
0.5355355355355356	0.00020175333027239254	0.00020225884726201023
0.5455455455455456	0.00020299572213421742	0.00020351527486654714
0.5555555555555556	0.00020427106196801718	0.00020480521238056858
0.5655655655655656	0.00020558000442366816	0.00020612933749023285
0.5755755755755756	0.0002069232273082791	0.00020748835218242868
0.5855855855855856	0.00020830143240584055	0.0002088829836301834
0.5955955955955956	0.00020971534634047433	0.00021031398511626973
0.6056056056056056	0.0002111657214720442	0.0002117821370024106
0.6156156156156156	0.00021265333684068052	0.00021328824774215094
0.6256256256256256	0.00021417899914895266	0.0002148331549469077
0.6356356356356356	0.00021574354380081678	0.0002164177265015043
0.6456456456456456	0.00021734783597989949	0.0002180428617273015
0.6556556556556556	0.00021899277177922808	0.00021970949261759668
0.6656656656656657	0.0002206792793969479	0.00022141858511731533
0.6756756756756757	0.00022240832037611545	0.00022317114047809976
0.6856856856856857	0.0002241808909131198	0.00022496819667120653
0.6956956956956957	0.0002259980232265781	0.00022681082988208005
0.7057057057057057	0.00022786078699085506	0.00022870015606835464
0.7157157157157157	0.0002297702908500095	0.00023063733260372186
0.7257257257257257	0.0002317276839943069	0.0002326235600045201
0.7357357357357357	0.00023373415782718495	0.00023466008374484974
0.7457457457457457	0.0002357909477023918	0.0002367481961600463
0.7557557557557557	0.00023789933476531236	0.000238889238462769
0.7657657657657657	0.00024006064787447545	0.00024108460284578476
0.7757757757757757	0.00024227626562835846	0.00024333573470872822
0.7857857857857858	0.0002445476184956864	0.000245644135001781
0.7957957957957958	0.00024687619105401477	0.00024801136268706584
0.8058058058058059	0.00024926352434501587	0.0002504390373397562
0.8158158158158159	0.0002517112183640387	0.0002529288418879955
0.8258258258258259	0.00025422093466153517	0.00025548252549813434
0.8358358358358359	0.0002567943991029266	0.0002581019066277601
0.8458458458458459	0.000259433404766519	0.000260788876236827
0.8558558558558559	0.000262139815001581	0.00026354540118423325
0.8658658658658659	0.00026491556665059944	0.0002663735278189243
0.8758758758758759	0.0002677626734519888	0.0002692753857634808
0.8858858858858859	0.0002706832296311955	0.00027225319192625177
0.8958958958958959	0.00027367941368591336	0.0002753092547362801
0.9059059059059059	0.0002767534923967325	0.00027844597862718303
0.9159159159159159	0.00027990782504834564	0.0002816658687839484
0.9259259259259259	0.000283144867910887	0.00028497153616828915
0.9359359359359359	0.00028646717896239134	0.000288365702843428
0.9459459459459459	0.0002898774228957531	0.00029185120762329256
0.955955955955956	0.0002933783764182083	0.0002954310120562148
0.965965965965966	0.0002969729338551629	0.0002991082067792993
0.975975975975976	0.0003006641131016593	0.00030288601826394454
0.985985985985986	0.0003044550619159324	0.00030676781597655244
0.995995995995996	0.0003083490646080651	0.0003107571199994079
1.006006006006006	0.0003123495491256679	0.0003148576091169167
1.016016016016016	0.0003164600945836723	0.00031907312943666393
1.026026026026026	0.0003206844392578656	0.0003234077035522747
1.0360360360360361	0.0003250264890840232	0.00032786554031179275
1.0460460460460461	0.0003294903266866977	0.0003324510452207572
1.0560560560560561	0.0003340802209937932	0.00033716883154407345
1.0660660660660661	0.0003388006374681037	0.00034202373214067643
1.0760760760760761	0.0003436562489942617	0.00034702081210561726
1.0860860860860861	0.0003486519475014162	0.0003521653822777752
1.0960960960960962	0.0003537928563289589	0.00035746301366748867
1.1061061061061062	0.0003590843434451268	0.00036291955290443747
1.1161161161161162	0.0003645320355373741	0.0003685411387602342
1.1261261261261262	0.00037014183308271674	0.00037433421985250543
1.1361361361361362	0.00037591992643776516	0.00038030557361599677
1.1461461461461462	0.00038187281305804684	0.00038646232665676925
1.1561561561561562	0.0003880073159282775	0.000392811976590533
1.1661661661661662	0.0003943306032942214	0.0003993624155119652
1.1761761761761762	0.00040085020981449104	0.0004061219552081202
1.1861861861861862	0.00040757405923951917	0.0004130993542913295
1.1961961961961962	0.00041451048875070586	0.00042030384741427023
1.2062062062062062	0.00042166827511196336	0.00042774517673236685
1.2162162162162162	0.0004290566627578489	0.0004354336258479599
1.2262262262262262	0.00043668539401386626	0.00044338005643187946
1.2362362362362362	0.0004445647416273083	0.00045159594777826424
1.2462462462462462	0.00045270554380839585	0.00046009343958356
1.2562562562562563	0.0004611192420069599	0.00046888537821059126
1.2662662662662663	0.00046981792167417674	0.00047798536681292807
1.2762762762762763	0.00047881435628129883	0.0004874078196552708
1.2862862862862863	0.00048812205489563086	0.0004971680210730993
1.2962962962962963	0.0004977553136481047	0.0005072821894858733
1.3063063063063063	0.0005077292714551869	0.000517767547011775
1.3163163163163163	0.0005180599704118724	0.000528642395219134
1.3263263263263263	0.0005287644212949935	0.000539926197651874
1.3363363363363363	0.0005398606746963904	0.0005516396698403452
1.3463463463463463	0.0005513678983216843	0.0005638048775676258
1.3563563563563563	0.0005633064610981537	0.0005764453442837666
1.3663663663663663	0.0005756980247665511	0.0005895861686400456
1.3763763763763763	0.0005885656437392508	0.0006032541532726229
1.3863863863863863	0.0006019338740875124	0.0006174779460536476
1.3963963963963963	0.0006158288926189035	0.0006322881952410195
1.4064064064064064	0.0006302786271260935	0.0006477177200836842
1.4164164164164164	0.0006453128990438428	0.000663801698697545
1.4264264264264264	0.0006609635798444452	0.0006805778752205362
1.4364364364364364	0.0006772647627373102	0.0006980867885509743
1.4464464464464464	0.0006942529514091301	0.0007163720252787672
1.4564564564564564	0.0007119672677294034	0.0007354804997860429
1.4664664664664664	0.0007304496806832288	0.0007554627649022199
1.4764764764764764	0.0007497452590134065	0.0007763733569732052
1.4864864864864864	0.0007699024504176625	0.0007982711798146385
1.4964964964964964	0.000790973390571945	0.0008212199325932157
1.5065065065065064	0.0008130142456492897	0.0008452885875018987
1.5165165165165164	0.0008360855925499107	0.0008705519239802045
1.5265265265265264	0.0008602528416925669	0.000897091127245076
1.5365365365365364	0.000885586707867478	0.000924994460138629
1.5465465465465464	0.0009121637355155994	0.0009543580187630462
1.5565565565565564	0.000940066885752317	0.0009852865840571648
1.5665665665665667	0.0009693861935514634	0.0010178945834853565
1.5765765765765767	0.0010002195048608139	0.0010523071794585502
1.5865865865865867	0.0010326733049564635	0.001088661503910351
1.5965965965965967	0.0010668636511515547	0.0011271080619255772
1.6066066066066067	0.001102917225202774	0.0011678123314271714
1.6166166166166167	0.0011409725232531638	0.0012109565908213456
1.6266266266266267	0.0011811812042903872	0.0012567420125627977
1.6366366366366367	0.001223709621682049	0.0013053910677627587
1.6466466466466467	0.0012687405667893862	0.001357150295857151
1.6566566566566567	0.0013164752588938657	0.0014122935040463524
1.6666666666666667	0.0013671356219915557	0.0014711254745088391
1.6766766766766767	0.0014209668967945812	0.0015339862736052417
1.6866866866866868	0.0014782406454338982	0.0016012562774976723
1.6966966966966968	0.0015392582179534207	0.001673362053602348
1.7067067067067068	0.0016043547634198047	0.001750783268662635
1.7167167167167168	0.0016739038857489215	0.0018340608334318075
1.7267267267267268	0.0017483230654270299	0.0019238065437077864
1.7367367367367368	0.0018280799946082619	0.0020207145403037144
1.7467467467467468	0.001913700005742092	0.0021255749911123826
1.7567567567567568	0.002005774814958958	0.0022392905017114316
1.7667667667667668	0.0021049728529755007	0.0023628958945993215
1.7767767767767768	0.002212051521753175	0.002497582171287102
1.7867867867867868	0.002327871798341902	0.002644725699620204
1.7967967967967968	0.002453415714076146	0.0028059239704258648
1.8068068068068068	0.0025898073747637777	0.002983039669365691
1.8168168168168168	0.0027383383661290146	0.0031782553497961266
1.8268268268268268	0.002900498622074045	0.0033941417243890212
1.8368368368368369	0.003078014140673892	0.0036337435952678025
1.8468468468468469	0.003272893340658697	0.0039006888282146295
1.8568568568568569	0.0034874843969976105	0.004199327714113758
1.8668668668668669	0.0037245466311244518	0.004534912802111029
1.8768768768768769	0.003987340035634611	0.0049138332163071105
1.8868868868868869	0.004279738395633149	0.005343923171258258
1.896896896896897	0.004606373391930602	0.005834872805780517
1.906906906906907	0.00497281977721872	0.006398782037279498
1.916916916916917	0.005385835570108784	0.007050917302200213
1.926926926926927	0.0058536767735554995	0.007810760788298381
1.936936936936937	0.006386514263954718	0.00870348887378492
1.946946946946947	0.00699699259373856	0.009762092814925374
1.956956956956957	0.0077009887266927465	0.011030481509530173
1.966966966966967	0.008518656841085121	0.012568122684892843
1.976976976976977	0.009475889446625368	0.014457160261830028
1.986986986986987	0.010606395778790051	0.01681364134596673
1.996996996996997	0.01195471453674786	0.01980580656488536
2.007007007007007	0.013580673743611882	0.023685019370232235
2.017017017017017	0.015566150266023617	0.028840397880650518
2.027027027027027	0.018025591154029078	0.03590043126475356
2.037037037037037	0.021122894421135675	0.04593414403350931
2.047047047047047	0.025099453787454044	0.06088111723273086
2.057057057057057	0.03032267717139145	0.0845645928090529
2.067067067067067	0.03737402811311088	0.1254032422506064
2.0770770770770772	0.04721817045612905	0.20506989923964128
2.0870870870870872	0.061551355301348434	0.3944869527544659
2.0970970970970972	0.0835841931133223	1.0497958770372815
2.1071071071071072	0.1200091378504215	7.625715836787589
2.1171171171171173	0.18675186082425463	13.95552045451659
2.1271271271271273	0.3298543274039248	1.2916651114135074
2.1371371371371373	0.7326776019365059	0.44687318291053013
2.1471471471471473	2.8142900483157987	0.22420225879981293
2.1571571571571573	272.2874781710151	0.13443997181913778
2.1671671671671673	3.224717594598674	0.08954946580237655
2.1771771771771773	0.7846689504157213	0.06393773923318513
2.1871871871871873	0.34530679433587164	0.04796178175327817
2.1971971971971973	0.19328775227560563	0.037332323260398086
2.2072072072072073	0.12336906082817392	0.029906046288369233
2.2172172172172173	0.0855418980786475	0.02451520941953658
2.2272272272272273	0.06279775337922205	0.020479529862876145
2.2372372372372373	0.048067038621275704	0.017380934467365203
2.2472472472472473	0.037984401719778	0.01495101226089083
2.2572572572572573	0.03078210665479509	0.013011044825123006
2.2672672672672673	0.02545935326815937	0.011438308077129304
2.2772772772772774	0.021415068666183205	0.010146270691684271
2.2872872872872874	0.018270576267225894	0.009072505740984324
2.2972972972972974	0.015777693013046188	0.008171063646325635
2.3073073073073074	0.013768264624826556	0.0074075194014899285
2.3173173173173174	0.012125084092446385	0.006755673787367039
2.3273273273273274	0.01076443209719894	0.006195306207042023
2.3373373373373374	0.009625219266761787	0.005710612792831112
2.3473473473473474	0.008662024170848498	0.005289101007028662
2.3573573573573574	0.00784050778633546	0.004920794435848113
2.3673673673673674	0.0071343206127275315	0.004597652193021184
2.3773773773773774	0.0065229719158344	0.004313139259013641
2.3873873873873874	0.0059903336527307284	0.004061904581094369
2.3973973973973974	0.005523571870269321	0.003839537180941319
2.4074074074074074	0.005112371480374529	0.0036423794591270917
2.4174174174174174	0.0047483658480137305	0.003467382940296819
2.4274274274274275	0.004424711608667736	0.0033119958636997526
2.4374374374374375	0.004135767946242235	0.0031740749228276054
2.4474474474474475	0.0038768520003835314	0.003051815504357881
2.4574574574574575	0.003644050432225043	0.002943696238596264
2.4674674674674675	0.00343407288415034	0.002848434730702253
2.4774774774774775	0.0032441370195696764	0.0027649521144981187
2.4874874874874875	0.0030718776002295885	0.0026923446419019064
2.4974974974974975	0.002915274026433201	0.00262986094813375
2.5075075075075075	0.0027725921791824015	0.0025768839560496495
2.5175175175175175	0.002642337429586301	0.00253291663127233
2.5275275275275275	0.0025232164333568122	0.0024975709933008705
2.5375375375375375	0.0024141058854025162	0.0024705599423438668
2.5475475475475475	0.0023140268255054655	0.0024516915879270037
2.5575575575575575	0.002222123399399654	0.0024408658728922866
2.5675675675675675	0.002137645217360121	0.0024380733815614975
2.5775775775775776	0.0020599326343375456	0.002443396310502663
2.5875875875875876	0.0019884044156483435	0.002457011669385481
2.5975975975975976	0.0019225473609169495	0.0024791968741364255
2.6076076076076076	0.0018619075436602853	0.0025103380007736056
2.6176176176176176	0.0018060828904877498	0.0025509410935816755
2.6276276276276276	0.001754716876447496	0.0026016470749892053
2.6376376376376376	0.0017074931548183337	0.0026632509985202134
2.6476476476476476	0.0016641309729712355	0.002736726637430974
2.6576576576576576	0.0016243812527799723	0.0028232577328002792
2.6676676676676676	0.0015880232356499466	0.002924277667968949
2.6776776776776776	0.0015548616098496326	0.003041519937924655
2.6876876876876876	0.001524724052154984	0.0031770826090628547
2.6976976976976976	0.0014974591276711283	0.0033335111156493308
2.7077077077077076	0.0014729345013713864	0.0035139053613072752
2.7177177177177176	0.0014510354231287632	0.0037220594096734386
2.7277277277277276	0.0014316634547651462	0.003962645400864078
2.7377377377377377	0.0014147354135278917	0.00424145825462037
2.7477477477477477	0.0014001825113282337	0.004565745068794049
2.7577577577577577	0.0013879496734597045	0.0049446542737673635
2.7677677677677677	0.0013779950244167307	0.0053898568445459845
2.7777777777777777	0.0013702895318271774	0.0059164190709470816
2.7877877877877877	0.0013648168029300805	0.006544050255366913
2.7977977977977977	0.0013615730309750568	0.007298921215604039
2.8078078078078077	0.0013605670921174894	0.008216372612275777
2.8178178178178177	0.001361820796405184	0.009345047691174597
2.8278278278278277	0.001365369299775708	0.010753374491913777
2.8378378378378377	0.0013712616874692323	0.012540057671213994
2.8478478478478477	0.0013795617431452659	0.01485168653464903
2.8578578578578577	0.0013903489224335063	0.017913561199942134
2.8678678678678677	0.0014037195546933476	0.02208642383487002
2.8778778778778777	0.0014197883027418157	0.027977325039249715
2.8878878878878878	0.001438689917390371	0.03667284151586237
2.8978978978978978	0.0014605813321272871	0.05027732497389915
2.9079079079079078	0.0014856441536615225	0.07331456962038503
2.9179179179179178	0.0015140876165786158	0.11703257669877382
2.9279279279279278	0.001546152086084867	0.21624831769926375
2.937937937937938	0.0015821132119640605	0.5280162912877923
2.947947947947948	0.0016222868611620966	2.7522871031937672
2.957957957957958	0.0016670349866181166	26.273740436592394
2.967967967967968	0.0017167726284543405	1.0879143419110888
2.977977977977978	0.0017719762922723565	0.33289603599445095
2.987987987987988	0.0018331940120378059	0.15908470928944438
2.997997997997998	0.0019010574854931178	0.0929744719286193
3.008008008008008	0.001976296774757868	0.06097399208408703
3.018018018018018	0.0020597582016415503	0.043093909065646654
3.028028028028028	0.002152426247469698	0.03210051905852857
3.038038038038038	0.0022554505066470273	0.024862188314129886
3.048048048048048	0.0023701790638940433	0.01984433726997854
3.058058058058058	0.0024982000981765974	0.016223167286671274
3.068068068068068	0.002641394107402033	0.013524307539464537
3.078078078078078	0.0028019999618009075	0.011458947329212012
3.088088088088088	0.002982699127526771	0.009843088061150057
3.098098098098098	0.003186723998479271	0.008555003077619585
3.108108108108108	0.0034179985508490576	0.007511558351538681
3.118118118118118	0.003681322823960817	0.006654409093717491
3.1281281281281283	0.003982617551014811	0.005941630792245664
3.1381381381381384	0.004329252436599059	0.005342470239454943
3.1481481481481484	0.004730492432174766	0.00483395472518835
3.1581581581581584	0.005198113086461774	0.004398643951838464
3.1681681681681684	0.005747262336734641	0.004023104842539167
3.1781781781781784	0.006397688337318279	0.003696855290635112
3.1881881881881884	0.007175522408518306	0.0034116190269334198
3.1981981981981984	0.008115923611103167	0.0031607911165637903
3.2082082082082084	0.009267095859603482	0.0029390486896077404
3.2182182182182184	0.010696556395707936	0.002742063495765324
3.2282282282282284	0.012501222114404131	0.002566286942958006
3.2382382382382384	0.014824222229744046	0.0024087874591909347
3.2482482482482484	0.01788409825272323	0.0022671261129701956
3.2582582582582584	0.02202803542599404	0.0021392605422036006
3.2682682682682684	0.027834702645966027	0.0020234700609379408
3.2782782782782784	0.03632753435490949	0.0019182967721209125
3.2882882882882885	0.04945814311055042	0.0018224988933783401
3.2982982982982985	0.07133540164087601	0.0017350134848401005
3.3083083083083085	0.11187593523718609	0.0016549264755875632
3.3183183183183185	0.20037927096914063	0.0015814484003164396
3.3283283283283285	0.4581541871797256	0.0015138946364296193
3.3383383383383385	1.9210775618770346	0.001451669212754184
3.3483483483483485	135.05700304629394	0.0013942514713208797
3.3583583583583585	1.5522090923705136	0.0013411850223985443
3.3683683683683685	0.41154093175725626	0.0012920685535943287
3.3783783783783785	0.1865266956997989	0.001246548146368527
3.3883883883883885	0.10601116057474477	0.0012043108245707714
3.3983983983983985	0.06831326737270155	0.0011650791151092948
3.4084084084084085	0.04768930491390152	0.0011286064440234368
3.4184184184184185	0.0351929992586766	0.0010946732254045566
3.4284284284284285	0.027053376509841288	0.0010630835274337389
3.4384384384384385	0.021457449907310956	0.0010336622212106152
3.4484484484484486	0.01744581790957072	0.0010062525352210858
3.4584584584584586	0.014472177017723258	0.000980713951905484
3.4684684684684686	0.012206902486299685	0.0009569203940195144
3.4784784784784786	0.010441542099359541	0.000934758657341318
3.4884884884884886	0.009039043749235021	0.0009141270536989872
3.4984984984984986	0.007906298819818894	0.0008949342342382656
3.5085085085085086	0.006978258160934119	0.0008770981678097323
3.5185185185185186	0.006208364167826141	0.0008605452534018662
3.5285285285285286	0.005562583595231857	0.0008452095489492709
3.5385385385385386	0.005015571779414952	0.0008310321016329703
3.5485485485485486	0.004548140602490451	0.0008179603671968087
3.5585585585585586	0.004145547305586173	0.0008059477077168838
3.5685685685685686	0.003796313537899624	0.0007949529590456289
3.5785785785785786	0.0034913948560337206	0.0007849400604947221
3.5885885885885886	0.0032235866694991237	0.0007758777406337168
3.5985985985985987	0.0029870927151364078	0.0007677392541220743
3.6086086086086087	0.0027772071586883978	0.0007605021654250961
3.6186186186186187	0.0025900773729221932	0.0007541481761748225
3.6286286286286287	0.0024225248141985433	0.0007486629936175919
3.6386386386386387	0.0022719082870455588	0.0007440362383431369
3.6486486486486487	0.002136018508901149	0.00074026139016762
3.6586586586586587	0.0020129960465252073	0.000737335771638635
3.6686686686686687	0.0019012668854089545	0.0007352605693024539
3.6786786786786787	0.001799491431440746	0.0007340408935093286
3.6886886886886887	0.0017065238372648533	0.0007336858782039432
3.6986986986986987	0.0016213793318376407	0.0007342088228550321
3.7087087087087087	0.0015432078027775617	0.0007356273794958833
3.7187187187187187	0.0014712723003829596	0.0007379637886619163
3.7287287287287287	0.0014049314426651464	0.0007412451690441789
3.7387387387387387	0.0013436249328363104	0.0007455038668335338
3.7487487487487487	0.0012868615756867986	0.000750777871910221
3.7587587587587588	0.001234209311907804	0.0007571113097867936
3.7687687687687688	0.0011852868913335409	0.0007645550198452663
3.7787787787787788	0.0011397568841121028	0.0007731672327295423
3.7887887887887888	0.0010973197897781559	0.0007830143622843695
3.798798798798799	0.0010577090515053753	0.0007941719307009627
3.808808808808809	0.0010206868200297397	0.000806725649320654
3.818818818818819	0.0009860403412952558	0.0008207726822675709
3.828828828828829	0.0009535788650510173	0.0008364231259818249
3.838838838838839	0.000923130990375794	0.0008538017447749335
3.848848848848849	0.0008945423790695037	0.0008730500115642584
3.858858858858859	0.0008676737798466517	0.0008943285139701787
3.868868868868869	0.0008423993160926801	0.00091781980004387
3.878878878878879	0.000818604997863558	0.0009437317554600845
3.888888888888889	0.0007961874253035552	0.0009723016264478929
3.898898898898899	0.0007750526559059932	0.0010038008314039223
3.908908908908909	0.0007551152126078954	0.0010385407408319124
3.918918918918919	0.0007362972131066399	0.0010768796529833865
3.928928928928929	0.0007185276038922697	0.0011192312545186586
3.938938938938939	0.0007017414850722076	0.0011660749369208987
3.948948948948949	0.0006858795139654555	0.0012179684471646448
3.958958958958959	0.0006708873773415225	0.001275563494452198
3.968968968968969	0.0006567153235979298	0.0013396251280534505
3.978978978978979	0.000643317747386988	0.0014110559629882658
3.988988988988989	0.00063065282029431	0.0014909266892173536
3.998998998998999	0.0006186821620213589	0.0015805147966811645
4.009009009009009	0.0006073705473177071	0.001681354143958094
4.019019019019019	0.0005966856444946065	0.0017952989829993907
4.029029029029029	0.0005865977819726702	0.0019246074652031933
4.039039039039039	0.0005770797397806104	0.002072051708317662
4.049049049049049	0.0005681065632140315	0.0022410645350270457
4.059059059059059	0.0005596553964403203	0.0024359375397314128
4.069069069069069	0.000551705333875746	0.002662092074752966
4.079079079079079	0.0005442372876588684	0.0029264555290934562
4.089089089089089	0.0005372338696345182	0.003237992386722145
4.099099099099099	0.0005306792864798024	0.003608467340888182
4.109109109109109	0.0005245592468760159	0.004053564016601521
4.119119119119119	0.0005188608796189391	0.004594562099670047
4.129129129129129	0.0005135726619313898	0.005260915695600643
4.1391391391391394	0.0005086843571105939	0.006094332048813116
4.1491491491491495	0.000504186960938469	0.007155438103240958
4.1591591591591595	0.000500072656372796	0.00853509665515276
4.1691691691691695	0.0004963347759886291	0.010374484057301011
4.1791791791791795	0.0004929677719129587	0.012902635008187155
4.1891891891891895	0.0004899671929805591	0.016511252618578425
4.1991991991991995	0.00048732966888941765	0.021915929386236092
4.2092092092092095	0.00048505290131639335	0.030539960972006782
4.2192192192192195	0.0004831356619163407	0.04555621044548638
4.2292292292292295	0.00048157779731692967	0.07528120351321317
4.2392392392392395	0.0004803802411857248	0.14773992887628365
4.2492492492492495	0.000479545033631188	0.41219442209335644
4.2592592592592595	0.00047907534822237317	3.7243214193695495
4.2692692692692695	0.0004789755270183693	3.3112979368857403
4.2792792792792795	0.0004792511241252583	0.3959269683913036
4.2892892892892895	0.0004799089583852602	0.14425281045335717
4.2992992992992995	0.0004809571759304103	0.07403117710999368
4.3093093093093096	0.0004824053234672851	0.04497969390186943
4.31931931931932	0.0004842644333525033	0.03023031322203858
4.32932932932933	0.0004865471216370408	0.021731040612757477
4.33933933933934	0.0004892677005372628	0.01639136258186503
4.34934934934935	0.0004924423069427359	0.012819195378277436
4.35935935935936	0.0004960890489413307	0.01031252195958129
4.36936936936937	0.0005002281725719635	0.008486178304057537
4.37937937937938	0.0005048822514471659	0.0071145379469457065
4.38938938938939	0.0005100764023166628	0.006058316093980646
4.3993993993994	0.0005158385301407131	0.005227754925747015
4.40940940940941	0.0005221996068513306	0.0045629010455056195
4.41941941941942	0.000529193988740173	0.004022472786078389
4.42942942942943	0.0005368597782248015	0.003577293325015076
4.43943943943944	0.0005452392368006529	0.0032062685017023454
4.44944944944945	0.0005543792572164573	0.0028938417395175647
4.45945945945946	0.0005643319043295508	0.0026283371532439628
4.46946946946947	0.0005751550360317498	0.0024008534873060042
4.47947947947948	0.0005869130176204627	0.0022045091256164234
4.48948948948949	0.0005996775456984719	0.0020339163658915954
4.4994994994995	0.0006135286009681492	0.001884808713398487
4.50950950950951	0.0006285555530921544	0.001753772333094474
4.51951951951952	0.0006448584457097658	0.0016380496757750235
4.52952952952953	0.0006625494956962918	0.0015353939336598924
4.53953953953954	0.0006817548481862206	0.0014439598287055522
4.54954954954955	0.0007026166381416731	0.0013622207278478438
4.55955955955956	0.0007252954210450036	0.001288905076178253
4.56956956956957	0.0007499730498446054	0.0012229471707837867
4.57957957957958	0.0007768560940868105	0.0011634486957420448
4.58958958958959	0.0008061799210064106	0.0011096484137837334
4.5995995995996	0.0008382135888816819	0.001060898098590354
4.60960960960961	0.0008732657426088181	0.001016643283981574
4.61961961961962	0.0009116917528359106	0.0009764077617583303
4.62962962962963	0.000953902407467814	0.0009397810196602847
4.63963963963964	0.0010003745535074112	0.0009064080023334995
4.64964964964965	0.001051664205461627	0.0008759807205832382
4.65965965965966	0.0011084227958399926	0.0008482313410617309
4.66966966966967	0.0011714174586758958	0.000822926469448627
4.67967967967968	0.0012415565314087122	0.0007998624017849079
4.68968968968969	0.0013199218676148196	0.0007788611659375332
4.6996996996997	0.001407810121062407	0.0007597672120362946
4.70970970970971	0.0015067859645452424	0.0007424446389828362
4.71971971971972	0.0016187513551534439	0.0007267748667666985
4.72972972972973	0.0017460366226897015	0.0007126546819770927
4.73973973973974	0.00189152160714029	0.000699994597862852
4.74974974974975	0.002058798730863106	0.0006887174818383252
4.75975975975976	0.0022523954533913417	0.000678757412194776
4.76976976976977	0.0024780821694713883	0.0006700587334354382
4.77977977977978	0.002743305219574068	0.0006625752857589113
4.78978978978979	0.003057806669563958	0.0006562697893345479
4.7997997997998	0.0034345289287328953	0.0006511133684402024
4.80980980980981	0.0038909642460622012	0.0006470852043510293
4.81981981981982	0.0044512178684996415	0.0006441723093111485
4.82982982982983	0.005149251138405161	0.0006423694169254598
4.83983983983984	0.006034143746935002	0.0006416789874881415
4.84984984984985	0.007178950750488208	0.0006421113295578095
4.85985985985986	0.008696261067572179	0.0006436848421643068
4.86986986986987	0.010766946265082851	0.0006464263853697213
4.87987987987988	0.013696617061043023	0.0006503717903727684
4.88988988988989	0.018035103716304138	0.0006555665244688817
4.8998998998999	0.02485433862901904	0.0006620665310847818
4.90990990990991	0.03647942973639203	0.0006699392705786635
4.91991991991992	0.05876640517133931	0.0006792649946154041
4.92992992992993	0.11021454960733024	0.000690138295372546
4.93993993993994	0.27754366311903644	0.0007026699813475224
4.94994994994995	1.6154231087576445	0.0007169893449261175
4.95995995995996	7.882642705065998	0.0007332469036956089
4.96996996996997	0.4706600847937025	0.000751617719013765
4.97997997997998	0.15144618606931803	0.000772305423100786
4.98998998998999	0.07382991544694575	0.0007955471219898576
5.0	0.04362134616303172	0.0008216193887153278
