-5.0	0.0037114721199716753	0.001885270571131994
-4.98998998998999	0.0038537465169796443	0.0019343129525164864
-4.97997997997998	0.004008237772809303	0.001988205181116742
-4.96996996996997	0.004176357150190891	0.0020476595752982932
-4.95995995995996	0.004359721717210743	0.0021135231669572076
-4.94994994994995	0.004560190781020513	0.002186809202066334
-4.93993993993994	0.0047799099809489745	0.0022687375336110697
-4.92992992992993	0.005021364918969066	0.0023607868862325124
-4.91991991991992	0.005287446735329534	0.0024647631382328115
-4.90990990990991	0.005581532738311744	0.002582889468921284
-4.8998998998999	0.005907586126576453	0.0027179267255947603
-4.88988988988989	0.006270280095516435	0.0028733361283469457
-4.87987987987988	0.006675153306590512	0.0030535021718380182
-4.86986986986987	0.007128806008025744	0.003264042505580431
-4.85985985985986	0.007639149272088925	0.003512245733309467
-4.84984984984985	0.008215724231686514	0.0038077010488602233
-4.83983983983984	0.008870114408954698	0.004163221847324153
-4.82982982982983	0.009616483045069582	0.004596230822978594
-4.81981981981982	0.010472280008134896	0.005130889365228547
-4.80980980980981	0.011459181275470211	0.005801464622624055
-4.7997997997998	0.012604351108187448	0.0066578275646888094
-4.78978978978979	0.013942157510417075	0.007774770140526559
-4.77977977977978	0.015516532804719874	0.00926849347621299
-4.76976976976977	0.01738426515435024	0.011327321715577083
-4.75975975975976	0.01961965327796168	0.014272556668513256
-4.74974974974975	0.022321188033364053	0.01868854230106823
-4.73973973973974	0.0256212955182008	0.025728488281149563
-4.72972972972973	0.029700778429542794	0.03792871303020689
-4.71971971971972	0.03481057821657383	0.06177647694890747
-4.70970970970971	0.04130509667990529	0.118067615947215
-4.6996996996997	0.04969392711010879	0.3038270600542738
-4.68968968968969	0.06072285527341282	1.49190365526911
-4.67967967967968	0.07550025710771491	1.7768236845766954
-4.66966966966967	0.09568823766220748	0.34887136946734215
-4.65965965965966	0.12376244767035827	0.13466104764964634
-4.64964964964965	0.1632456203986563	0.07120841200947609
-4.63963963963964	0.21842572961820256	0.044470738614472004
-4.62962962962963	0.29190853445906945	0.03076598451482635
-4.61961961961962	0.3766954417172087	0.02281524283241642
-4.60960960960961	0.44451563811130046	0.017792248434160256
-4.5995995995996	0.4558493396765196	0.014415334041123707
-4.58958958958959	0.4050971191359907	0.012035109466209374
-4.57957957957958	0.32736901552291653	0.01029393897949051
-4.56956956956957	0.254349767850535	0.00898163000212847
-4.55955955955956	0.19692199606679064	0.007968028789845804
-4.54954954954955	0.15449770568400903	0.007169016420711827
-4.53953953953954	0.12356647059487363	0.0065282458004336215
-4.52952952952953	0.10084124122284639	0.006006809612709121
-4.51951951951952	0.08388083293961908	0.005577133013791748
-4.50950950950951	0.07099208461902369	0.005219225528010567
-4.4994994994995	0.06101986974061701	0.004918304843093006
-4.48948948948949	0.05317296007755081	0.004663246944769922
-4.47947947947948	0.04690253676100728	0.004445549576302305
-4.46946946946947	0.04182182016980812	0.004258623397754011
-4.45945945945946	0.03765360143115879	0.0040972974907666935
-4.44944944944945	0.034195875312088654	0.003957468154801531
-4.43943943943944	0.03129908682187273	0.003835845396852223
-4.42942942942943	0.028850854649394853	0.0037297672249013646
-4.41941941941942	0.026765557243189544	0.0036370617714785195
-4.40940940940941	0.02497712351784594	0.0035559436628801533
-4.3993993993994	0.023433966351459983	0.0034849352453995585
-4.38938938938939	0.022095370234014665	0.003422806083466996
-4.37937937937938	0.020928880236575485	0.003368526046515811
-4.36936936936937	0.019908390274251606	0.003321228613525546
-4.35935935935936	0.019012726364899566	0.003280181937789536
-4.34934934934935	0.018224584787811415	0.003244765863814168
-4.33933933933934	0.01752972780378699	0.003214453549953322
-4.32932932932933	0.01691636845180239	0.003188796686636066
-4.31931931931932	0.016374695663002422	0.003167413545158406
-4.3093093093093096	0.01589650458357077	0.0031499792725392687
-4.2992992992992995	0.015474906558752954	0.0031362179838767723
-4.2892892892892895	0.015104099999033534	0.0031258963045919263
-4.2792792792792795	0.014779188198686549	0.0031188180922730865
-4.2692692692692695	0.014496033680881409	0.0031148201269570013
-4.2592592592592595	0.014251141204110782	0.0031137686044656982
-4.2492492492492495	0.014041563454836575	0.0031155563029358906
-4.2392392392392395	0.013864824854900025	0.0031201003207724926
-4.2292292292292295	0.013718859970117273	0.003127340306794149
-4.2192192192192195	0.01360196380670752	0.003137237121650589
-4.2092092092092095	0.013512751895968754	0.003149771884491803
-4.1991991991991995	0.013450128543586123	0.0031649453710448747
-4.1891891891891895	0.013413261992255902	0.003182777741486349
-4.1791791791791795	0.013401565543213369	0.003203308584429095
-4.1691691691691695	0.013414683923062389	0.0032265972743850515
-4.1591591591591595	0.013452484382507663	0.003252723647016387
-4.1491491491491495	0.01351505218362461	0.0032817890067414067
-4.1391391391391394	0.013602690285659825	0.0033139174898280544
-4.129129129129129	0.013715923178068667	0.0033492578164833874
-4.119119119119119	0.013855504947552269	0.0033879854766934087
-4.109109109109109	0.014022431804884333	0.0034303054084409076
-4.099099099099099	0.014217959447503647	0.003476455242040742
-4.089089089089089	0.014443625800800594	0.0035267092037259734
-4.079079079079079	0.014701279876272297	0.0035813827944724563
-4.069069069069069	0.014993117715724097	0.003640838389448376
-4.059059059059059	0.015321726673948195	0.003705491938284477
-4.049049049049049	0.015690139644996267	0.00377582099242086
-4.039039039039039	0.016101901279148453	0.0038523743427010676
-4.029029029029029	0.01656114880483928	0.003935783623230675
-4.019019019019019	0.017072710798549058	0.004026777332618382
-4.009009009009009	0.01764222819473138	0.004126197845651031
-3.998998998998999	0.018276303074784922	0.004235022148461095
-3.988988988988989	0.018982682423536547	0.004354387241322237
-3.978978978978979	0.01977048624870922	0.004485621433392786
-3.968968968968969	0.020650492431290152	0.004630283128711792
-3.958958958958959	0.021635494723459343	0.0047902092097367194
-3.948948948948949	0.022740755873379318	0.004967575817531089
-3.938938938938939	0.02398458558264073	0.005164975279984564
-3.928928928928929	0.025389083849954953	0.005385514269617237
-3.918918918918919	0.02698110566533077	0.00563294014304166
-3.908908908908909	0.028793525181386528	0.005911805086512748
-3.898898898898899	0.03086690979178232	0.006227681550174817
-3.888888888888889	0.03325176229609797	0.006587448115713833
-3.878878878878879	0.036011561001132515	0.006999673366573135
-3.868868868868869	0.039226936946353305	0.007475138087176115
-3.858858858858859	0.0430014972053625	0.008027555781495804
-3.848848848848849	0.04747007182088443	0.00867458242131466
-3.838838838838839	0.0528105956558472	0.009439256019409387
-3.828828828828829	0.059261552275124064	0.01035208840247984
-3.818818818818819	0.06714811640204382	0.011454169782259748
-3.808808808808809	0.07692222654102515	0.01280188737685744
-3.798798798798799	0.08922554509440361	0.014474292482481938
-3.7887887887887888	0.10499107000994028	0.01658495987436401
-3.7787787787787788	0.12561192809650856	0.019301762455185955
-3.7687687687687688	0.1532303640096924	0.022881220235725568
-3.7587587587587588	0.19124740967909756	0.02773110815641673
-3.7487487487487487	0.24524386473079612	0.03453133305302688
-3.7387387387387387	0.3246546700475697	0.044484264451789664
-3.7287287287287287	0.4456593236334722	0.05988053589484202
-3.7187187187187187	0.6349169975403929	0.08552997891189539
-3.7087087087087087	0.9265924985488684	0.13296761852053987
-3.6986986986986987	1.3136929887481767	0.23574868349276154
-3.6886886886886887	1.600707757953503	0.5266196766969797
-3.6786786786786787	1.4870195482113624	1.9166185709365173
-3.6686686686686687	1.1035450190427962	7.999458861406766
-3.6586586586586587	0.7539476085328152	1.413879456860511
-3.6486486486486487	0.5174676467890086	0.44427901224655036
-3.6386386386386387	0.3672545085667524	0.21177109435545358
-3.6286286286286287	0.2706495581255341	0.12387716482882885
-3.6186186186186187	0.20642786809790983	0.08169666104112606
-3.6086086086086087	0.16216907975156145	0.05829933799317145
-3.5985985985985987	0.13063204872942827	0.043998144886120714
-3.5885885885885886	0.10748792061519791	0.034627524421603384
-3.5785785785785786	0.09006295733456572	0.028158574304674448
-3.5685685685685686	0.07665026109962432	0.02350774798486171
-3.5585585585585586	0.0661259229605058	0.020053815460346538
-3.5485485485485486	0.05772878958729782	0.017419938982100525
-3.5385385385385386	0.05093017934538256	0.015366782170090234
-3.5285285285285286	0.04535447166002605	0.013736425924525371
-3.5185185185185186	0.040729327078167996	0.01242126162022946
-3.5085085085085086	0.03685366328773532	0.011345914927072794
-3.4984984984984986	0.033576559523089626	0.01045631656744937
-3.4884884884884886	0.0307830559590111	0.009712864277557012
-3.4784784784784786	0.02838440383720841	0.009086015021858511
-3.4684684684684686	0.026311249513900074	0.008553368271672036
-3.4584584584584586	0.024508790226175692	0.008097690575138757
-3.4484484484484486	0.02293327865800383	0.007705549601505841
-3.4384384384384385	0.02154946538939104	0.00736635186162301
-3.4284284284284285	0.02032870340605011	0.007071653307474524
-3.4184184184184185	0.01924752653169182	0.006814657833415577
-3.4084084084084085	0.01828657151616715	0.006589847356476313
-3.3983983983983985	0.01742975233316228	0.006392705460439369
-3.3883883883883885	0.016663621652000266	0.0062195085158582636
-3.3783783783783785	0.015976872674483895	0.006067166097712236
-3.3683683683683685	0.015359947266216494	0.005933097854631164
-3.3583583583583585	0.014804725319302808	0.005815137633745858
-3.3483483483483485	0.014304276727830285	0.00571145819738702
-3.3383383383383385	0.013852662017293241	0.005620511650304284
-3.3283283283283285	0.013444771069775464	0.005540981962890334
-3.3183183183183185	0.013076191893869207	0.005471746889393415
-3.3083083083083085	0.012743103253204652	0.005411847243752935
-3.2982982982982985	0.012442186365055657	0.005360461984096989
-3.2882882882882885	0.012170551936894036	0.005316887919229061
-3.2782782782782784	0.011925679614121802	0.0052805231208386426
-3.2682682682682684	0.011705367528998811	0.005250853331860524
-3.2582582582582584	0.01150769011797342	0.0052274408157292635
-3.2482482482482484	0.011330962745322975	0.005209915212728454
-3.2382382382382384	0.011173711961259193	0.005197966061979784
-3.2282282282282284	0.011034650451023581	0.005191336721554456
-3.2182182182182184	0.010912655913280332	0.005189819476614732
-3.2082082082082084	0.010806753249545387	0.005193251671234295
-3.1981981981981984	0.010716099563867614	0.005201512739566953
-3.1881881881881884	0.010639971564059809	0.005214522041262791
-3.1781781781781784	0.01057775503414242	0.005232237434502707
-3.1681681681681684	0.0105289361081789	0.005254654543053669
-3.1581581581581584	0.010493094130307015	0.005281806696136977
-3.1481481481481484	0.010469895927245345	0.005313765539276442
-3.1381381381381384	0.010459091358126879	0.005350642336446828
-3.1281281281281283	0.010460510038762083	0.005392590004437009
-3.118118118118118	0.010474059165544274	0.005439805944002533
-3.108108108108108	0.01049972239039988	0.005492535759991352
-3.098098098098098	0.010537559723291554	0.005551077992312189
-3.088088088088088	0.010587708460441858	0.005615790018891882
-3.078078078078078	0.010650385162727	0.005687095336850493
-3.068068068068068	0.010725888730305246	0.00576549248546612
-3.058058058058058	0.010814604646981913	0.005851565947391172
-3.048048048048048	0.010917010497040136	0.005945999456091976
-3.038038038038038	0.011033682888281599	0.006049592257686116
-3.028028028028028	0.011165305952903092	0.006163279029080566
-3.018018018018018	0.011312681642905621	0.006288154358448666
-3.008008008008008	0.011476742086917293	0.0064255029629948736
-2.997997997997998	0.011658564340929012	0.006576837179323602
-2.987987987987988	0.011859387940046524	0.006743943746446557
-2.977977977977978	0.012080635754523218	0.006928942562192404
-2.967967967967968	0.012323938769693154	0.007134361004364922
-2.957957957957958	0.012591165555345436	0.00736322866839127
-2.947947947947948	0.012884457373214695	0.007619199153643011
-2.937937937937938	0.013206270102258826	0.007906708056479177
-2.9279279279279278	0.013559424455867618	0.008231179976871613
-2.9179179179179178	0.013947166339836073	0.00859930267861627
-2.9079079079079078	0.014373239684816828	0.009019394461535527
-2.8978978978978978	0.014841974712529701	0.009501902760005867
-2.8878878878878878	0.015358395414056137	0.010060090349884449
-2.8778778778778777	0.015928351092379375	0.010710994330876304
-2.8678678678678677	0.016558678244694033	0.011476789132392378
-2.8578578578578577	0.017257400959700228	0.012386760318772914
-2.8478478478478477	0.018033980561924432	0.013480223040358882
-2.8378378378378377	0.01889962870557972	0.014810939064140707
-2.8278278278278277	0.01986770287899678	0.016453980136844914
-2.8178178178178177	0.020954209865059064	0.018516716507199542
-2.8078078078078077	0.022178451915901887	0.021157024604625287
-2.7977977977977977	0.023563863426437914	0.02461468224093479
-2.7877877877877877	0.025139104541887322	0.029268093635543394
-2.7777777777777777	0.026939505164441095	0.03574265045798042
-2.7677677677677677	0.02900899254266604	0.04513219467586456
-2.7577577577577577	0.03140269482888069	0.059491147528151656
-2.7477477477477477	0.03419050261580672	0.08305117959651168
-2.7377377377377377	0.03746200840384351	0.1256841702018197
-2.7277277277277276	0.04133346003334089	0.2148846806362918
-2.7177177177177176	0.0459577090935743	0.4511090862663484
-2.7077077077077076	0.0515386972633905	1.4055999944863093
-2.6976976976976976	0.05835295870783779	5.564745531300787
-2.6876876876876876	0.0667822082469474	1.5720482581588633
-2.6776776776776776	0.07736385712558873	0.48406552736245867
-2.6676676676676676	0.09087123852372744	0.22600037677038012
-2.6576576576576576	0.10844431585199923	0.1308587130636484
-2.6476476476476476	0.1318082587085689	0.08603544038136311
-2.6376376376376376	0.16364797120830163	0.06150993472637341
-2.6276276276276276	0.2082612289027315	0.04667844338674279
-2.6176176176176176	0.27269520142446396	0.037045633508452
-2.6076076076076076	0.36860809475110207	0.03044640082585615
-2.5975975975975976	0.5145567095030248	0.02573486870523843
-2.5875875875875876	0.7346241014725318	0.0222589527565236
-2.5775775775775776	1.033953505835179	0.019625574153907335
-2.5675675675675675	1.3156054949956846	0.017586421097463317
-2.5575575575575575	1.3566506790531765	0.01597841860718736
-2.5475475475475475	1.119393553434429	0.014690904741893508
-2.5375375375375375	0.818216661177679	0.013646654718480235
-2.5275275275275275	0.5829985594870062	0.01279045972302577
-2.5175175175175175	0.42323456790412745	0.012082009953685352
-2.5075075075075075	0.3171224338640965	0.011491323714187145
-2.4974974974974975	0.24542236554586308	0.010995732722186432
-2.4874874874874875	0.19557711452320276	0.01057784648791731
-2.4774774774774775	0.15988338218745096	0.01022414866624018
-2.4674674674674675	0.13361206797997927	0.009924010804156102
-2.4574574574574575	0.11379864771267602	0.009668987517074337
-2.4474474474474475	0.09853416841019504	0.009452304997578837
-2.4374374374374375	0.08655510679956942	0.009268484619871589
-2.4274274274274275	0.0770029921773573	0.009113062425978488
-2.4174174174174174	0.06928034347423573	0.008982377646832409
-2.4074074074074074	0.06296213488564849	0.00887341159135086
-2.3973973973973974	0.057740001027443366	0.008783663744275796
-2.3873873873873874	0.05338621879986776	0.008711055671872138
-2.3773773773773774	0.04972992702930492	0.008653855944115234
-2.3673673673673674	0.04664109580891428	0.008610621110357146
-2.3573573573573574	0.04401951137566221	0.008580149070311833
-2.3473473473473474	0.04178707365241539	0.008561442118269622
-2.3373373373373374	0.03988232355932683	0.008553677623345631
-2.3273273273273274	0.0382564979168046	0.008556184812177611
-2.3173173173173174	0.03687064832342711	0.008568426497996436
-2.3073073073073074	0.0356935127541273	0.008589984884083107
-2.2972972972972974	0.03469992769475513	0.008620550792680226
-2.2872872872872874	0.033869634161801325	0.008659915841424138
-2.2772772772772774	0.03318637501768044	0.008707967231701592
-2.2672672672672673	0.03263721109564234	0.008764684930924242
-2.2572572572572573	0.03221200456072217	0.008830141134987245
-2.2472472472472473	0.03190303271682201	0.008904501994176283
-2.2372372372372373	0.031704706142891455	0.008988031681739395
-2.2272272272272273	0.03161337295119899	0.00908109898603031
-2.2172172172172173	0.03162719703894729	0.009184186720385614
-2.2072072072072073	0.03174610311248322	0.009297904380711737
-2.1971971971971973	0.03197178550019031	0.009423004641023894
-2.1871871871871873	0.032307781756690954	0.009560404490072734
-2.1771771771771773	0.03275961616537288	0.009711212075657545
-2.1671671671671673	0.03333502287981459	0.00987676067824032
-2.1571571571571573	0.034044264075426024	0.010058651708725193
-2.1471471471471473	0.03490056574022604	0.010258809265664033
-2.1371371371371373	0.03592070346511304	0.010479549664239703
-2.1271271271271273	0.03712578408277477	0.010723670577121678
-2.1171171171171173	0.03854228810218205	0.01099456614255099
-2.1071071071071072	0.040203465494427236	0.011296376851878938
-2.0970970970970972	0.042151217982706046	0.01163418657053001
-2.0870870870870872	0.044438661731391785	0.012014284244838714
-2.0770770770770772	0.04713365677615605	0.012444515583582255
-2.067067067067067	0.0503237327987399	0.012934761720133251
-2.057057057057057	0.054123067053155775	0.013497599929065648
-2.047047047047047	0.05868253470426663	0.014149229893271836
-2.037037037037037	0.06420445160649627	0.014910794719813554
-2.027027027027027	0.07096463916339404	0.015810301168875142
-2.017017017017017	0.07934618105150967	0.01688547089155165
-2.007007007007007	0.08989231461399522	0.01818807636711606
-1.996996996996997	0.10339145753796512	0.019790715087242464
-1.986986986986987	0.12101763710932183	0.02179772385123781
-1.976976976976977	0.14456880926401022	0.024363397238255136
-1.966966966966967	0.17688128651969232	0.027723677312924293
-1.956956956956957	0.22256080149157048	0.03225401770670289
-1.946946946946947	0.2892522818582061	0.038581363717674566
-1.936936936936937	0.3896115401496539	0.047816785431915
-1.926926926926927	0.5429098702600829	0.062083551222165315
-1.916916916916917	0.768046626604028	0.0858609480896611
-1.906906906906907	1.0375310380723735	0.12997185301292166
-1.896896896896897	1.1883533396621935	0.22631800479678382
-1.8868868868868869	1.0575439899120087	0.5046863274137512
-1.8768768768768769	0.7797505119714097	1.9381495261815236
-1.8668668668668669	0.5394300217458751	9.189681627852845
-1.8568568568568569	0.3764629649262534	1.2740736405929185
-1.8468468468468469	0.2716271671723956	0.3999559969546143
-1.8368368368368369	0.20341489930891354	0.19433015732319753
-1.8268268268268268	0.15767933314338284	0.11681110559674016
-1.8168168168168168	0.12598593690555904	0.07966455693924733
-1.8068068068068068	0.10333523645440294	0.05910405408817869
-1.7967967967967968	0.08669829141378423	0.046578787733720386
-1.7867867867867868	0.07418451545935817	0.0384111439855171
-1.7767767767767768	0.06457705077479922	0.03280931857861924
-1.7667667667667668	0.05706955288055789	0.028816140869766364
-1.7567567567567568	0.051113260796576826	0.025882757306833034
-1.7467467467467468	0.04632560388427893	0.02367623179362926
-1.7367367367367368	0.0424340332904895	0.021985141839920598
-1.7267267267267268	0.03924057257751085	0.0206700311782084
-1.7167167167167168	0.03659888565602632	0.019635921810028857
-1.7067067067067068	0.034399101344668566	0.01881633792359623
-1.6966966966966968	0.03255755982623183	0.018163645413011242
-1.6866866866866868	0.03100975164151475	0.017643007517614075
-1.6766766766766767	0.029705369968489017	0.017228488922481407
-1.6666666666666667	0.028604788262824154	0.01690047826367118
-1.6566566566566567	0.0276765161056598	0.016643943078423498
-1.6466466466466467	0.0268953372843542	0.016447223875426187
-1.6366366366366367	0.02624093090152669	0.016301185395376803
-1.6266266266266267	0.02569683935809814	0.016198609452725426
-1.6166166166166167	0.02524968882944878	0.016133754265683534
-1.6066066066066067	0.024888595979165512	0.016102030536829782
-1.5965965965965967	0.024604713868404626	0.01609976074503891
-1.5865865865865867	0.02439088335391613	0.016123998680901582
-1.5765765765765767	0.024241365651537273	0.016172393273374087
-1.5665665665665667	0.024151638461038485	0.016243085497987714
-1.5565565565565564	0.024118242952595452	0.016334630424316786
-1.5465465465465464	0.024138672568029148	0.016445938746614944
-1.5365365365365364	0.02421129742192044	0.016576233772585377
-1.5265265265265264	0.02433532036353949	0.01672502104919328
-1.5165165165165164	0.024510762720019147	0.016892068706767065
-1.5065065065065064	0.02473847956261878	0.01707739732364361
-1.4964964964964964	0.02502020619666222	0.017281278717149903
-1.4864864864864864	0.025358639648347357	0.017504243616795423
-1.4764764764764764	0.025757561431500656	0.01774709872503114
-1.4664664664664664	0.02622201110648005	0.018010954265480095
-1.4564564564564564	0.026758524503201535	0.018297263830449467
-1.4464464464464464	0.02737545655684619	0.01860787922667241
-1.4364364364364364	0.028083417416689387	0.018945124193722983
-1.4264264264264264	0.028895863251448654	0.01931189248017886
-1.4164164164164164	0.029829902244268805	0.01971177800450588
-1.4064064064064064	0.030907405357681838	0.02014924805614283
-1.3963963963963963	0.03215655669317696	0.020629875178700054
-1.3863863863863863	0.03361405021984451	0.021160650351071852
-1.3763763763763763	0.03532825672429482	0.021750410606127403
-1.3663663663663663	0.03736388034607106	0.022410430442545794
-1.3563563563563563	0.03980895986582207	0.023155251855612097
-1.3463463463463463	0.042785665296520836	0.02400386873305443
-1.3363363363363363	0.04646743408356128	0.02498144866027497
-1.3263263263263263	0.05110708329908912	0.02612188889127911
-1.3163163163163163	0.05708472477579646	0.027471701079786363
-1.3063063063063063	0.06499316404569591	0.029096075239680858
-1.2962962962962963	0.07579837557074448	0.031088637899011187
-1.2862862862862863	0.09116086758188484	0.033587714406658996
-1.2762762762762763	0.11413143872019063	0.03680455625808764
-1.2662662662662663	0.15081221705974093	0.04107474093089179
-1.2562562562562563	0.21485462949486248	0.046957282268961925
-1.2462462462462462	0.3418585478356434	0.05543953544134268
-1.2362362362362362	0.6471782318848466	0.06839927460581474
-1.2262262262262262	1.6271997330880235	0.08976967690667571
-1.2162162162162162	4.600208511063518	0.1289485578339358
-1.2062062062062062	2.46875955119183	0.21311485482223588
-1.1961961961961962	0.8454177691433894	0.4487208717204852
-1.1861861861861862	0.39934512152001905	1.5541613269423276
-1.1761761761761762	0.23390611439950923	7.004953440570086
-1.1661661661661662	0.15697798252020392	1.2765130761955392
-1.1561561561561562	0.11559195899016464	0.4095283022355943
-1.1461461461461462	0.091023571937481	0.20620375440572847
-1.1361361361361362	0.07538751724968967	0.13028097278347683
-1.1261261261261262	0.06491779058448979	0.09423401778757386
-1.1161161161161162	0.05763827952361309	0.0744913207907247
-1.1061061061061062	0.05243374407183857	0.06262702389328907
-1.0960960960960962	0.04863724586695586	0.055032319197200946
-1.0860860860860861	0.04583069642999076	0.04995434288373368
-1.0760760760760761	0.04374157943082929	0.04645896692782529
-1.0660660660660661	0.042186352056185386	0.0440116451838841
-1.0560560560560561	0.04103791482792518	0.04228877479336696
-1.0460460460460461	0.040206141123709065	0.04108534283195297
-1.0360360360360361	0.039625809110282254	0.04026654250285896
-1.026026026026026	0.03924889102661103	0.03974097239186156
-1.016016016016016	0.03903949352639972	0.03944508307231407
-1.006006006006006	0.038970458700742	0.039333788301416296
-0.995995995995996	0.0390210327622258	0.03937460449576442
-0.985985985985986	0.03917523735972373	0.03954388745160727
-0.975975975975976	0.03942071319919105	0.03982435849286717
-0.965965965965966	0.03974788740785431	0.04020344845685945
-0.955955955955956	0.04014936688984658	0.04067217631919502
-0.9459459459459459	0.040619492241926146	0.041224388566485644
-0.9359359359359359	0.04115400773367842	0.0418562510715676
-0.9259259259259259	0.04174981675172871	0.04256592615978573
-0.9159159159159159	0.042404801452786765	0.043353394302055044
-0.9059059059059059	0.043117691840537466	0.044220398587399366
-0.8958958958958959	0.04388797402076587	0.04517050457238609
-0.8858858858858859	0.04471583074168094	0.04620928088226564
-0.8758758758758759	0.04560210980394286	0.0473446190260769
-0.8658658658658659	0.04654831801450647	0.04858722610282894
-0.8558558558558559	0.04755664005373157	0.0499513432303568
-0.8458458458458459	0.04862998335651553	0.05145576729258705
-0.8358358358358359	0.04977205179956243	0.05312528475091883
-0.8258258258258259	0.05098745295017143	0.054992660955531306
-0.8158158158158159	0.05228184593342395	0.057101352597665855
-0.8058058058058059	0.053662139811914124	0.05950907930365312
-0.7957957957957958	0.05513675578103575	0.06229217387480429
-0.7857857857857858	0.056715970682100415	0.06554988949372827
-0.7757757757757757	0.058412363912654336	0.06940573994136433
-0.7657657657657657	0.06024139406913233	0.07399764979297606
-0.7557557557557557	0.06222213333104211	0.07943714825999125
-0.7457457457457457	0.06437818110056855	0.08569948432485659
-0.7357357357357357	0.06673875155786822	0.09240368316992663
-0.7257257257257257	0.06933985568858558	0.09854684330418681
-0.7157157157157157	0.07222532144972425	0.1025756132419733
-0.7057057057057057	0.07544700647650471	0.10328478265582101
-0.6956956956956957	0.07906275984583988	0.10093844766479952
-0.6856856856856857	0.0831291984161784	0.09707572476497746
-0.6756756756756757	0.08768400547423201	0.09324934115736135
-0.6656656656656657	0.0927100793876923	0.09029491299711848
-0.6556556556556556	0.09807583243160146	0.08842737271668197
-0.6456456456456456	0.1034635787260112	0.08756189740225305
-0.6356356356356356	0.10834312230475643	0.08752814297202323
-0.6256256256256256	0.11209172300582754	0.08816208446721174
-0.6156156156156156	0.11429173978050454	0.08933271208495358
-0.6056056056056056	0.11500855679360222	0.0909433328392354
-0.5955955955955956	0.11476427913087318	0.09292554181523438
-0.5855855855855856	0.11422955400258403	0.09523246729962165
-0.5755755755755756	0.11393478877677722	0.09783319005859832
-0.5655655655655656	0.11417653311964082	0.10070858613296875
-0.5555555555555556	0.11506464054609189	0.10384836836804293
-0.5455455455455456	0.1166031193582693	0.10724903049095541
-0.5355355355355356	0.1187514364072945	0.11091244237250046
-0.5255255255255256	0.12145890157752093	0.1148449091074973
-0.5155155155155156	0.12468035386532254	0.11905656181288031
-0.5055055055055055	0.12838174660032062	0.12356098959755847
-0.4954954954954955	0.13254109838414277	0.12837505182660722
-0.4854854854854855	0.13714766675755474	0.13351883056096733
-0.4754754754754755	0.14220066651141577	0.13901569765158733
-0.46546546546546547	0.14770807798039648	0.14489248139124067
-0.45545545545545546	0.15368573356002393	0.1511797253387995
-0.44544544544544545	0.1601567211474571	0.1579120379374922
-0.43543543543543545	0.16715108919508825	0.16512853657165327
-0.42542542542542544	0.1747058254793271	0.17287339432836435
-0.41541541541541543	0.18286508571411617	0.181196502195334
-0.40540540540540543	0.1916806582173438	0.19015426434968227
-0.3953953953953954	0.2012126626747037	0.1998105497036947
-0.38538538538538536	0.21153049325643455	0.2102378294123291
-0.37537537537537535	0.22271402915169555	0.22151853812241198
-0.36536536536536535	0.2348551491452532	0.23374670677156206
-0.35535535535535534	0.24805960238452585	0.24702992749874864
-0.34534534534534533	0.2624493058598901	0.2614917276170285
-0.3353353353353353	0.2781651617718146	0.27727445084503616
-0.3253253253253253	0.29537051685581633	0.29454277182910266
-0.3153153153153153	0.3142554230467658	0.3134880066902122
-0.3053053053053053	0.33504190830682895	0.33433343127779586
-0.2952952952952953	0.3579905322212769	0.3573408845614755
-0.2852852852852853	0.3834085901877804	0.3828190237345604
-0.2752752752752753	0.41166045179844457	0.41113371979163804
-0.2652652652652653	0.4431806874971155	0.4427212513956701
-0.2552552552552553	0.4784908733208527	0.47810519130305057
-0.24524524524524524	0.5182212969137486	0.5179182147858176
-0.23523523523523523	0.5631392665555021	0.5629305396347764
-0.22522522522522523	0.6141864199917872	0.6140874058329442
-0.21521521521521522	0.6725284558864242	0.6725590330652046
-0.20520520520520522	0.7396222480097516	0.7398080386283408
-0.19519519519519518	0.8173076477605132	0.8176816535293795
-0.18518518518518517	0.9079349252660613	0.90853973494991
-0.17517517517517517	1.0145445829260569	1.015435381804915
-0.16516516516516516	1.1411256630182955	1.1423743871606076
-0.15515515515515516	1.2929942968981405	1.294695453986751
-0.14514514514514515	1.4773609904314449	1.479639960277093
-0.13513513513513514	1.7042023762765428	1.7072274956749645
-0.12512512512512514	1.9876395762049461	1.9916401687180585
-0.11511511511511512	2.3481898509254067	2.3534839146239945
-0.10510510510510511	2.816586212981257	2.823624419270035
-0.09509509509509509	3.440549285952489	3.4499878037541203
-0.08508508508508508	4.297439157434553	4.310266218299587
-0.07507507507507508	5.519437434127859	5.537206726892506
-0.06506506506506507	7.3477427194295055	7.373036521348894
-0.055055055055055056	10.261367026662397	10.298804951524827
-0.04504504504504504	15.325935206511838	15.384659172574292
-0.035035035035035036	25.326164655977287	25.42710837331649
-0.025025025025025027	49.59972642525358	49.80322963570905
-0.015015015015015015	137.383523714186	137.9557876009439
-0.005005005005005005	1193.9157952531496	1198.6007349261256
0.005005005005005005	1193.914409176228	1198.5881547501544
0.015015015015015015	137.3835296080009	137.9561486029283
0.025025025025025027	49.59975401619206	49.80366863970809
0.035035035035035036	25.32618897897602	25.42745440108274
0.04504504504504504	15.325955473792366	15.384929343836594
0.055055055055055056	10.261384056506666	10.299019067580804
0.06506506506506507	7.34775725212415	7.373208624936598
0.07507507507507508	5.5194500146442165	5.537346600166325
0.08508508508508508	4.2974501798323645	4.310380877508714
0.09509509509509509	3.4405590397106356	3.450082445360906
0.10510510510510511	2.816594915557308	2.8237029949522148
0.11511511511511512	2.348197669485128	2.353549490306707
0.12512512512512514	1.9876466419997647	1.991695158178698
0.13513513513513514	1.7042087943582722	1.7072738194994455
0.14514514514514515	1.4773668462883227	1.4796791584375033
0.15515515515515516	1.2929996610561376	1.2947287683992799
0.16516516516516516	1.1411305944068104	1.142402824000714
0.17517517517517517	1.0145491313145643	1.0154597592956651
0.18518518518518517	0.9079391330605978	0.9085607206951906
0.19519519519519518	0.817311551315473	0.8176997939470605
0.20520520520520522	0.7396258787229152	0.7398237822497329
0.21521521521521522	0.6725318409688013	0.6725727490908404
0.22522522522522523	0.6141895831147121	0.6140993990573365
0.23523523523523523	0.5631422283312835	0.5629410623131655
0.24524524524524524	0.5182240753091998	0.5179274762307979
0.2552552552552553	0.4784934839488081	0.4781133656011096
0.2652652652652653	0.4431831438867599	0.44272848361231865
0.2752752752752753	0.4116627655592649	0.4111401309838148
0.2852852852852853	0.38341077117413375	0.3828247150075444
0.2952952952952953	0.35799258859913363	0.3573459403450797
0.3053053053053053	0.3350438466338243	0.33433792195488093
0.3153153153153153	0.31425724826803686	0.31349199073614553
0.3253253253253253	0.29537223226049364	0.294546297512666
0.3353353353353353	0.2781667689024017	0.27727755758347733
0.34534534534534533	0.26245080435602913	0.2614944470268085
0.35535535535535534	0.24806098975863197	0.24703228421038337
0.36536536536536535	0.23485642044534158	0.2337487189969126
0.37537537537537535	0.2227151765342556	0.22152021804319538
0.38538538538538536	0.21153150537686055	0.2102391833594648
0.3953953953953954	0.2012135238961843	0.19981157815076436
0.40540540540540543	0.1916813475475057	0.19015496170170829
0.41541541541541543	0.1828655753787789	0.1811968563673682
0.42542542542542544	0.17470607903105498	0.17287338605868408
0.43543543543543545	0.167151058953603	0.16512813844153942
0.44544544544544545	0.1601563447597468	0.1579112130220243
0.45545545545545546	0.15368492933757932	0.1511784253798347
0.46546546546546547	0.14770673856658992	0.14489064437030366
0.4754754754754755	0.14219865028652037	0.13901324457241426
0.4854854854854855	0.13714478618231687	0.1335156611668491
0.4954954954954955	0.13253710435305296	0.12837103889983226
0.5055055055055055	0.12837630786233412	0.12355597131773523
0.5155155155155156	0.12467303106057467	0.11905033143788386
0.5255255255255256	0.12144911724460002	0.11483720092466158
0.5355355355355356	0.11873844728540238	0.11090291240773992
0.5455455455455456	0.11658600894462418	0.10723722975318126
0.5555555555555556	0.11504237454254868	0.10383370539459366
0.5655655655655656	0.11414816408497716	0.10069027406817825
0.5755755755755756	0.11389995000439151	0.0978101712572885
0.5855855855855856	0.11418937304411692	0.09520330523596819
0.5955955955955956	0.11472256172257368	0.09288826580352841
0.6056056056056056	0.11497232988114363	0.09089521616696594
0.6156156156156156	0.11426956869567585	0.08926996127632242
0.6256256256256256	0.11208955239064373	0.08807942573847999
0.6356356356356356	0.10836079951484699	0.08741833867076029
0.6456456456456456	0.1034955438446179	0.08741538412202164
0.6556556556556556	0.09811484808640229	0.08823265930532091
0.6656656656656657	0.09275031645086042	0.09004142926747549
0.6756756756756757	0.0877219806681524	0.09293620691798181
0.6856856856856857	0.08316335072590501	0.09673024018676578
0.6956956956956957	0.07909270748128452	0.10063780758908716
0.7057057057057057	0.07547296100570833	0.103145702152168
0.7157157157157157	0.07224773338859579	0.1026776865053926
0.7257257257257257	0.06935923076778838	0.09885900709677271
0.7357357357357357	0.06675556749083329	0.09281901193533817
0.7457457457457457	0.06439285671411138	0.08612122703864876
0.7557557557557557	0.0622350225542148	0.07981478017716734
0.7657657657657657	0.060252790477559756	0.07431663006773545
0.7757757757757757	0.05842250890525534	0.06966901289174382
0.7857857857857858	0.05672506215416556	0.06576617944741385
0.7957957957957958	0.05514495601467998	0.062470746402417156
0.8058058058058059	0.05366958220106312	0.059657949799257336
0.8158158158158159	0.05228864051119721	0.057226943397081065
0.8258258258258259	0.05099369085156324	0.05509996037300691
0.8358358358358359	0.04977780883217095	0.05321812659948975
0.8458458458458459	0.04863532283584471	0.051537097492722096
0.8558558558558559	0.04756161505726488	0.05002343753911149
0.8658658658658659	0.046552973166068046	0.04865185738037099
0.8758758758758759	0.045606482686140724	0.047403182457762476
0.8858858858858859	0.044719953001123296	0.04626288683628377
0.8958958958958959	0.043891872238691856	0.045220047414798355
0.9059059059059059	0.04312138819406338	0.0442666078850197
0.9159159159159159	0.04240831421168718	0.043396873196535624
0.9259259259259259	0.04175316061597422	0.0426071803883191
0.9359359359359359	0.04115719403690437	0.041895711140277195
0.9459459459459459	0.04062252901067857	0.04126242687498684
0.955955955955956	0.04015225875849515	0.04070912053093329
0.965965965965966	0.039750635363208185	0.0402395920212218
0.975975975975976	0.03942331412414535	0.03985996894077454
0.985985985985986	0.039177683316815363	0.03957921283438674
0.995995995995996	0.03902330993729233	0.039409878090910004
1.006006006006006	0.038972545874002715	0.039369231407128745
1.016016016016016	0.039041359882668575	0.039480905263077695
1.026026026026026	0.03925049300766048	0.03977736786002816
1.0360360360360361	0.039627085860224454	0.04030367975290853
1.0460460460460461	0.04020700780122876	0.04112334236595912
1.0560560560560561	0.04103825263390464	0.04232766419080666
1.0660660660660661	0.042185993061625446	0.044051269942725464
1.0760760760760761	0.04374028294789146	0.0464988111679146
1.0860860860860861	0.04582811120005663	0.04999315731777104
1.0960960960960962	0.04863284764445451	0.05506731212828556
1.1061061061061062	0.05242672875597198	0.06265198623692549
1.1161161161161162	0.057627372242205974	0.07449189695560832
1.1261261261261262	0.06490088699330554	0.09417434853292006
1.1361361361361362	0.07536096757374046	0.13005960877379172
1.1461461461461462	0.09098064243961346	0.20547136059970547
1.1561561561561562	0.11551920729004975	0.4066151902824901
1.1661661661661662	0.15684565355330468	1.2568671980549253
1.1761761761761762	0.2336384469644828	6.937504717071991
1.1861861861861862	0.3987073668345938	1.5876435939241718
1.1961961961961962	0.843455283334397	0.454836802173094
1.2062062062062062	2.4611145024841212	0.21518165438354186
1.2162162162162162	4.606860931718427	0.12990337989812448
1.2262262262262262	1.6319690833069487	0.09029692189839515
1.2362362362362362	0.6484576873576142	0.0687255185110316
1.2462462462462462	0.34232473822094417	0.055657908595510196
1.2562562562562563	0.21506567625519715	0.04711208574793434
1.2662662662662663	0.15092174720433257	0.04118938551652549
1.2762762762762763	0.11419348173147527	0.03689243443407449
1.2862862862862863	0.09119801394902999	0.03365697689531417
1.2962962962962963	0.07582132504221663	0.03114449782885682
1.3063063063063063	0.06500747915510037	0.02914200539419414
1.3163163163163163	0.057093512456782826	0.027510094794365794
1.3263263263263263	0.051112179967572814	0.026154443683372122
1.3363363363363363	0.04646997559970725	0.02500939856066937
1.3463463463463463	0.04278638050722005	0.024028130185907964
1.3563563563563563	0.039808330561152384	0.023176518262629328
1.3663663663663663	0.037362232640147486	0.022429235127681753
1.3763763763763763	0.03532581538959619	0.021767169772620328
1.3863863863863863	0.03361097211653855	0.021175693022187407
1.3963963963963963	0.03215295194687662	0.020643464467182453
1.4064064064064064	0.03090335111377574	0.020161596531628505
1.4164164164164164	0.029825451789483932	0.01972305896797653
1.4264264264264264	0.028891052162816015	0.019322248348616282
1.4364364364364364	0.02807826776036567	0.018954672811510868
1.4464464464464464	0.027369979767599553	0.018616718666025867
1.4564564564564564	0.026752723357535486	0.018305476075531478
1.4664664664664664	0.026215881049226078	0.018018608058670973
1.4764764764764764	0.025751091430852933	0.017754251778425118
1.4864864864864864	0.02535181269321485	0.017510944329092875
1.4964964964964964	0.025012999507656657	0.017287567504690744
1.5065065065065064	0.024730864564172745	0.017083307641015823
1.5165165165165164	0.024502704796699477	0.016897627809518447
1.5265265265265264	0.024326778410326464	0.016730250538767266
1.5365365365365364	0.02420222318396738	0.016581149946096982
1.5465465465465464	0.024129009752315148	0.01645055276446589
1.5565565565565564	0.02410792608140161	0.016338948297879182
1.5665665665665667	0.024140591422011935	0.016247107886694617
1.5765765765765767	0.02422949988396417	0.016176115071220555
1.5865865865865867	0.024378095587265277	0.016127408354181805
1.5965965965965967	0.024590883301327436	0.016102839367436218
1.6066066066066067	0.024873580754737754	0.016104750440771344
1.6166166166166167	0.025233321607030023	0.016136077194026197
1.6266266266266267	0.025678921722925813	0.016200484046550067
1.6366366366366367	0.026221226256097848	0.016302543781706518
1.6466466466466467	0.026873561742908298	0.01644797701151082
1.6566566566566567	0.027652326729741772	0.01664397435445882
1.6666666666666667	0.02857776772282641	0.016899634619731364
1.6766766766766767	0.029675006342263426	0.017226568362493856
1.6866866866866868	0.030975411519825677	0.017639741299755356
1.6966966966966968	0.032518452082698414	0.018158672224112896
1.7067067067067068	0.034354227705728047	0.018809165718389233
1.7167167167167168	0.03654697231937119	0.019625870212060657
1.7267267267267268	0.03917997419044382	0.020656142426560043
1.7367367367367368	0.042362595893017004	0.021966039288135016
1.7467467467467468	0.04624046578023812	0.023649887933415055
1.7567567567567568	0.05101055759579277	0.025846099479037394
1.7667667667667668	0.05694397132751735	0.028764352284349527
1.7767767767767768	0.06442113830827571	0.03273453599052956
1.7867867867867868	0.07398758537327403	0.03829988203681962
1.7967967967967968	0.08644464149207917	0.04640645941514882
1.8068068068068068	0.10300117395884069	0.05882219822911428
1.8168168168168168	0.12553468883104665	0.0791673388860152
1.8268268268268268	0.15705219401501255	0.11583234551682037
1.8368368368368369	0.2025159265877879	0.1920464294655713
1.8468468468468469	0.2702986173686818	0.3928107790430628
1.8568568568568569	0.3744581257414577	1.2335181306423755
1.8668668668668669	0.5364530845055939	8.921494010514484
1.8768768768768769	0.7758918898355691	2.0190398851010136
1.8868868868868869	1.0546700033374325	0.5162676828915576
1.896896896896897	1.189822715525873	0.22978213651204363
1.906906906906907	1.042292186203447	0.13144154603080038
1.916916916916917	0.7724716009346376	0.08661939854261122
1.926926926926927	0.5459222134728742	0.06252675882436055
1.936936936936937	0.3915166645442378	0.04809892071325369
1.946946946946947	0.2904637765754543	0.038772524800350844
1.956956956956957	0.2233536543604232	0.03238982519276493
1.966966966966967	0.1774174505364996	0.027823811593820223
1.976976976976977	0.14494263399802218	0.02443946522635846
1.986986986986987	0.12128527973591592	0.021856938964106475
1.996996996996997	0.10358738487767785	0.019837756965228038
2.007007007007007	0.09003836682739393	0.01822609165260682
2.017017017017017	0.07945662209837806	0.01691664062054043
2.027027027027027	0.07104904562696665	0.015836176927097184
2.037037037037037	0.06426941429715399	0.014932505443358961
2.047047047047047	0.05873269060653085	0.014167613303129812
2.057057057057057	0.05416174267480876	0.013513288477407993
2.067067067067067	0.05035335564480868	0.012948240220706097
2.0770770770770772	0.04715602475920531	0.01245616072255584
2.0870870870870872	0.0444551233663154	0.01202439221452333
2.0970970970970972	0.042162795258519084	0.011642992742511038
2.1071071071071072	0.04021093912226676	0.011304070009891792
2.1171171171171173	0.03854625758085889	0.011001298929219859
2.1271271271271273	0.03712671058927219	0.01072956726229033
2.1371371371371373	0.03591894082692767	0.010484711989761164
2.1471471471471473	0.034896382992388154	0.010263320888412064
2.1571571571571573	0.034037861973001064	0.010062581610068583
2.1671671671671673	0.03332654598847035	0.009880165799666987
2.1771771771771773	0.03274916165119686	0.009714139370338649
2.1871871871871873	0.03229540565260455	0.009562892525220685
2.1971971971971973	0.031957506986700246	0.009425084853583584
2.2072072072072073	0.03172990717659755	0.009299602059307218
2.2172172172172173	0.03160903574658197	0.009185521769489079
2.2272272272272273	0.0315931654694613	0.00908208651322459
2.2372372372372373	0.03168233756199399	0.008988682439081049
2.2472472472472473	0.03187835164732486	0.00890482269439261
2.2572572572572573	0.03218481940383004	0.008830134660246281
2.2672672672672673	0.03260728480306356	0.00876435044359138
2.2772772772772774	0.03315341805683889	0.008707300193504203
2.2872872872872874	0.033833295281914165	0.008658907942960207
2.2972972972972974	0.03465978192610057	0.008619189792544647
2.3073073073073074	0.03564904585668334	0.008588254351013604
2.3173173173173174	0.036821236602225214	0.008566305447380386
2.3273273273273274	0.03820138190098426	0.008553647222889978
2.3373373373373374	0.03982057344072531	0.008550691815003647
2.3473473473473474	0.04171754351097532	0.008557969963316014
2.3573573573573574	0.043940777939090424	0.008576145005289979
2.3673673673673674	0.046551375578827145	0.008606030902161105
2.3773773773773774	0.0496269627019506	0.008648615150577122
2.3873873873873874	0.053267121416935216	0.00870508771952548
2.3973973973973974	0.05760102722364527	0.00877687751877686
2.4074074074074074	0.06279836726057711	0.008865698404705745
2.4174174174174174	0.0690852235446761	0.008973607397469949
2.4274274274274275	0.07676762430622654	0.009103078704244831
2.4374374374374375	0.08626719838642495	0.009257098422630594
2.4474474474474475	0.09817637881256139	0.009439286587477183
2.4574574574574575	0.1133459528952399	0.009654055780971504
2.4674674674674675	0.13302744841423025	0.009906819200211725
2.4774774774774775	0.1591105983438331	0.010204266458808352
2.4874874874874875	0.1945283782968998	0.010554733384216522
2.4974974974974975	0.24395723633095528	0.010968704130939713
2.5075075075075075	0.3150131206130621	0.011459502461423713
2.5175175175175175	0.4201188042342059	0.012044258089624877
2.5275275275275275	0.5783701740224056	0.012745280488469712
2.5375375375375375	0.8117349215484048	0.01359204880910701
2.5475475475475475	1.1123469169384965	0.014624154879753
2.5575575575575575	1.3539547960334222	0.015895758579744446
2.5675675675675675	1.320422548245341	0.017482512881149378
2.5775775775775776	1.0415120369455604	0.019492655033596824
2.5875875875875876	0.7407331691378548	0.022085392027304956
2.5975975975975976	0.518654090854966	0.025502618255461455
2.6076076076076076	0.37125712132937405	0.03012625815578341
2.6176176176176176	0.2744314850767851	0.03658788964843038
2.6276276276276276	0.20943230368889232	0.04599299903874791
2.6376376376376376	0.16446267481656882	0.06041991941715004
2.6476476476476476	0.13239177033842087	0.08415531118252907
2.6576576576576576	0.10887325783193413	0.12721837942468409
2.6676676676676676	0.09119384054694785	0.21759393697445248
2.6776776776776776	0.07761136637197968	0.4580038812115546
2.6876876876876876	0.06697543377083315	1.436792346350365
2.6976976976976976	0.05850611419038173	5.577789818866752
2.7077077077077076	0.0516617177584079	1.538787414980345
2.7177177177177176	0.046057685144715255	0.4773384070048377
2.7277277277277276	0.041415548100008144	0.22350346907790325
2.7377377377377377	0.03753002261177643	0.12947723347775417
2.7477477477477477	0.03424730785194372	0.08503981871252037
2.7577577577577577	0.03145047316138875	0.060660823148976854
2.7677677677677677	0.02904942714494344	0.04587818443200706
2.7777777777777777	0.026973909455188336	0.03624782301373042
2.7877877877877877	0.02516851428305692	0.029626344062902345
2.7977977977977977	0.023589103351969756	0.024878208006776908
2.8078078078078077	0.022200184576244956	0.021356716389902455
2.8178178178178177	0.020972971876107284	0.018671803431520917
2.8278278278278277	0.019883932128883543	0.01657694178072415
2.8378378378378377	0.018913684991508688	0.014910162944451919
2.8478478478478477	0.01804616139673647	0.013561516740509514
2.8578578578578577	0.017267953789804145	0.012454249489091365
2.8678678678678677	0.01656780997406142	0.011533470715211477
2.8778778778778777	0.015936235566067894	0.01075908841543598
2.8878878878878878	0.0153651793416645	0.010101270288769405
2.8978978978978978	0.01484778238949943	0.009537449426550205
2.9079079079079078	0.014378176779307927	0.009050301950787385
2.9179179179179178	0.013951322948825406	0.008626352174978659
2.9279279279279278	0.013562877584773984	0.00825499229811102
2.937937937937938	0.013209085687417924	0.007927781634181076
2.947947947947948	0.012886691938512782	0.007637937890663872
2.957957957957958	0.012592867575710459	0.007379962644671549
2.967967967967968	0.012325149796374857	0.007149362056750105
2.977977977977978	0.012081391347526418	0.0069424361390196376
2.987987987987988	0.011859718441687822	0.006756118021284144
2.997997997997998	0.011658495519395632	0.006587850124913363
3.008008008008008	0.011476295671168067	0.006435487889403846
3.018018018018018	0.011311875767493897	0.006297224285037298
3.028028028028028	0.011164155526550867	0.006171530160833582
3.038038038038038	0.011032199897811278	0.006057106768183318
3.048048048048048	0.010915204256339123	0.00595284772965072
3.058058058058058	0.010812481997913813	0.005857808394642103
3.068068068068068	0.010723454201956714	0.005771181020833087
3.078078078078078	0.010647641092984403	0.005692274585350746
3.088088088088088	0.010584655084208574	0.005620498305022985
3.098098098098098	0.010534195229919281	0.0055553481511893795
3.108108108108108	0.010496042951847943	0.0054963958033029
3.118118118118118	0.010470058936729544	0.005443279605366839
3.1281281281281283	0.01045618113085657	0.005395697184082471
3.1381381381381384	0.010454423784032166	0.005353399460625623
3.1481481481481484	0.010464877519400879	0.005316185845853215
3.1581581581581584	0.01048771042879703	0.005283900456703577
3.1681681681681684	0.01052317021731049	0.005256429227518043
3.1781781781781784	0.01057158744461471	0.0052336978238427204
3.1881881881881884	0.010633379937299115	0.005215670291592913
3.1981981981981984	0.01070905847378943	0.005202348399132941
3.2082082082082084	0.010799233876201818	0.005193771651270194
3.2182182182182184	0.010904625681096073	0.005190017974398119
3.2282282282282284	0.011026072603435305	0.005191205093655135
3.2382382382382384	0.0111645450611938	0.0051974926432837585
3.2482482482482484	0.011321160088810074	0.0052090850754956475
3.2582582582582584	0.01149719904509627	0.005226235460482831
3.2682682682682684	0.01169412861388367	0.005249250299934923
3.2782782782782784	0.011913625709574141	0.005278495514947682
3.2882882882882885	0.012157607046057062	0.0053144038145633374
3.2982982982982985	0.012428264304084342	0.00535748370833219
3.3083083083083085	0.012728106060703492	0.005408330497382805
3.3183183183183185	0.013060007932825302	0.005467639671582581
3.3283283283283285	0.013427272752497815	0.005536223255962546
3.3383383383383385	0.013833703066982245	0.005615029804680405
3.3483483483483485	0.014283688866444549	0.005705168940850294
3.3583583583583585	0.014782314241316236	0.005807941605504624
3.3683683683683685	0.015335487717542475	0.005924877534319446
3.3783783783783785	0.015950102403363798	0.00605778195735943
3.3883883883883885	0.016634233927390378	0.006208794165854044
3.3983983983983985	0.017397386630308945	0.006380461480433245
3.4084084084084085	0.018250801839862094	0.00657583339281331
3.4184184184184185	0.019207846669138988	0.006798582386617746
3.4284284284284285	0.020284508152837097	0.007053160409709243
3.4384384384384385	0.02150002644630283	0.007345003518745431
3.4484484484484486	0.02287771340357056	0.0076808023938284955
3.4584584584584586	0.02444602086153486	0.008068864095199932
3.4684684684684686	0.026239949049751264	0.008519601984875447
3.4784784784784786	0.02830292387156332	0.00904620844625926
3.4884884884884886	0.03068932892149711	0.00966559270494401
3.4984984984984986	0.033467964595442844	0.01039971022542536
3.5085085085085086	0.03672683984502508	0.011277482320192277
3.5185185185185186	0.04057991102159231	0.012337625598581455
3.5285285285285286	0.04517671636861762	0.013632919635875294
3.5385385385385386	0.050716400516301365	0.015236813220619622
3.5485485485485486	0.057468535415652076	0.0172539568717264
3.5585585585585586	0.06580470582050336	0.01983757293782895
3.5685685685685686	0.07624757124971379	0.02321924746980485
3.5785785785785786	0.08954906883172617	0.027762431561618495
3.5885885885885886	0.1068186071118961	0.03406392671247574
3.5985985985985987	0.12973957820869908	0.04315958880236684
3.6086086086086087	0.1609464143843939	0.056976963778150126
3.6186186186186187	0.20470027025011803	0.07944109034708688
3.6286286286286287	0.26812322912635245	0.11957643700762034
3.6386386386386387	0.3634280446465997	0.20205279558704975
3.6486486486486487	0.5115152408170481	0.4150138549289944
3.6586586586586587	0.7447898563174811	1.2603783331308211
3.6686686686686687	1.0912993500820047	7.378521054373104
3.6786786786786787	1.477998044103073	2.198505599275883
3.6886886886886887	1.6054508876582463	0.5701023150233987
3.6986986986986987	1.3270255937505102	0.2487688272783778
3.7087087087087087	0.9381262129229995	0.13843860889195161
3.7187187187187187	0.6425359133070822	0.08831980811150437
3.7287287287287287	0.45044524608795056	0.06149093687409449
3.7387387387387387	0.3277120655636801	0.04549726259098865
3.7487487487487487	0.24726559120470523	0.03520996330361432
3.7587587587587588	0.1926336575216009	0.02820814035621081
3.7687687687687688	0.15421300022841763	0.02322950280872851
3.7787787787787788	0.1263290515452976	0.01956396053919386
3.7887887887887888	0.10552774660360961	0.01678740618633336
3.798798798798799	0.08963595547505464	0.014633954672038879
3.808808808808809	0.0772419699325509	0.012930099562010302
3.818818818818819	0.0674012518439209	0.011558737943613017
3.828828828828829	0.059464755956335866	0.010438531718586002
3.838838838838839	0.05297569075739691	0.009511566854784312
3.848848848848849	0.047605612047719764	0.008735707048648286
3.858858858858859	0.04311378406155855	0.008079707260846291
3.868868868868869	0.03932068894281846	0.00752000509629485
3.878878878878879	0.03609036352560805	0.007038562739101616
3.888888888888889	0.033318376065687584	0.006621384098852204
3.898898898898899	0.03092348619068412	0.0062574761814364645
3.908908908908909	0.028841759091514842	0.0059381089130965785
3.918918918918919	0.027022345585610254	0.00565627932082332
3.928928928928929	0.02542441234908567	0.005406318069183691
3.938938938938939	0.024014878832654376	0.005183596735104272
3.948948948948949	0.02276672822431391	0.004984307403210655
3.958958958958959	0.02165773244178173	0.0048052948727308085
3.968968968968969	0.020669479493224625	0.0046439276089876285
3.978978978978979	0.019786624241844318	0.004497997552300902
3.988988988988989	0.018996306033413464	0.004365641647677956
3.998998998998999	0.018287692229480013	0.004245279884344786
4.009009009009009	0.0176516176558536	0.004135566000501143
4.019019019019019	0.017080297783296224	0.00403534798760986
4.029029029029029	0.016567099076640904	0.003943636238286124
4.039039039039039	0.016106354036716893	0.003859577702997081
4.049049049049049	0.01569321146055087	0.0037824348038661016
4.059059059059059	0.015323514672707563	0.003711568141648436
4.069069069069069	0.014993702143917507	0.003646422247305797
4.079079079079079	0.014700726171735302	0.0035865137934472787
4.089089089089089	0.01444198625434194	0.0035314218057909143
4.099099099099099	0.014215274523335255	0.0034807795114004925
4.109109109109109	0.0140187311726303	0.003434267535328065
4.119119119119119	0.013850808266230604	0.003391608215083622
4.129129129129129	0.01371024066195863	0.0033525608491339056
4.1391391391391394	0.01359602307407109	0.003316917731684464
4.1491491491491495	0.013507392528823187	0.0032845008554966246
4.1591591591591595	0.013443815664587733	0.0032551591875478315
4.1691691691691695	0.01340498049367227	0.003228766442635606
4.1791791791791795	0.013390792395263421	0.0032052192949042256
4.1891891891891895	0.013401374246568674	0.003184435981385292
4.1991991991991995	0.013437070737043706	0.0031663552635192082
4.2092092092092095	0.01349845704923516	0.0031509357218850744
4.2192192192192195	0.013586352241148734	0.0031381553695201216
4.2292292292292295	0.013701837834379152	0.0031280115782115715
4.2392392392392395	0.013846282309350191	0.003120521319869274
4.2492492492492495	0.014021372447970911	0.0031157217353674146
4.2592592592592595	0.01422915275642007	0.00311367105187313
4.2692692692692695	0.01447207456775494	0.003114449881069646
4.2792792792792795	0.014753056894940301	0.0031181629429685685
4.2892892892892895	0.015075561705703565	0.003124941274600719
4.2992992992992995	0.015443687083476338	0.003134945000660287
4.3093093093093096	0.015862282774590362	0.0031483667654600587
4.31931931931932	0.016337094005565364	0.0031654359525071806
4.32932932932933	0.016874941311198176	0.003186423853169352
4.33933933933934	0.017483946628253748	0.0032116499902192686
4.34934934934935	0.018173819351369858	0.003241489859389156
4.35935935935936	0.018956220805603583	0.003276384427360144
4.36936936936937	0.019845232226037846	0.0033168518228228468
4.37937937937938	0.02085796070586987	0.003363501788669809
4.38938938938939	0.022015330940986844	0.0034170536383733704
4.3993993993994	0.02334312990378419	0.0034783586973155724
4.40940940940941	0.024873399791299197	0.003548428533977173
4.41941941941942	0.026646316370644144	0.003628470732656043
4.42942942942943	0.02871275252261811	0.003719934584422568
4.43943943943944	0.031137822108228377	0.0038245699550367163
4.44944944944945	0.03400584625117612	0.003944503846878843
4.45945945945946	0.037427413742428695	0.004082341002119792
4.46946946946947	0.0415495703646612	0.004241297579109108
4.47947947947948	0.04657075160851212	0.0044253809494673516
4.48948948948949	0.05276300262648213	0.004639634765069337
4.4994994994995	0.06050550985164707	0.004890477894054385
4.50950950950951	0.07033575910728292	0.005186180756694167
4.51951951951952	0.08302788398347292	0.005537546732028029
4.52952952952953	0.09971121560042352	0.005958906297951222
4.53953953953954	0.12204089471119778	0.006469599682759473
4.54954954954955	0.15240666385940474	0.007096243431446365
4.55955955955956	0.19404437883316533	0.007876293783481024
4.56956956956957	0.25048361825767734	0.008863830995197977
4.57957957957958	0.32262124824138405	0.010139301989400414
4.58958958958959	0.4005299242687861	0.011826652616998471
4.5995995995996	0.4537165965159331	0.014125029952099794
4.60960960960961	0.4462023994876912	0.017371154202859476
4.61961961961962	0.3807451288479295	0.022171615969140333
4.62962962962963	0.29612759584041587	0.029711346963409137
4.63963963963964	0.221823996000295	0.042567060806758754
4.64964964964965	0.16573823604596816	0.06724307469045064
4.65965965965966	0.12554429192925384	0.12424658621342821
4.66966966966967	0.09696569793259649	0.3069807877123839
4.67967967967968	0.07642938088996537	1.4268850477888164
4.68968968968969	0.06141109460694944	1.8573606674120182
4.6996996996997	0.050213438664801345	0.3473714521010407
4.70970970970971	0.04170438204285861	0.12866150399744006
4.71971971971972	0.03512262357181646	0.06575466495355681
4.72972972972973	0.029948380527427248	0.0398190042980122
4.73973973973974	0.025820485358661594	0.02676693542016117
4.74974974974975	0.022483435823159093	0.019317717524488777
4.75975975975976	0.019753303494861756	0.014681575100768235
4.76976976976977	0.017495484002607052	0.011607700904918068
4.77977977977978	0.015609943684091212	0.009468807241629006
4.78978978978979	0.014021274125682551	0.007922706095873264
4.7997997997998	0.01267187733270244	0.006770090127232527
4.80980980980981	0.011517221915695198	0.00588860929807083
4.81981981981982	0.010522491075075613	0.005199847690522411
4.82982982982983	0.009660180350378432	0.004651704777827227
4.83983983983984	0.008908353041703263	0.00420849084428485
4.84984984984985	0.00824935741807313	0.0038451079738614662
4.85985985985986	0.007668872453419484	0.003543499931118018
4.86986986986987	0.0071551901937870754	0.0032904144035849807
4.87987987987988	0.006698670559912757	0.0030759516387982235
4.88988988988989	0.0062913231852633755	0.002892599132137878
4.8998998998999	0.005926483811933822	0.002734575072463312
4.90990990990991	0.0055985617529225274	0.002597372764666413
4.91991991991992	0.00530284125540903	0.002477438765414972
4.92992992992993	0.0050353240964837315	0.0023719417520468556
4.93993993993994	0.004792603979002881	0.00227860406993616
4.94994994994995	0.004571765639260638	0.0021955772885549458
4.95995995995996	0.004370303298211691	0.002121349122565931
4.96996996996997	0.004186054358617912	0.0020546730116724945
4.97997997997998	0.0040171451953813254	0.0019945142803552895
4.98998998998999	0.003861946599367469	0.0019400085689246678
5.0	0.0037190369693910377	0.001890429447201592
