-5.0	0.02713553220529082	0.013337012169255945
-4.98998998998999	0.023417744800265972	0.013838383672002083
-4.97997997997998	0.020477239836230177	0.014372934543130777
-4.96996996996997	0.018114041415995822	0.014943252082199284
-4.95995995995996	0.016187820050726345	0.015552156169235259
-4.94994994994995	0.014598058012815605	0.016202720454076856
-4.93993993993994	0.01327138450745074	0.016898295077815508
-4.92992992992993	0.012153314627660937	0.017642530864373784
-4.91991991991992	0.011202748806677175	0.0184394048427804
-4.90990990990991	0.010388238433862555	0.019293246855808625
-4.8998998998999	0.009685404057468122	0.020208766867135144
-4.88988988988989	0.00907512004089834	0.021191082388615334
-4.87987987987988	0.008542217996037453	0.022245745195873606
-4.86986986986987	0.008074547214237894	0.023378766169438195
-4.85985985985986	0.0076622845883833205	0.024596636669301553
-4.84984984984985	0.007297421422697401	0.02590634429973306
-4.83983983983984	0.006973377349068486	0.02731538022266965
-4.82982982982983	0.006684706728745037	0.02883173430189504
-4.81981981981982	0.006426873139608012	0.030463873279476226
-4.80980980980981	0.006196074537317334	0.032220695875270815
-4.7997997997998	0.005989106519153316	0.03411145714632587
-4.78978978978979	0.005803254515025315	0.036145652655244075
-4.77977977977978	0.005636208138456145	0.03833285102371305
-4.76976976976977	0.005485992658660311	0.040682461400735344
-4.75975975975976	0.005350913807529451	0.04320342046510665
-4.74974974974975	0.005229513051664121	0.04590378215814897
-4.73973973973974	0.005120531137171975	0.04879019294352662
-4.72972972972973	0.005022878219253835	0.05186723680000895
-4.71971971971972	0.004935609267896696	0.05513663841963429
-4.70970970970971	0.00485790372827205	0.05859632152667043
-4.6996996996997	0.00478904863330481	0.06223933332627256
-4.68968968968969	0.004728424534520822	0.0660526672128422
-4.67967967967968	0.004675493747481537	0.07001604482761865
-4.66966966966967	0.004629790509730096	0.07410075484799644
-4.65965965965966	0.0045909127289048375	0.07826868674317482
-4.64964964964965	0.0045585150613748435	0.08247173708442841
-4.63963963963964	0.004532303112162218	0.08665179391305296
-4.62962962962963	0.004512028586091981	0.09074150777592899
-4.61961961961962	0.0044974852534321015	0.09466602182748694
-4.60960960960961	0.004488505618435766	0.09834574677986793
-4.5995995995996	0.004484958201308897	0.10170012811375923
-4.58958958958959	0.004486745361459274	0.10465217727617952
-4.57957957957958	0.004493801604994261	0.10713335823674716
-4.56956956956957	0.004506092331807821	0.10908828189487488
-4.55955955955956	0.004523612988571645	0.11047861020577934
-4.54954954954955	0.004546388603518131	0.11128563917230687
-4.53953953953954	0.004574473687422882	0.11151121257133557
-4.52952952952953	0.004607952493212206	0.1111768780110335
-4.51951951951952	0.0046469396342961235	0.11032147031821214
-4.50950950950951	0.00469158106913159	0.10899752808602077
-4.4994994994995	0.004742055467125532	0.10726707104020614
-4.48948948948949	0.004798575978894306	0.10519727519819547
-4.47947947947948	0.004861392442948427	0.10285649801298846
-4.46946946946947	0.0049307940694279405	0.10031096491795398
-4.45945945945946	0.005007112653406025	0.09762227378445767
-4.44944944944945	0.005090726381478139	0.0948457377964873
-4.43943943943944	0.005182064310464451	0.09202948854415915
-4.42942942942943	0.005281611613480804	0.08921420410576135
-4.41941941941942	0.005389915709053969	0.08643330611481499
-4.40940940940941	0.00550759341257217	0.08371347520257937
-4.3993993993994	0.005635339279181808	0.08107535508563438
-4.38938938938939	0.0057739353419853975	0.07853434304994895
-4.37937937937938	0.005924262493477518	0.07610139248346788
-4.36936936936937	0.006087313810736249	0.0737837778339589
-4.35935935935936	0.006264210191925646	0.07158579233763009
-4.34934934934935	0.006456218752892569	0.06950936383407046
-4.33933933933934	0.006664774536066274	0.06755458445452772
-4.32932932932933	0.006891506212831577	0.06572015676998054
-4.31931931931932	0.007138266624018808	0.06400376299352667
-4.3093093093093096	0.007407169210851382	0.062402365842234304
-4.2992992992992995	0.007700631655074023	0.06091245033103292
-4.2892892892892895	0.008021428388625238	0.05953021558827231
-4.2792792792792795	0.008372754077748462	0.058251725111933134
-4.2692692692692695	0.008758300765129727	0.05707302297234141
-4.2592592592592595	0.009182352114637528	0.05599022247242958
-4.2492492492492495	0.009649899212156754	0.05499957279982513
-4.2392392392392395	0.010166783721581068	0.054097508300909945
-4.2292292292292295	0.010739876008173594	0.05328068420312495
-4.2192192192192195	0.011377298305831642	0.05254600191657121
-4.2092092092092095	0.012088706384179118	0.051890626457198406
-4.1991991991991995	0.01288564785771442	0.05131199804326517
-4.1891891891891895	0.013782021844762788	0.05080783951484474
-4.1791791791791795	0.014794673991940333	0.050376160897777134
-4.1691691691691695	0.015944174241607174	0.050015262172707194
-4.1591591591591595	0.017255844155324683	0.04972373510007794
-4.1491491491491495	0.01876112929055811	0.04950046479000923
-4.1391391391391394	0.020499455116701145	0.04934463157914075
-4.129129129129129	0.02252077047309864	0.0492557136822513
-4.119119119119119	0.024889084248103224	0.04923349101622352
-4.109109109109109	0.02768746189019458	0.04927805054554292
-4.099099099099099	0.031025208616637732	0.04938979346769895
-4.089089089089089	0.03504839706543771	0.049569444540774325
-4.079079079079079	0.03995562913549299	0.04981806385278605
-4.069069069069069	0.04602220107960958	0.050137061340704885
-4.059059059059059	0.05363814780787433	0.050528214386268366
-4.049049049049049	0.06336994836167174	0.050993688844878204
-4.039039039039039	0.07606402429529062	0.051536063901967424
-4.029029029029029	0.09302704630263263	0.05215836119981674
-4.019019019019019	0.11635379004102472	0.052864078735595364
-4.009009009009009	0.14955256359128913	0.05365723009950505
-3.998998998998999	0.19880234391589852	0.054542389700278256
-3.988988988988989	0.2756161671382755	0.05552474471575613
-3.978978978978979	0.4027025397584511	0.056610154606643724
-3.968968968968969	0.6264164789769022	0.05780521914455693
-3.958958958958959	1.0330421757004769	0.05911735602899679
-3.948948948948949	1.6738636685259591	0.06055488930073018
-3.938938938938939	2.0708451503260825	0.062127149898944314
-3.928928928928929	1.6083993358084967	0.06384458985077561
-3.918918918918919	0.989845654115361	0.06571891171578911
-3.908908908908909	0.6083421859311199	0.06776321502228977
-3.898898898898899	0.39732841143774245	0.0699921615044338
-3.888888888888889	0.27603222966229884	0.07242216094922159
-3.878878878878879	0.20184357439806594	0.07507157934234558
-3.868868868868869	0.15376693339377032	0.07796097069334336
-3.858858858858859	0.121052222040002	0.0811133333217754
-3.848848848848849	0.09787267544767485	0.08455439035239279
-3.838838838838839	0.08089002567875578	0.08831289248930038
-3.828828828828829	0.06809492148756945	0.09242093851904673
-3.818818818818819	0.05822493882695431	0.09691430501445833
-3.808808808808809	0.05045701892848122	0.10183277078857757
-3.798798798798799	0.044237083529034	0.10722041298461787
-3.7887887887887888	0.039181587003910584	0.11312583920175262
-3.7787787787787788	0.03501847250125241	0.11960230232615948
-3.7687687687687688	0.031550571713239786	0.12670761996299956
-3.7587587587587588	0.028632242025713496	0.13450378638559823
-3.7487487487487487	0.026154058550085964	0.14305611938822252
-3.7387387387387387	0.0240325464891522	0.15243172529376398
-3.7287287287287287	0.02220314780382816	0.16269699188748346
-3.7187187187187187	0.02061531093519124	0.1739137338017363
-3.7087087087087087	0.019229003113020827	0.18613352724244278
-3.6986986986986987	0.018012193904131366	0.19938970271582732
-3.6886886886886887	0.01693901328767845	0.21368645774844855
-3.6786786786786787	0.015988385586714463	0.22898467837303682
-3.6686686686686687	0.015143003971258803	0.24518442652230085
-3.6586586586586587	0.014388551969639984	0.26210479849108614
-3.6486486486486487	0.013713106344192922	0.2794631172965528
-3.6386386386386387	0.013106674659847557	0.2968572164704382
-3.6286286286286287	0.01256083395119786	0.3137566635256662
-3.6186186186186187	0.012068446026899007	0.3295104490057534
-3.6086086086086087	0.01162343140835309	0.3433786699500163
-3.5985985985985987	0.011220588519475435	0.354592554188066
-3.5885885885885886	0.010855448084714192	0.3624399715772763
-3.5785785785785786	0.010524155132150844	0.3663635415500996
-3.5685685685685686	0.010223372797948965	0.3660494903321996
-3.5585585585585586	0.009950203466932303	0.3614829083223229
-3.5485485485485486	0.009702123789430047	0.3529523851754466
-3.5385385385385386	0.009476930873538065	0.34100224611908664
-3.5285285285285286	0.009272697531897783	0.3263468067767731
-3.5185185185185186	0.0090877349071463	0.309770560013823
-3.5085085085085086	0.008920561143204657	0.2920376823889108
-3.4984984984984986	0.008769875037858667	0.27382607957596367
-3.4884884884884886	0.008634533821737936	0.25569073604035036
-3.4784784784784786	0.008513534373687636	0.23805294787991613
-3.4684684684684686	0.008405997313385597	0.22120793213737464
-3.4584584584584586	0.00831115351705384	0.20534279923429144
-3.4484484484484486	0.008228332685700012	0.1905584257198528
-3.4384384384384385	0.00815695366253811	0.17689095648899877
-3.4284284284284285	0.008096516252006546	0.16433063870563627
-3.4184184184184185	0.008046594337268646	0.15283711160395128
-3.4084084084084085	0.008006830130051056	0.14235114016889772
-3.3983983983983985	0.007976929418333426	0.13280321578876145
-3.3883883883883885	0.00795665770191137	0.12411960398125939
-3.3783783783783785	0.007945837129449162	0.11622642041442624
-3.3683683683683685	0.007944344168257764	0.10905224443574406
-3.3583583583583585	0.00795210795582766	0.10252968331637036
-3.3483483483483485	0.00796910929604277	0.09659620603565174
-3.3383383383383385	0.007995380277556897	0.09119448383601719
-3.3283283283283285	0.008031004504614183	0.08627240914580563
-3.3183183183183185	0.008076117942366385	0.08178291406750772
-3.3083083083083085	0.008130910392722606	0.07768367217008669
-3.2982982982982985	0.00819562762868832	0.07393674015796278
-3.2882882882882885	0.008270574229581664	0.07050817667267456
-3.2782782782782784	0.008356117174636721	0.06736766198419522
-3.2682682682682684	0.008452690269411525	0.06448813304485419
-3.2582582582582584	0.008560799499325413	0.061845442103873285
-3.2482482482482484	0.008681029426089027	0.05941804291659846
-3.2382382382382384	0.008814050770701838	0.05718670588987745
-3.2282282282282284	0.008960629356994602	0.05513426181586286
-3.2182182182182184	0.00912163662792293	0.053245372841583184
-3.2082082082082084	0.009298061992630514	0.05150632877058136
-3.1981981981981984	0.009491027317698283	0.04990486653892388
-3.1881881881881884	0.009701803944176919	0.04843001064592084
-3.1781781781781784	0.009931832696497592	0.04707193237363182
-3.1681681681681684	0.010182747453425078	0.045821825751174404
-3.1581581581581584	0.010456402981786222	0.04467179838011579
-3.1481481481481484	0.010754907896773407	0.04361477540895318
-3.1381381381381384	0.011080663819680649	0.04264441512158066
-3.1281281281281283	0.01143641206485579	0.04175503477355041
-3.118118118118118	0.011825289523129912	0.04094154546851908
-3.108108108108108	0.012250895837591768	0.04019939501389539
-3.098098098098098	0.012717374524992817	0.039524517826493154
-3.088088088088088	0.013229511418224338	0.038913291078176475
-3.078078078078078	0.013792854756563772	0.03836249637788675
-3.068068068068068	0.014413862504817177	0.03786928638060835
-3.058058058058058	0.015100084153316965	0.037431155798020366
-3.048048048048048	0.015860386499235043	0.037045916359768144
-3.038038038038038	0.01670523595126432	0.03671167534091905
-3.028028028028028	0.01764705406755255	0.03642681732998668
-3.018018018018018	0.01870066879163448	0.03618998896493701
-3.008008008008008	0.019883891895645107	0.03600008641346976
-2.997997997997998	0.021218264501059552	0.03585624541597129
-2.987987987987988	0.022730028800306185	0.0357578337521675
-2.977977977977978	0.024451407654650294	0.035704446028966316
-2.967967967967968	0.026422308351934733	0.03569590072422278
-2.957957957957958	0.028692618445399883	0.03573223945607204
-2.947947947947948	0.03132533989808624	0.03581372848318958
-2.937937937937938	0.03440092861842417	0.03594086247642471
-2.9279279279279278	0.038023396621044744	0.03611437063989388
-2.9179179179179178	0.04232903950508781	0.0363352252987267
-2.9079079079079078	0.047499153911183346	0.036604653113262185
-2.8978978978978978	0.05377895527249972	0.03692414912584814
-2.8878878878878878	0.06150637017678743	0.03729549389885092
-2.8778778778778777	0.07115698907576166	0.03772077406113687
-2.8678678678678677	0.08341627877218995	0.03820240664742953
-2.8578578578578577	0.09929935245924829	0.038743167692585984
-2.8478478478478477	0.12035687376068464	0.039346225632595426
-2.8378378378378377	0.14904354527780558	0.04001518016927629
-2.8278278278278277	0.1894075342416834	0.04075410737902387
-2.8178178178178177	0.24844324936075654	0.04156761199161745
-2.8078078078078077	0.33887146562330134	0.04246088793686298
-2.7977977977977977	0.48502543448348273	0.0434397884620935
-2.7877877877877877	0.7347790724935309	0.0445109073658209
-2.7777777777777777	1.174733484166086	0.045681673183146955
-2.7677677677677677	1.8712822983875075	0.046960458504161084
-2.7577577577577577	2.4323267009615748	0.04835670701948506
-2.7477477477477477	2.07795651777867	0.04988108138032105
-2.7377377377377377	1.3449826420531665	0.051545635548112784
-2.7277277277277276	0.8363454240245464	0.053364016011007154
-2.7177177177177176	0.5450999419658218	0.05535169707509408
-2.7077077077077076	0.3765309082330852	0.05752625642386664
-2.6976976976976976	0.27364310139018466	0.05990769829344526
-2.6876876876876876	0.20729074323121127	0.06251883295247841
-2.6776776776776776	0.1623877092227972	0.06538572271126712
-2.6676676676676676	0.1307446107244604	0.06853820639755201
-2.6576576576576576	0.10767954427392319	0.07201051608491658
-2.6476476476476476	0.090384371555225	0.07584200172564069
-2.6376376376376376	0.07710189039186024	0.08007798101404909
-2.6276276276276276	0.06669113176324774	0.08477073288446557
-2.6176176176176176	0.05838704019166672	0.08998065284686967
-2.6076076076076076	0.05166201798068025	0.09577758571107045
-2.5975975975975976	0.04614315382187559	0.10224234420842777
-2.5875875875875876	0.04156108396714266	0.10946840743525713
-2.5775775775775776	0.03771745577631177	0.11756376584359948
-2.5675675675675675	0.034463676519775076	0.12665283168897887
-2.5575575575575575	0.03168670268520045	0.13687825301784426
-2.5475475475475475	0.029299333808809377	0.14840233671534617
-2.5375375375375375	0.02723345478898305	0.16140757459564442
-2.5275275275275275	0.02543524851456847	0.17609543861577698
-2.5175175175175175	0.023861750195917485	0.19268212078138675
-2.5075075075075075	0.02247833120693684	0.211389194849616
-2.4974974974974975	0.021256837123402032	0.23242625573983142
-2.4874874874874875	0.020174192921901236	0.2559615348469702
-2.4774774774774775	0.019211346276105944	0.28207562383088786
-2.4674674674674675	0.0183524585936359	0.31069357384772633
-2.4574574574574575	0.017584279685146115	0.34149334881107407
-2.4474474474474475	0.016895660008403503	0.37379633151466674
-2.4374374374374375	0.016277167017574052	0.40646077492360383
-2.4274274274274275	0.01572078102655326	0.4378213866865695
-2.4174174174174174	0.0152196523392689	0.4657390857174228
-2.4074074074074074	0.014767905974956256	0.4878234477938595
-2.3973973973973974	0.01436048365645008	0.501840621541557
-2.3873873873873874	0.013993015185550534	0.5062192079660376
-2.3773773773773774	0.013661713155767957	0.5004684714181615
-2.3673673673673674	0.013363286320932297	0.4853166927105206
-2.3573573573573574	0.013094867971794804	0.46250064070255026
-2.3473473473473474	0.012853956458463218	0.4343117725975219
-2.3373373373373374	0.012638365601306378	0.40310090403382204
-2.3273273273273274	0.012446183197328613	0.3709090265841473
-2.3173173173173174	0.01227573619191473	0.3392864336412044
-2.3073073073073074	0.012125561368867424	0.30927171183125135
-2.2972972972972974	0.011994380635462687	0.28146515914880577
-2.2872872872872874	0.011881080153840574	0.25613687292236675
-2.2772772772772774	0.011784692714538633	0.23333195157753342
-2.2672672672672673	0.011704382856890922	0.2129560400448249
-2.2572572572572573	0.011639434335541252	0.1948376958899929
-2.2472472472472473	0.011589239604457421	0.17877038409804424
-2.2372372372372373	0.011553291051788688	0.16453888397923194
-2.2272272272272273	0.01153117376788181	0.15193473665642962
-2.2172172172172173	0.011522559672050812	0.14076444035740182
-2.2072072072072073	0.011527202857740153	0.1308530829180368
-2.1971971971971973	0.011544936046613715	0.12204524414114344
-2.1871871871871873	0.011575668068451485	0.11420436164732195
-2.1771771771771773	0.011619382306646503	0.10721130913069866
-2.1671671671671673	0.011676136070595346	0.10096264017302213
-2.1571571571571573	0.011746060876533763	0.09536876054147969
-2.1471471471471473	0.011829363636253918	0.09035217289711547
-2.1371371371371373	0.011926328774082492	0.08584586536087407
-2.1271271271271273	0.01203732130928806	0.08179187255531435
-2.1171171171171173	0.012162790964630374	0.07814001341171946
-2.1071071071071072	0.012303277381254165	0.07484679702730661
-2.0970970970970972	0.012459416547116336	0.07187448162867446
-2.0870870870870872	0.012631948572713873	0.06919026940706335
-2.0770770770770772	0.012821726981480892	0.0667656199035833
-2.067067067067067	0.013029729719179492	0.06457566568309643
-2.057057057057057	0.013257072133039564	0.06259871562504589
-2.047047047047047	0.013505022223604573	0.06081583291947032
-2.037037037037037	0.013775018538222687	0.059210476593700385
-2.027027027027027	0.014068691154303894	0.05776819700620896
-2.017017017017017	0.014387886295381826	0.056476377188452234
-2.007007007007007	0.014734695242847816	0.055324013183350514
-1.996996996996997	0.015111488351960639	0.05430152762072187
-1.986986986986987	0.015520955163503039	0.05340061170935367
-1.976976976976977	0.015966151828628473	0.05261409162118754
-1.966966966966967	0.016450557352400693	0.051935815923225534
-1.956956956956957	0.016978140521040394	0.05136056128686919
-1.946946946946947	0.017553439838846017	0.05088395419750294
-1.936936936936937	0.01818165938623679	0.05050240680680524
-1.926926926926927	0.018868784267570306	0.050213065433240375
-1.916916916916917	0.01962172029328896	0.05001377053538502
-1.906906906906907	0.020448463816442178	0.04990302726296648
-1.896896896896897	0.021358309314777172	0.04987998594637841
-1.8868868868868869	0.02236210452024354	0.0499444321221831
-1.8768768768768769	0.023472565842021297	0.05009678591739548
-1.8668668668668669	0.02470467078504519	0.05033811083824512
-1.8568568568568569	0.026076149423348974	0.050670132234974664
-1.8468468468468469	0.02760810431162473	0.05109526595158059
-1.8368368368368369	0.029325798331201504	0.0516166579292364
-1.8268268268268268	0.031259664065311915	0.052238235816465924
-1.8168168168168168	0.033446608171345794	0.05296477396976308
-1.8068068068068068	0.035931712564838826	0.05380197360726982
-1.7967967967967968	0.03877047513624854	0.05475656032849494
-1.7867867867867868	0.042031792558017235	0.0558364017501059
-1.7767767767767768	0.045801976461233865	0.057050648657935604
-1.7667667667667668	0.050190227790102356	0.05840990386163946
-1.7567567567567568	0.055336198286329207	0.059926423908600764
-1.7467467467467468	0.06142058544526833	0.0616143599988246
-1.7367367367367368	0.0686802095744128	0.06349004591343739
-1.7267267267267268	0.07742983158626304	0.06557234258909411
-1.7167167167167168	0.08809430226489719	0.0678830512293321
-1.7067067067067068	0.10125686934106999	0.07044740965805302
-1.6966966966966968	0.11773329724542633	0.07329469011396818
-1.6866866866866868	0.1386881370827432	0.07645892103261158
-1.6766766766766767	0.165821330534855	0.07997976074309492
-1.6666666666666667	0.20167447186406615	0.08390355763842533
-1.6566566566566567	0.25014324665375476	0.08828463946856212
-1.6466466466466467	0.3173435974775646	0.09318688412984659
-1.6366366366366367	0.4130553240715821	0.09868563572719816
-1.6266266266266267	0.552934822220404	0.10487004250673951
-1.6166166166166167	0.7608556857451395	0.11184590661863764
-1.6066066066066067	1.066149532160847	0.11973914745965818
-1.5965965965965967	1.474449764868205	0.12869998613269892
-1.5865865865865867	1.876274247004147	0.1389079496459216
-1.5765765765765767	2.003166026064252	0.15057775339364646
-1.5665665665665667	1.7449134837389695	0.16396601901527724
-1.5565565565565564	1.3333530790258168	0.17937856773871133
-1.5465465465465464	0.9760667787108765	0.19717760205118245
-1.5365365365365364	0.7190897355677183	0.21778729053344303
-1.5265265265265264	0.5429641898362926	0.24169484257519183
-1.5165165165165164	0.42181996000823385	0.26944171435929415
-1.5065065065065064	0.336708120751771	0.30159563256012195
-1.4964964964964964	0.27535581233684414	0.33868826818461306
-1.4864864864864864	0.22999906248382224	0.3810960626468277
-1.4764764764764764	0.19568216276177744	0.4288359237700419
-1.4664664664664664	0.16917704061565667	0.48125232707504667
-1.4564564564564564	0.14833062460891727	0.5366068356810665
-1.4464464464464464	0.13167227832038178	0.5916712548387388
-1.4364364364364364	0.11817453446524465	0.6415756808421152
-1.4264264264264264	0.10710436143386624	0.6802854551926599
-1.4164164164164164	0.09792867186432798	0.7019533855333266
-1.4064064064064064	0.09025296573923622	0.7028369861040074
-1.3963963963963963	0.08378064260306631	0.6827888003358573
-1.3863863863863863	0.07828548009438827	0.6453201265113828
-1.3763763763763763	0.07359267091014222	0.5961916719726604
-1.3663663663663663	0.06956553072874401	0.5414866291336491
-1.3563563563563563	0.06609603213024902	0.4861936281302981
-1.3463463463463463	0.06309796361886491	0.43366685740184663
-1.3363363363363363	0.06050191829464125	0.38574418763505924
-1.3263263263263263	0.058251576556036404	0.34314627774249523
-1.3163163163163163	0.05630091658603757	0.30589261034420284
-1.3063063063063063	0.054612098566617945	0.2736234001148531
-1.2962962962962963	0.053153843996479995	0.2458117628842865
-1.2862862862862863	0.051900182938130014	0.2218884115515873
-1.2762762762762763	0.05082947757972017	0.2013074095700815
-1.2662662662662663	0.04992365538162693	0.18357609052088492
-1.2562562562562563	0.04916760270026035	0.16826486146708347
-1.2462462462462462	0.04854868240063817	0.15500659368460407
-1.2362362362362362	0.048056348099667474	0.14349120607989893
-1.2262262262262262	0.04768183435017927	0.13345850013654104
-1.2162162162162162	0.047417906998223375	0.12469081314488072
-1.2062062062062062	0.04725866160216542	0.11700622047460708
-1.1961961961961962	0.047199360545259465	0.11025256881087529
-1.1861861861861862	0.04723630154464327	0.10430239345142307
-1.1761761761761762	0.04736671182944477	0.09904866506634964
-1.1661661661661662	0.04758866346068075	0.09440126810864466
-1.1561561561561562	0.04790100617995151	0.09028410268211655
-1.1461461461461462	0.04830331487191121	0.08663270688465532
-1.1361361361361362	0.04879584924848766	0.0833923082938284
-1.1261261261261262	0.04937952375370101	0.08051622669352358
-1.1161161161161162	0.05005588595786161	0.07796456311106847
-1.1061061061061062	0.050827101883651665	0.07570312180664408
-1.0960960960960962	0.051695946786387434	0.07370252174463117
-1.0860860860860861	0.05266579990207516	0.07193746230868708
-1.0760760760760761	0.05374064157894468	0.07038611476820686
-1.0660660660660661	0.05492505100816091	0.06902961648686291
-1.0560560560560561	0.05622420246651406	0.06785164927371555
-1.0460460460460461	0.05764385755522328	0.06683808683924318
-1.0360360360360361	0.05919035035504555	0.06597669916281922
-1.026026026026026	0.06087056169433251	0.06525690387102655
-1.016016016016016	0.06269187783234738	0.06466955655630263
-1.006006006006006	0.06466212778635122	0.06420677344624517
-0.995995995995996	0.06678949226590991	0.06386178101387426
-0.985985985985986	0.06908237576044082	0.06362878807561671
-0.975975975975976	0.07154923180450536	0.06350287669484737
-0.965965965965966	0.07419832992910651	0.06347990882481204
-0.955955955955956	0.0770374514989515	0.06355644612924265
-0.9459459459459459	0.08007350083184206	0.06372968082116552
-0.9359359359359359	0.08331201814421797	0.06399737568324347
-0.9259259259259259	0.08675658260145098	0.06435781169525663
-0.9159159159159159	0.09040809787570836	0.06480974190272461
-0.9059059059059059	0.09426396012559446	0.06535235032206935
-0.8958958958958959	0.09831712026863698	0.06598521480773482
-0.8858858858858859	0.1025550697566823	0.06670827290838997
-0.8758758758758759	0.10695880226010013	0.06752178981212589
-0.8658658658658659	0.11150183218772979	0.06842632753807805
-0.8558558558558559	0.11614938261775401	0.06942271457538196
-0.8458458458458459	0.12085788548081026	0.07051201520668651
-0.8358358358358359	0.12557495847079134	0.07169549777335049
-0.8258258258258259	0.13024002650884364	0.07297460118333406
-0.8158158158158159	0.13478573010353315	0.07435089898487318
-0.8058058058058059	0.13914020018682355	0.07582606039311311
-0.7957957957957958	0.14323017683394912	0.07740180772141024
-0.7857857857857858	0.14698481618378006	0.07907986978115349
-0.7757757757757757	0.15033988719389635	0.08086193095672566
-0.7657657657657657	0.15324193969150612	0.08274957586189213
-0.7557557557557557	0.15565196281001528	0.08474422975044621
-0.7457457457457457	0.15754807508411425	0.08684709518586059
-0.7357357357357357	0.15892690094819406	0.08905908588707627
-0.7257257257257257	0.15980347407140488	0.09138075917396546
-0.7157157157157157	0.16020972487589946	0.09381224899862442
-0.7057057057057057	0.16019180771516994	0.0963532022026589
-0.6956956956956957	0.15980665983451456	0.099002721308867
-0.6856856856856857	0.1591182369987028	0.1017593178371463
-0.6756756756756757	0.15819384152564275	0.1046208807620608
-0.6656656656656657	0.15710086891440203	0.10758466520101541
-0.6556556556556556	0.1559041800033964	0.11064730671893762
-0.6456456456456456	0.15466418598108125	0.11380486658246038
-0.6356356356356356	0.15343563447285627	0.11705291288075965
-0.6256256256256256	0.15226701646340873	0.12038664153444122
-0.6156156156156156	0.1512004767623297	0.12380103980863483
-0.6056056056056056	0.15027209981799747	0.12729109307962172
-0.5955955955955956	0.14951245015004658	0.1308520332918448
-0.5855855855855856	0.14894726467685884	0.1344796250101688
-0.5755755755755756	0.14859821650968616	0.13817048238055793
-0.5655655655655656	0.14848369198093606	0.14192240797236091
-0.5555555555555556	0.14861954229242702	0.1457347426666253
-0.5455455455455456	0.1490197871410063	0.14960871476324547
-0.5355355355355356	0.14969725977912812	0.15354777651661614
-0.5255255255255256	0.15066419168618997	0.15755791749043796
-0.5155155155155156	0.15193274089227454	0.16164794642595462
-0.5055055055055055	0.15351547172956528	0.1658297366035404
-0.4954954954954955	0.1554257960108379	0.17011843366217222
-0.4854854854854855	0.15767838682850913	0.1745326291933502
-0.4754754754754755	0.16028957679363873	0.17909450777385577
-0.46546546546546547	0.1632777528638635	0.1838299791301059
-0.45545545545545546	0.16666376021009682	0.18876881056324
-0.44544544544544545	0.17047132800173875	0.1939447775410219
-0.43543543543543545	0.17472753071858488	0.1993958524450953
-0.42542542542542544	0.17946329971572456	0.2051644530227759
-0.41541541541541543	0.184714001424226	0.21129777337629513
-0.40540540540540543	0.19052010091330665	0.21784822167881873
-0.3953953953953954	0.19692793267434713	0.22487399058885038
-0.38538538538538536	0.2039906047194576	0.23243978899845427
-0.37537537537537535	0.21176906759662945	0.24061776777997423
-0.36536536536536535	0.2203333871686142	0.24948867800698843
-0.35535535535535534	0.2297642694265156	0.2591433084499796
-0.34534534534534533	0.24015489794099848	0.2696842605723268
-0.3353353353353353	0.25161316071238066	0.28122813481257225
-0.3253253253253253	0.26426436443276463	0.2939082228708702
-0.3153153153153153	0.2782545624265052	0.30787782878349246
-0.3053053053053053	0.29375466014741847	0.32331437920854317
-0.2952952952952953	0.31096551279546886	0.34042453416263474
-0.2852852852852853	0.33012429840128205	0.3594505783614983
-0.2752752752752753	0.35151254398574117	0.38067846773930347
-0.2652652652652653	0.3754663128580116	0.40444803628183223
-0.2552552552552553	0.4023892438018003	0.4311660509886944
-0.24524524524524524	0.432769391441279	0.4613230611533554
-0.23523523523523523	0.46720118806392535	0.49551535869376506
-0.22522522522522523	0.5064143863405022	0.5344739047049899
-0.21521521521521522	0.5513126378792852	0.5791028715803093
-0.20520520520520522	0.6030255550115108	0.6305316405038702
-0.19519519519519518	0.6629799218453719	0.6901859094152746
-0.18518518518518517	0.7329985470413432	0.7598863879377674
-0.17517517517517517	0.8154397353585084	0.8419880320177506
-0.16516516516516516	0.9133976337900966	0.9395800365095015
-0.15515515515515516	1.030995822762098	1.0567788963454436
-0.14514514514514515	1.1738272575818218	1.1991675435982379
-0.13513513513513514	1.3496302793024526	1.3744701152438907
-0.12512512512512514	1.569357385948981	1.5936187564510629
-0.11511511511511512	1.8489209530708521	1.8724961322559055
-0.10510510510510511	2.2121542090505306	2.2348909808316066
-0.09509509509509509	2.69605991395806	2.7177372318519013
-0.08508508508508508	3.3606143276918896	3.3809002336790024
-0.07507507507507508	4.308275263630168	4.326649779981943
-0.06506506506506507	5.725949661160348	5.741553024576831
-0.055055055055055056	7.9846731701211775	7.9959787371910656
-0.04504504504504504	11.909319037016457	11.913338620935463
-0.035035035035035036	19.65297866046018	19.642982300000636
-0.025025025025025027	38.418125076356525	38.37523922947891
-0.015015015015015015	105.92291966641692	105.76861322304848
-0.005005005005005005	877.2689185257761	876.2196120784449
0.005005005005005005	878.2245496539438	876.6109266596868
0.015015015015015015	105.94801661750517	105.78015519912438
0.025025025025025027	38.41633966747808	38.37533288658106
0.035035035035035036	19.64833781972486	19.641675219969365
0.04504504504504504	11.904633517379345	11.911874816710531
0.055055055055055056	7.980399063376044	7.994591003034295
0.06506506506506507	5.72212392349618	5.740282245406015
0.07507507507507508	4.3048506524775165	4.325492398153957
0.08508508508508508	3.3575326807300523	3.3798427961392816
0.09509509509509509	2.69326897860798	2.7167655134474353
0.10510510510510511	2.209610470280614	2.2339923390983736
0.11511511511511512	1.8465889284479695	1.8716599058880021
0.12512512512512514	1.5672082173528277	1.5928361059197431
0.13513513513513514	1.3476403877581526	1.3737337372476883
0.14514514514514515	1.1719772336768512	1.198471392074928
0.15515515515515516	1.0292695547401407	1.0561179453580707
0.16516516516516516	0.9117816334595562	0.9389500887325283
0.17517517517517517	0.8139226185316677	0.8413855671889449
0.18518518518518517	0.7315706317916282	0.7593084438610415
0.19519519519519518	0.6616329160791715	0.6896299886810295
0.20520520520520522	0.6017523117245477	0.6299956373110215
0.21521521521521522	0.5501069619926809	0.5785850142767714
0.22522522522522523	0.5052708811561544	0.5339727105933897
0.23523523523523523	0.46611513230332086	0.4950295984758358
0.24524524524524524	0.4317366402044084	0.46085173099439425
0.2552552552552553	0.40140614829829047	0.4307083506137184
0.2652652652652653	0.37452965507911457	0.40400335182603586
0.2752752752752753	0.3506194833462744	0.380246358382813
0.2852852852852853	0.3292723280553697	0.3590307658790769
0.2952952952952953	0.31015242386038877	0.3400168946844185
0.3053053053053053	0.2929785124599999	0.3229189365639607
0.3153153153153153	0.27751366074779904	0.30749474881955674
0.3253253253253253	0.26355723925874697	0.29353780820955944
0.3353353353353353	0.25093855302529594	0.28087081948237247
0.34534534534534533	0.23951174736671385	0.26934060398933385
0.35535535535535534	0.22915170540841587	0.2588139881810504
0.36536536536536535	0.21975072282467986	0.24917448080667676
0.37537537537537535	0.21121579600052706	0.24031957837916437
0.38538538538538536	0.2034663974250176	0.23215857617412108
0.3953953953953954	0.19643264031632077	0.22461079013638569
0.40540540540540543	0.1900537557537059	0.21760411599873336
0.41541541541541543	0.18427682173454663	0.21107386755642435
0.42542542542542544	0.17905569586985176	0.2049618475039297
0.43543543543543545	0.1743501128814033	0.19921561258183426
0.44544544544544545	0.1701249152387119	0.19378790066317664
0.45545545545545546	0.16634939080212147	0.18863619142625795
0.46546546546546547	0.16299669552303583	0.1837223749240734
0.4754754754754755	0.1600433423535883	0.17901250411018121
0.4854854854854855	0.1574687398228431	0.17447660867219644
0.4954954954954955	0.15525476532525964	0.17008854868742931
0.5055055055055055	0.15338535923863378	0.1658258880724556
0.5155155155155156	0.1518461266182946	0.1616697697361555
0.5255255255255256	0.1506239335708412	0.15760477696504857
0.5355355355355356	0.1497064856092062	0.1536187689068373
0.5455455455455456	0.149081875522966	0.1497026819543562
0.5555555555555556	0.14873808883585785	0.1458502931352443
0.5655655655655656	0.14866245609201792	0.14205794599344193
0.5755755755755756	0.14884104343478063	0.13832424351439512
0.5855855855855856	0.14925797684147923	0.1346497160437925
0.5955955955955956	0.14989470158671866	0.13103647461546558
0.6056056056056056	0.15072918780639866	0.12748786145514868
0.6156156156156156	0.15173510613149108	0.12400810960732885
0.6256256256256256	0.15288101469381907	0.1206020227928191
0.6356356356356356	0.15412962026974014	0.11727468487356184
0.6456456456456456	0.15543720073282116	0.1140312060060622
0.6556556556556556	0.15675330054041423	0.11087651000862506
0.6656656656656657	0.1580208309025373	0.10781516486600323
0.6756756756756757	0.15917671442552292	0.1048512559601485
0.6856856856856857	0.16015320168772043	0.10198829965977191
0.6956956956956957	0.1608799456118088	0.09922919342034493
0.7057057057057057	0.161286842883326	0.09657619758095021
0.7157157157157157	0.16130754120705618	0.09403094355918679
0.7257257257257257	0.16088337885461018	0.09159446303976437
0.7357357357357357	0.15996739280930025	0.08926723301305778
0.7457457457457457	0.15852793722552222	0.0870492319606609
0.7557557557557557	0.1565514290128879	0.08494000310770129
0.7657657657657657	0.15404380471459206	0.08293872132946803
0.7757757757757757	0.1510304321222216	0.0810442609789119
0.7857857857857858	0.14755444318517424	0.07925526255960641
0.7957957957957958	0.1436736919803136	0.07757019674231101
0.8058058058058059	0.13945673694766006	0.07598742474637357
0.8158158158158159	0.13497835707127567	0.07450525452130599
0.8258258258258259	0.13031512008813195	0.07312199252206512
0.8358358358358359	0.1255414389695316	0.07183599113340185
0.8458458458458459	0.12072641343954961	0.0706456920171352
0.8558558558558559	0.11593159599999034	0.06954966580259403
0.8658658658658659	0.11120968099296807	0.0685466486549333
0.8758758758758759	0.1066040116975961	0.0676355763354317
0.8858858858858859	0.10214874102193375	0.0668156164184091
0.8958958958958959	0.09786946162659155	0.06608619937300224
0.9059059059059059	0.09378413091391206	0.06544704924625384
0.9159159159159159	0.08990414338388282	0.06489821471514574
0.9259259259259259	0.08623543717558545	0.06444010130783345
0.9359359359359359	0.08277955582912815	0.06407350563853738
0.9459459459459459	0.07953461615391948	0.06379965255310702
0.955955955955956	0.07649615669307676	0.06362023616261236
0.965965965965966	0.07365785845519472	0.0635374658342222
0.975975975975976	0.0710121410700631	0.06355411833922288
0.985985985985986	0.06855064444387285	0.06367359752101155
0.995995995995996	0.06626460954139919	0.0639000030481943
1.006006006006006	0.06414517312541651	0.06423821007582756
1.016016016016016	0.06218359101763218	0.06469396196166288
1.026026026026026	0.060371403301133046	0.06527397858092775
1.0360360360360361	0.05870055333193614	0.06598608327779702
1.0460460460460461	0.057163470733879784	0.06683935210897171
1.0560560560560561	0.055753126914046845	0.06784428979364128
1.0660660660660661	0.05446307013076393	0.06901303773070318
1.0760760760760761	0.053287445842428546	0.07035962061725674
1.0860860860860861	0.05222100696054632	0.07190023966394378
1.0960960960960962	0.05125911772441879	0.07365362221959121
1.1061061061061062	0.050397754189697115	0.07564143988619437
1.1161161161161162	0.049633503761282526	0.07788881002755935
1.1261261261261262	0.04896356577973483	0.08042489910103601
1.1361361361361362	0.0483857548732631	0.083283650617683
1.1461461461461462	0.04789850859906855	0.08650466597790994
1.1561561561561562	0.04750090080596312	0.09013427312125265
1.1661661661661662	0.04719266214835334	0.09422682611917405
1.1761761761761762	0.0469742092729288	0.09884628868079466
1.1861861861861862	0.04684668437471095	0.10406816608934259
1.1961961961961962	0.0468120070998487	0.10998186309340224
1.2062062062062062	0.04687294116422497	0.11669355883491014
1.2162162162162162	0.04703317859026215	0.12432970188697014
1.2262262262262262	0.04729744516343076	0.13304123441017182
1.2362362362362362	0.04767163163374701	0.14300864546079337
1.2462462462462462	0.04816295639242455	0.1544479129267095
1.2562562562562563	0.048780166931194455	0.16761729067309852
1.2662662662662663	0.04953378947921883	0.1828246771612962
1.2762762762762763	0.05043643896412066	0.20043486759526166
1.2862862862862863	0.051503205127656666	0.22087518009441928
1.2962962962962963	0.05275213557748411	0.24463649324097914
1.3063063063063063	0.0542048432701531	0.2722642434586686
1.3163163163163163	0.055887275123476333	0.3043299058990559
1.3263263263263263	0.05783069117314745	0.34136753142028786
1.3363363363363363	0.060072921473532485	0.3837524857307139
1.3463463463463463	0.06265999306399962	0.4314937657151762
1.3563563563563563	0.06564825526418612	0.4839164790139935
1.3663663663663663	0.06910718359793974	0.5392467842873383
1.3763763763763763	0.0731231190369251	0.594204168434871
1.3863863863863863	0.07780431298619511	0.6438584027873919
1.3963963963963963	0.08328782035791382	0.6821295974067608
1.4064064064064064	0.08974904720784559	0.7031712585921366
1.4164164164164164	0.09741517220144082	0.7033041384529223
1.4264264264264264	0.10658431810961198	0.6824876107634249
1.4364364364364364	0.11765341504426106	0.644336158521252
1.4464464464464464	0.13115945966942955	0.5946692938230074
1.4564564564564564	0.14784184855134672	0.5395760196547218
1.4664664664664664	0.16873857842248377	0.4840156649607472
1.4764764764764764	0.19533804790621087	0.4313015694184173
1.4864864864864864	0.22982398138879154	0.38323485089588943
1.4964964964964964	0.2754787017559223	0.3405094458371091
1.5065065065065064	0.33735645112363033	0.30312805869215353
1.5165165165165164	0.4234042092425793	0.2707216866917855
1.5265265265265264	0.5462375345920546	0.24275919866825355
1.5365365365365364	0.7254251517473184	0.21867000305552656
1.5465465465465464	0.9877766640751485	0.1979084356219379
1.5565565565565564	1.3532018504382288	0.1799828410987091
1.5665665665665667	1.7717729731485632	0.16446489831575548
1.5765765765765767	2.0242433503869925	0.15098875723367466
1.5865865865865867	1.878167354514574	0.1392455005660605
1.5965965965965967	1.4630736804730375	0.12897593055267256
1.6066066066066067	1.0524616153295059	0.119963212878694
1.6166166166166167	0.7493448343391198	0.11202608861193147
1.6266266266266267	0.5441538866678047	0.10501292511353291
1.6366366366366367	0.40648871356044425	0.0987966532447995
1.6466466466466467	0.31239822189263905	0.09327053342456322
1.6566566566566567	0.24635846657336424	0.08834465147936414
1.6666666666666667	0.19872433635297465	0.0839430356976787
1.6766766766766767	0.16348008701642933	0.08000129213600718
1.6866866866866868	0.13679888747218785	0.07646466707003471
1.6966966966966968	0.1161855737126767	0.0732864589849867
1.7067067067067068	0.09997161007323177	0.07042671548436329
1.7167167167167168	0.08701394397717456	0.06785116204998393
1.7267267267267268	0.07651175568501227	0.06553031944625837
1.7367367367367368	0.067892358098025	0.06343877476417148
1.7467467467467468	0.06073848559097209	0.061554577823444125
1.7567567567567568	0.05474091110076924	0.05985874010725185
1.7667667667667668	0.049666911581955686	0.05833481780711148
1.7767767767767768	0.04533886525967203	0.05696856409846377
1.7867867867867868	0.04161945906636807	0.05574763861634273
1.7967967967967968	0.038401291605746374	0.05466136438752554
1.8068068068068068	0.03559945133026294	0.053700524319532886
1.8168168168168168	0.03314614208246345	0.05285719083199899
1.8268268268268268	0.030986739289478045	0.052124583418962346
1.8368368368368369	0.029076860221751117	0.05149694990746781
1.8468468468468469	0.02738016262959704	0.050969467975818826
1.8568568568568569	0.025866673056697917	0.050538164149816225
1.8668668668668669	0.024511504797261285	0.05019984803779964
1.8768768768768769	0.02329386558724652	0.04995206001991669
1.8868868868868869	0.022196282914855415	0.0497930309893279
1.896896896896897	0.021203994337368706	0.04972165307425717
1.906906906906907	0.020304464022700183	0.049737460558362714
1.916916916916917	0.019486996657171372	0.049840620475238795
1.926926926926927	0.018742427051014386	0.05003193259245037
1.936936936936937	0.01806286903262314	0.050312838725689736
1.946946946946947	0.017441511106347753	0.05068544154666207
1.956956956956957	0.016872449240125365	0.05115253327288804
1.966966966966967	0.016350549320654877	0.05171763486359083
1.976976976976977	0.015871333456078957	0.05238504659970184
1.986986986986987	0.015430885558598633	0.053159911205382715
1.996996996996997	0.015025772599259083	0.05404829098612499
2.007007007007007	0.014652978670835154	0.05505726081710206
2.017017017017017	0.01430984957113711	0.05619501923528247
2.027027027027027	0.01399404607063406	0.05747102037727793
2.037037037037037	0.013703504384437758	0.058896130077578275
2.047047047047047	0.013436402648924107	0.060482810119023935
2.057057057057057	0.013191132428482544	0.06224533542281876
2.067067067067067	0.012966274455450177	0.06420004990377491
2.0770770770770772	0.012760577951663032	0.06636566781334571
2.0870870870870872	0.012572942996288557	0.06876362866834579
2.0970970970970972	0.012402405499049245	0.07141851532483251
2.1071071071071072	0.012248124416053725	0.07435854639780975
2.1171171171171173	0.012109370909653637	0.07761615601602936
2.1271271271271273	0.011985519205690744	0.08122867574301429
2.1371371371371373	0.011876038947179451	0.08523913521833229
2.1471471471471473	0.011780488880147093	0.08969719934160329
2.1571571571571573	0.011698511739891853	0.09466026005676545
2.1671671671671673	0.011629830233266476	0.10019469900159865
2.1771771771771773	0.011574244037433899	0.10637733181572732
2.1871871871871873	0.011531627757443237	0.11329703304095776
2.1971971971971973	0.011501929805701718	0.12105651793484791
2.2072072072072073	0.011485172184946576	0.12977421721846175
2.2172172172172173	0.011481451176385028	0.13958611197187662
2.2272272272272273	0.011490938952316147	0.15064728207746814
2.2372372372372373	0.01151388615380134	0.16313273840737055
2.2472472472472473	0.011550625494090102	0.1772368220840636
2.2572572572572573	0.01160157647247247	0.19317001925242
2.2672672672672673	0.011667251309826389	0.21115140846348882
2.2772772772772774	0.011748262246590568	0.2313940987784487
2.2872872872872874	0.011845330381305426	0.25407997050164494
2.2972972972972974	0.011959296267147191	0.27931902504331313
2.3073073073073074	0.012091132537619047	0.30708831021261634
2.3173173173173174	0.01224195889169845	0.33714702802380037
2.3273273273273274	0.012413059843694951	0.36893027806207535
2.3373373373373374	0.012605905737152054	0.40143667002654093
2.3473473473473474	0.012822177632675477	0.4331458866303698
2.3573573573573574	0.013063796825861248	0.4620259441016495
2.3673673673673674	0.0133329599273842	0.48569908395310263
2.3773773773773774	0.013632180663516315	0.501802644018988
2.3873873873873874	0.01396433984285636	0.5084919011217546
2.3973973973973974	0.014332745300044726	0.5049199369915761
2.4074074074074074	0.01474120410013108	0.49148311034874653
2.4174174174174174	0.015194109897167895	0.4697087729906477
2.4274274274274275	0.01569654913863104	0.441841688225997
2.4374374374374375	0.016254430853657152	0.4103229575487387
2.4474474474474475	0.016874646152402244	0.3773589642059066
2.4574574574574575	0.01756526541497478	0.34467947454991804
2.4674674674674675	0.018335783644211096	0.3134772002595317
2.4774774774774775	0.019197427847677653	0.2844654621262651
2.4874874874874875	0.0201635449674589	0.2579866809483158
2.4974974974974975	0.02125009532707919	0.23412554803666905
2.5075075075075075	0.02247628560591506	0.2128042128257339
2.5175175175175175	0.023865388172618258	0.19385306221134288
2.5275275275275275	0.025445812015414758	0.1770589974606891
2.5375375375375375	0.02725251729211643	0.16219608548911818
2.5475475475475475	0.029328905060761745	0.14904365672325431
2.5575575575575575	0.03172937302965911	0.1373960326270479
2.5675675675675675	0.03452281853268626	0.1270669615467557
2.5775775775775776	0.03779751022369587	0.11789087643225986
2.5875875875875876	0.041667972090246884	0.10972235609144129
2.5975975975975976	0.04628488265312746	0.10243465819407217
2.6076076076076076	0.05184958709854298	0.09591784960347537
2.6176176176176176	0.058635830661059124	0.09007683903689498
2.6276276276276276	0.06702308722937966	0.08482947916140954
2.6376376376376376	0.07754903875204319	0.08010482137988555
2.6476476476476476	0.09099469166142414	0.07584155711039586
2.6576576576576576	0.10852708906267339	0.0719866513377814
2.6676676676676676	0.1319476801332661	0.06849415926270337
2.6776776776776776	0.16414295062638262	0.0653242097145674
2.6876876876876876	0.20994032250220124	0.06244213635297936
2.6976976976976976	0.27781385277076615	0.05981773754814817
2.7077077077077076	0.38343537732636274	0.057424647004088905
2.7177177177177176	0.5571911686433195	0.05523979895266136
2.7277277277277276	0.8585144749208432	0.05324297370382399
2.7377377377377377	1.3842297259560563	0.05141641125881726
2.7477477477477477	2.1242720085900944	0.04974448247427234
2.7577577577577577	2.4275139791276876	0.048213408852923585
2.7677677677677677	1.827631426690315	0.046811023423743006
2.7777777777777777	1.1408675040193137	0.04552656636498395
2.7877877877877877	0.714694655323173	0.04435051003729161
2.7977977977977977	0.4731819929608988	0.043274408949971775
2.8078078078078077	0.3315401430062647	0.04229077090408399
2.8178178178178177	0.2436546002763864	0.04139294615858645
2.8278278278278277	0.18612648487241049	0.04057503197274391
2.8378378378378377	0.14670275970426938	0.03983179029932476
2.8478478478478477	0.11862954608466182	0.039158576758050276
2.8578578578578577	0.09798814466007065	0.03855127931415833
2.8678678678678677	0.08239690723302352	0.038006265335966405
2.8778778778778777	0.07034823880342948	0.03752033591350791
2.8878878878878878	0.06085343447157312	0.03709068649579956
2.8978978978978978	0.053243793976008806	0.03671487305317495
2.9079079079079078	0.047054704718723236	0.03639078309604724
2.9179179179179178	0.04195562649010396	0.036116610988811845
2.9279279279279278	0.03770643559952428	0.0358908370888121
2.937937937937938	0.03412942206059396	0.035712210318638825
2.947947947947948	0.03109086616517914	0.03557973384903078
2.957957957957958	0.02848863842947178	0.03549265362798462
2.967967967967968	0.026243680626552725	0.035450449545353854
2.977977977977978	0.024294043472669842	0.0354528290690095
2.987987987987988	0.022590642674774137	0.035499723231203525
2.997997997997998	0.02109419125261977	0.03559128488370733
3.008008008008008	0.019772950656908105	0.03572788917744054
3.018018018018018	0.018601060670891092	0.03591013625797208
3.028028028028028	0.01755728426706995	0.03613885620384952
3.038038038038038	0.016624053873237944	0.036415116269800034
3.048048048048048	0.015786739236585218	0.03674023053333142
3.058058058058058	0.015033080047533537	0.03711577208095062
3.068068068068068	0.014352742350804486	0.037543587911226944
3.078078078078078	0.013736968871134772	0.03802581677506386
3.088088088088088	0.013178301244055978	0.03856491022163155
3.098098098098098	0.012670357771650037	0.03916365717165139
3.108108108108108	0.0122076544020478	0.03982521239870036
3.118118118118118	0.011785459610836924	0.04055312936508316
3.1281281281281283	0.011399676064911332	0.04135139793426904
3.1381381381381384	0.011046743587137085	0.04222448756604049
3.1481481481481484	0.01072355917109996	0.043177396695048005
3.1581581581581584	0.010427410727875687	0.04421570910247762
3.1681681681681684	0.010155921956223694	0.04534565820993562
3.1781781781781784	0.009907006274404639	0.04657420036120542
3.1881881881881884	0.00967882817339424	0.04790909830729334
3.1981981981981984	0.009469770680450854	0.04935901627574599
3.2082082082082084	0.009278407879127733	0.050933628182729174
3.2182182182182184	0.009103481634763358	0.05264374073573211
3.2282282282282284	0.008943881835567161	0.05450143336462246
3.2382382382382384	0.008798629587137828	0.056520217102523806
3.2482482482482484	0.00866686290163708	0.05871521469404699
3.2582582582582584	0.008547824505381782	0.06110336430830883
3.2682682682682684	0.008440851455718303	0.06370364923572631
3.2782782782782784	0.00834536631323537	0.06653735577948625
3.2882882882882885	0.00826086966038826	0.06962836112068296
3.2982982982982985	0.008186933794209572	0.07300345208843989
3.3083083083083085	0.008123197452926282	0.07669267429431431
3.3183183183183185	0.008069361461499284	0.08072970868108405
3.3283283283283285	0.00802518520396306	0.08515226875555733
3.3383383383383385	0.007990483849405317	0.090002505991595
3.3483483483483485	0.007965126275284317	0.09532740224689874
3.3583583583583585	0.007949033647180689	0.10117911533291245
3.3683683683683685	0.007942178627469274	0.10761522552451104
3.3783783783783785	0.007944585198798497	0.1146988047241905
3.3883883883883885	0.007956329100888067	0.12249819365016096
3.3983983983983985	0.007977538891320265	0.13108632290391742
3.4084084084084085	0.008008397654647875	0.14053934829855155
3.4184184184184185	0.008049145397542624	0.15093428776481055
3.4284284284284285	0.008100082182815785	0.16234524817587126
3.4384384384384385	0.00816157207225516	0.17483772436097622
3.4484484484484486	0.008234047967378023	0.18846036178118647
3.4584584584584586	0.008318017459147552	0.2032335440380585
3.4684684684684686	0.00841406982485966	0.2191342761183925
3.4784784784784786	0.008522884340797043	0.2360772069111049
3.4884884884884886	0.008645240117822832	0.25389243136168926
3.4984984984984986	0.00878202771238921	0.2723020924434586
3.5085085085085086	0.00893426282164931	0.29089981474869003
3.5185185185185186	0.009103102440380751	0.30913939030011683
3.5285285285285286	0.009289863942952973	0.32634110714710496
3.5385385385385386	0.009496047660209598	0.3417242186292422
3.5485485485485486	0.009723363654910553	0.354470556311344
3.5585585585585586	0.009973763568458506	0.3638162454182139
3.5685685685685686	0.010249478625354061	0.36915728605874965
3.5785785785785786	0.010553065156582999	0.37014493927660186
3.5885885885885886	0.010887459354378558	0.3667444492546263
3.5985985985985987	0.011256043426847037	0.3592391756321664
3.6086086086086087	0.011662725914883505	0.3481791410522983
3.6186186186186187	0.01211203971295373	0.3342903227692169
3.6286286286286287	0.012609262366660094	0.3183705131265056
3.6386386386386387	0.013160564595937278	0.3011961783084992
3.6486486486486487	0.013773194840512253	0.2834555612550567
3.6586586586586587	0.014455710137174666	0.2657122131831579
3.6686686686686687	0.015218267074950918	0.2483948541816815
3.6786786786786787	0.016072991338384756	0.2318055848953746
3.6886886886886887	0.017034451010327464	0.2161382320209479
3.6986986986986987	0.018120268239547627	0.20150035122297308
3.7087087087087087	0.01935191739892794	0.187934690195519
3.7187187187187187	0.0207557775008426	0.1754379015503672
3.7287287287287287	0.022364535577384284	0.16397569651954222
3.7387387387387387	0.024219081040590913	0.15349446605702602
3.7487487487487487	0.026371096935283042	0.14392980792724025
3.7587587587587588	0.028886656091535557	0.13521254072136518
3.7687687687687688	0.03185129149749431	0.12727277951223837
3.7787787787787788	0.035377270606347364	0.1200425734059322
3.7887887887887888	0.039614233569752716	0.11345750953337039
3.798798798798799	0.04476508486933743	0.10745759514500276
3.808808808808809	0.05111029994629801	0.10198764969293807
3.818818818818819	0.05904609695924011	0.09699737482877789
3.828828828828829	0.06914618461945041	0.09244122120783992
3.838838838838839	0.0822650360852698	0.08827813454998192
3.848848848848849	0.09971724684679775	0.08447123695590131
3.858858858858859	0.12360255420695092	0.08098748063387744
3.868868868868869	0.15742350101172706	0.07779729798379478
3.878878878878879	0.20732164938586026	0.07487426286686782
3.888888888888889	0.2846838702034125	0.07219477169128673
3.898898898898899	0.4118465281584696	0.06973774880406299
3.908908908908909	0.6341442240955758	0.0674843779749189
3.918918918918919	1.0356625369464096	0.06541786003825785
3.928928928928929	1.6681277653039333	0.0635231957161431
3.938938938938939	2.069576917170508	0.0617869920495036
3.948948948948949	1.6121669249214987	0.06019729057079276
3.958958958958959	0.9868393775829868	0.058743415248061835
3.968968968968969	0.6009849329744047	0.05741583824937607
3.978978978978979	0.38870226774759215	0.056206061667244366
3.988988988988989	0.2674438996186438	0.055106513473725555
3.998998998998999	0.19372927489745043	0.05411045612634806
4.009009009009009	0.14623087348053507	0.05321190640029671
4.019019019019019	0.11408046032503233	0.052405565173586285
4.029029029029029	0.0914134348409008	0.051686756035478454
4.039039039039039	0.07488358541816345	0.051051371721101475
4.049049049049049	0.0624843649809789	0.050495827495035374
4.059059059059059	0.05295952379026484	0.05001702071503306
4.069069069069069	0.04549271787897893	0.0496122959021631
4.079079079079079	0.039536096811459365	0.04927941472765163
4.089089089089089	0.03471154915287682	0.04901653039938359
4.099099099099099	0.030751634410235765	0.048822165993161755
4.109109109109109	0.02746306046098845	0.04869519632573127
4.119119119119119	0.024703426039620995	0.04863483300943444
4.129129129129129	0.022366016471234738	0.04864061236073495
4.1391391391391394	0.020369627801383332	0.04871238585839873
4.1491491491491495	0.01865161091500323	0.04885031285998183
4.1591591591591595	0.01716302514714372	0.049054855287043515
4.1691691691691695	0.01586520271170147	0.04932677397971406
4.1791791791791795	0.014727274571785933	0.049667126396249386
4.1891891891891895	0.013724362848077036	0.05007726529276626
4.1991991991991995	0.012836242636748282	0.050558837957121544
4.2092092092092095	0.012046339220063667	0.05111378548711111
4.2192192192192195	0.011340968128548361	0.0517443414890638
4.2292292292292295	0.010708753228457475	0.05245302942505556
4.2392392392392395	0.010140176811989069	0.05324265764574675
4.2492492492492495	0.009627228611954497	0.05411631090269084
4.2592592592592595	0.009163129689069828	0.05507733682983288
4.2692692692692695	0.008742113515561591	0.0561293255049986
4.2792792792792795	0.008359251131997146	0.057276079737370825
4.2892892892892895	0.008010310543033423	0.05852157316336372
4.2992992992992995	0.0076916429162155	0.059869892559799964
4.3093093093093096	0.007400089915341521	0.0613251599926604
4.31931931931932	0.007132907812285355	0.06289142951433799
4.32932932932933	0.006887705005484383	0.06457255211788507
4.33933933933934	0.006662390316853857	0.0663720015933785
4.34934934934935	0.006455130004398283	0.06829265288816408
4.35935935935936	0.0062643118624512014	0.07033650368148822
4.36936936936937	0.006088515115874218	0.07250432935747704
4.37937937937938	0.005926485075392691	0.07479526171691167
4.38938938938939	0.005777111724556326	0.07720628306257943
4.3993993993994	0.0056394115693155665	0.07973163033955549
4.40940940940941	0.005512512207461172	0.08236210959624242
4.41941941941942	0.005395639176603642	0.08508433007047503
4.42942942942943	0.005288104719550015	0.08787988065574587
4.43943943943944	0.00518929817118753	0.09072449012721145
4.44944944944945	0.005098677723049187	0.0935872365205647
4.45945945945946	0.0050157633649763386	0.09642989954017735
4.46946946946947	0.004940130837475966	0.09920658008146827
4.47947947947948	0.00487140645778717	0.101863737571095
4.48948948948949	0.0048092627056812946	0.10434081055970068
4.4994994994995	0.004753414475559685	0.10657157795322862
4.50950950950951	0.0047036159174573215	0.10848637578134299
4.51951951951952	0.004659657804219973	0.11001519871507674
4.52952952952953	0.004621365373817863	0.11109158609026827
4.53953953953954	0.0045885966069397245	0.11165703199837998
4.54954954954955	0.0045612409089352685	0.11166549747467097
4.55955955955956	0.004539218174123417	0.11108748256761891
4.56956956956957	0.004522478218298467	0.1099130820009407
4.57957957957958	0.004511000573074447	0.10815353066197808
4.58958958958959	0.0045047946430747604	0.10584094408933772
4.5995995995996	0.004503900234938141	0.10302623707074936
4.60960960960961	0.004508388475074377	0.09977549429005012
4.61961961961962	0.0045183631421728265	0.09616529795671404
4.62962962962963	0.004533962449919769	0.09227763504514284
4.63963963963964	0.004555361327191456	0.08819499437472698
4.64964964964965	0.004582774255391146	0.0839961426766544
4.65965965965966	0.00461645873861856	0.07975288549308636
4.66966966966967	0.004656719500430484	0.07552792527787575
4.67967967967968	0.004703913523471929	0.07137376643858465
4.68968968968969	0.004758456075729207	0.06733250715893352
4.6996996996997	0.004820827900538168	0.06343630390942968
4.70970970970971	0.004891583789974021	0.059708287037101654
4.71971971971972	0.004971362813312369	0.05616372951337429
4.72972972972973	0.005060900538134997	0.05281131065281589
4.73973973973974	0.005161043666489325	0.04965436048751784
4.74974974974975	0.005272767614359101	0.046692010833576304
4.75975975975976	0.0053971977012045175	0.0439202120697257
4.76976976976977	0.005535634793557875	0.041332599192648506
4.77977977977978	0.005689586479243425	0.038921207422651344
4.78978978978979	0.005860805152577286	0.03667704790137895
4.7997997997998	0.006051334793501125	0.03459055945491512
4.80980980980981	0.006263568760078057	0.03265195446379344
4.81981981981982	0.006500321634744467	0.03085147679150884
4.82982982982983	0.006764919142616002	0.0291795883804095
4.83983983983984	0.007061311498723277	0.02762709915978235
4.84984984984985	0.007394217391118934	0.026185252740208862
4.85985985985986	0.007769308391953941	0.024845778243787166
4.86986986986987	0.008193447239449918	0.023600916676208505
4.87987987987988	0.008674998651460082	0.02244342855073957
4.88988988988989	0.009224238882783628	0.02136658803684923
4.8998998998999	0.009853901312226552	0.020364167720332962
4.90990990990991	0.010579911817089787	0.019430417098768187
4.91991991991992	0.01142239256228889	0.01856003716855142
4.92992992992993	0.012407050984954777	0.017748152853821076
4.93993993993994	0.013567130282219118	0.016990284555880773
4.94994994994995	0.014946192242653991	0.0162823197381988
4.95995995995996	0.016602156187565588	0.015620485184392133
4.96996996996997	0.018613269897820254	0.015001320356915943
4.97997997997998	0.021087111901567073	0.0144216521279597
4.98998998998999	0.024174448457820186	0.013878571038176643
5.0	0.028091023448404404	0.013369409155193608
