-5.0	-0.0024509925934563647	0.2505689997443283
-4.98998998998999	-0.002513201725664093	0.24356721104777854
-4.97997997997998	-0.002578986572698618	0.2260784884387959
-4.96996996996997	-0.0026485201894671274	0.20269518256447827
-4.95995995995996	-0.00272198791543653	0.17775126618386844
-4.94994994994995	-0.0027995883509252875	0.15410101179891844
-4.93993993993994	-0.002881534427251456	0.13311071547667452
-4.92992992992993	-0.0029680545806380553	0.11514964167630276
-4.91991991991992	-0.0030593940433074956	0.10006773360346143
-4.90990990990991	-0.0031558162627141526	0.08750639830778016
-4.8998998998999	-0.003257604465426874	0.07706243694149183
-4.88988988988989	-0.0033650633811069973	0.06836083956395571
-4.87987987987988	-0.0034785211462320434	0.061079907952609404
-4.86986986986987	-0.003598331408703944	0.05495437938068779
-4.85985985985986	-0.0037248756579169443	0.049769790328454015
-4.84984984984985	-0.0038585658077315006	0.04535429328171812
-4.83983983983984	-0.0039998470638225115	0.041570569446725304
-4.82982982982983	-0.0041492011119522755	0.038308791455191143
-4.81981981981982	-0.004307149668497747	0.03548084504622657
-4.80980980980981	-0.004474258439397876	0.03301572175011345
-4.7997997997998	-0.004651141543384011	0.030855899780365847
-4.78978978978979	-0.004838466461461073	0.028954520783915513
-4.77977977977978	-0.005036959584082821	0.027273192159952643
-4.76976976976977	-0.005247412440680439	0.025780274973689753
-4.75975975975976	-0.005470688707456899	0.02444954664133173
-4.74974974974975	-0.005707732105681912	0.023259152365944384
-4.73973973973974	-0.005959575322266637	0.022190779246156752
-4.72972972972973	-0.006227350102438381	0.021229002540370513
-4.71971971971972	-0.006512298696422358	0.02036076550528874
-4.70970970970971	-0.006815786866928254	0.019574963327637803
-4.6996996996997	-0.00713931870375444	0.01886210854565077
-4.68968968968969	-0.007484553537353228	0.018214060592689908
-4.67967967967968	-0.007853325291723143	0.017623806041634063
-4.66966966966967	-0.008247664687674006	0.0170852791556157
-4.65965965965966	-0.008669824776213059	0.016593214629653904
-4.64964964964965	-0.009122310385315545	0.01614302618471823
-4.63963963963964	-0.009607912167223428	0.015730706016280595
-4.62962962962963	-0.01012974608264105	0.015352741154224251
-4.61961961961962	-0.010691299321250472	0.015006043592595431
-4.60960960960961	-0.011296483874064822	0.014687891690327777
-4.5995995995996	-0.011949699228346093	0.014395880837168258
-4.58958958958959	-0.012655905983922681	0.014127881762662805
-4.57957957957958	-0.013420712585119876	0.013882005183936405
-4.56956956956957	-0.014250477870374235	0.013656571729541152
-4.55955955955956	-0.015152432768994755	0.013450086272453551
-4.54954954954955	-0.016134825272181873	0.013261215959440928
-4.53953953953954	-0.017207093814054473	0.013088771356878779
-4.52952952952953	-0.018380075480212966	0.012931690227998721
-4.51951951951952	-0.019666257104359566	0.012789023545803664
-4.50950950950951	-0.02108007942225877	0.012659923406105063
-4.4994994994995	-0.022638307167072314	0.012543632570064817
-4.48948948948949	-0.02436048151890568	0.012439475399653373
-4.47947947947948	-0.026269475903695175	0.012346849998012237
-4.46946946946947	-0.028392182124207434	0.01226522138843426
-4.45945945945946	-0.03076036166244053	0.012194115597281651
-4.44944944944945	-0.03341170730387153	0.0121331145267362
-4.43943943943944	-0.036391173829266016	0.012081851517676049
-4.42942942942943	-0.03975265440332764	0.012040007524946965
-4.41941941941942	-0.04356110280357361	0.012007307829758113
-4.40940940940941	-0.04789523234824442	0.011983519239876231
-4.3993993993994	-0.05285096206125336	0.011968447721422837
-4.38938938938939	-0.058545830822611035	0.011961936426984973
-4.37937937937938	-0.06512466142800939	0.011963864082747704
-4.36936936936937	-0.07276682574336918	0.011974143711174662
-4.35935935935936	-0.08169552849182478	0.011992721665758476
-4.34934934934935	-0.09218956128715255	0.012019576962807086
-4.33933933933934	-0.10459791116299307	0.012054720894171074
-4.32932932932933	-0.11935728669237101	0.012098196920689287
-4.31931931931932	-0.13701172866755446	0.012150080835956997
-4.3093093093093096	-0.15823135118150802	0.012210481203858623
-4.2992992992992995	-0.18382266295948693	0.012279540076131796
-4.2892892892892895	-0.2147136375410174	0.012357433993815066
-4.2792792792792795	-0.2518794394343959	0.01244437529078305
-4.2692692692692695	-0.29614659939865445	0.012540613713541237
-4.2592592592592595	-0.3477793139035191	0.01264643837780363
-4.2492492492492495	-0.40574533392662876	0.012762180094831758
-4.2392392392392395	-0.46668108338468367	0.012888214095121194
-4.2292292292292295	-0.5239879453525763	0.013024963192505902
-4.2192192192192195	-0.5681605348568058	0.013172901436654708
-4.2092092092092095	-0.5895483819314655	0.01333255830660108
-4.1991991991991995	-0.5829341939729444	0.013504523518867892
-4.1891891891891895	-0.5505384011991821	0.013689452519312117
-4.1791791791791795	-0.5005838364016947	0.013888072757224762
-4.1691691691691695	-0.4428916694494394	0.014101190848340871
-4.1591591591591595	-0.38524990137894566	0.014329700751776416
-4.1491491491491495	-0.33224644695797484	0.014574593111435996
-4.1391391391391394	-0.28580905754575164	0.014836965939436534
-4.129129129129129	-0.2462172089738894	0.015118036851753343
-4.119119119119119	-0.2129330171267634	0.015419157096877925
-4.109109109109109	-0.18511478087630573	0.01574182768220192
-4.099099099099099	-0.16188303745597066	0.016087717939914193
-4.089089089089089	-0.14243704775535274	0.016458686956797985
-4.079079079079079	-0.12609299083751474	0.016856808365870238
-4.069069069069069	-0.11228571860920306	0.017284399114738686
-4.059059059059059	-0.10055593724886856	0.01774405292879153
-4.049049049049049	-0.09053328383895516	0.018238679367925607
-4.039039039039039	-0.08191984836648022	0.018771549549601186
-4.029029029029029	-0.07447581733128486	0.01934634985877759
-4.019019019019019	-0.0680076101556278	0.019967245274947056
-4.009009009009009	-0.062358342174743134	0.02063895429634076
-3.998998998998999	-0.05740026826050662	0.021366837968311264
-3.988988988988989	-0.053028837752255004	0.022157006080384463
-3.978978978978979	-0.04915802894113156	0.023016444420424977
-3.968968968968969	-0.04571668663664788	0.02395316795050062
-3.958958958958959	-0.042645641107963185	0.02497640608282514
-3.948948948948949	-0.039895434292427666	0.026096827931632312
-3.938938938938939	-0.03742451807501091	0.027326817636972832
-3.928928928928929	-0.035197820256701345	0.028680812797987166
-3.918918918918919	-0.03318559777683224	0.03017572298418953
-3.908908908908909	-0.0313625151937742	0.031831450544921765
-3.898898898898899	-0.029706900556122916	0.03367154307353793
-3.888888888888889	-0.028200141595546107	0.03572401658374456
-3.878878878878879	-0.026826193439422264	0.03802240190735741
-3.868868868868869	-0.02557117537287469	0.040607085411945285
-3.858858858858859	-0.024423039046628015	0.04352704138852824
-3.848848848848849	-0.02337129427861073	0.04684209061667743
-3.838838838838839	-0.022406781500904256	0.05062587305207815
-3.828828828828829	-0.021521482160949908	0.05496980007401344
-3.818818818818819	-0.020708360144610846	0.059988365572873514
-3.808808808808809	-0.019961228669497608	0.06582636439110577
-3.798798798798799	-0.019274638185513473	0.07266882100983593
-3.7887887887887888	-0.0186437816742259	0.08075481845999291
-3.7787787787787788	-0.01806441442552773	0.09039701232054417
-3.7687687687687688	-0.017532785911054997	0.1020095367675906
-3.7587587587587588	-0.017045581813656695	0.11614844522580399
-3.7487487487487487	-0.01659987461977363	0.13357105549962045
-3.7387387387387387	-0.016193081468920033	0.15532396105090926
-3.7287287287287287	-0.015822928184255805	0.18287436865153517
-3.7187187187187187	-0.015487418596786295	0.21830552936317998
-3.7087087087087087	-0.0151848084316018	0.26460111388968566
-3.6986986986986987	-0.014913583152198866	0.32603153274598023
-3.6886886886886887	-0.014672439265156507	0.4085785024667503
-3.6786786786786787	-0.014460268679876664	0.5200408653420369
-3.6686686686686687	-0.01427614578802636	0.6685642148764747
-3.6586586586586587	-0.01411931700003059	0.8562683039585962
-3.6486486486486487	-0.013989192526094903	1.0630016365321995
-3.6386386386386387	-0.013885340243458623	1.2264492614154276
-3.6286286286286287	-0.013807481533807264	1.2622104885365093
-3.6186186186186187	-0.013755489020586863	1.1475203030131829
-3.6086086086086087	-0.013729386172606139	0.9501932844429063
-3.5985985985985987	-0.013729348780745247	0.7495291302611737
-3.5885885885885886	-0.013755708355180479	0.5830288794443119
-3.5785785785785786	-0.013808957533813414	0.45591003179856215
-3.5685685685685686	-0.013889757632857184	0.36148772352816
-3.5585585585585586	-0.013998948527232857	0.2914631365332353
-3.5485485485485486	-0.014137561099530198	0.23901641484238015
-3.5385385385385386	-0.014306832566000344	0.19916355533003147
-3.5285285285285286	-0.01450822506222888	0.16840006993914158
-3.5185185185185186	-0.014743447964198103	0.1442815152419371
-3.5085085085085086	-0.015014484532755563	0.12509373268741292
-3.4984984984984986	-0.015323623599235775	0.10962100013891486
-3.4884884884884886	-0.015673497179797543	0.09698911958807585
-3.4784784784784786	-0.016067125106172263	0.08656026029342241
-3.4684684684684686	-0.01650796801199997	0.0778622823588458
-3.4584584584584586	-0.016999990334387996	0.07054080693097926
-3.4484484484484486	-0.01754773538206956	0.06432632535620107
-3.4384384384384385	-0.018156415027545593	0.05901133228945238
-3.4284284284284285	-0.018832017220826457	0.05443421403115297
-3.4184184184184185	-0.01958143534059281	0.05046774573726169
-3.4084084084084085	-0.02041262445858312	0.04701077356208687
-3.3983983983983985	-0.021334790965552044	0.04398212597018491
-3.3883883883883885	-0.022358623797988843	0.04131610481686499
-3.3783783783783785	-0.02349657786594956	0.038959109479762936
-3.3683683683683685	-0.02476322340916461	0.036867083044808936
-3.3583583583583585	-0.02617567918235715	0.035003561439204134
-3.3483483483483485	-0.027754152987885344	0.033338169425395074
-3.3383383383383385	-0.029522620702488223	0.03184545103950692
-3.3283283283283285	-0.03150968538081607	0.030503952682064173
-3.3183183183183185	-0.033749672435704835	0.029295498744249814
-3.3083083083083085	-0.036284036999115976	0.028204615208487514
-3.2982982982982985	-0.03916318786736325	0.02721806785280956
-3.2882882882882885	-0.042448872688072084	0.026324489897002097
-3.2782782782782784	-0.04621732686925107	0.02551407994733051
-3.2682682682682684	-0.05056347266993647	0.024778355561579066
-3.2582582582582584	-0.05560657809823146	0.02410995111824726
-3.2482482482482484	-0.061497967796138336	0.02350245117579775
-3.2382382382382384	-0.06843165107456986	0.022950252454087952
-3.2282282282282284	-0.07665914358626155	0.022448448998728644
-3.2182182182182184	-0.0865103816102597	0.021992736256768446
-3.2082082082082084	-0.09842356856051361	0.021579330634106365
-3.1981981981981984	-0.11298819734278623	0.021204901813970785
-3.1881881881881884	-0.13100751610234604	0.02086651563533212
-3.1781781781781784	-0.15358937652358232	0.020561585752140905
-3.1681681681681684	-0.18227710873123867	0.020287832646722202
-3.1581581581581584	-0.21923188089581983	0.02004324881351713
-3.1481481481481484	-0.2674646160825805	0.019826069168297513
-3.1381381381381384	-0.3310568342210009	0.01963474589359702
-3.1281281281281283	-0.41511595124905043	0.019467927081622694
-3.118118118118118	-0.5246752704685338	0.019324438652636715
-3.108108108108108	-0.6606347497632424	0.019203269106196297
-3.098098098098098	-0.810093309200984	0.01910355677389999
-3.088088088088088	-0.9342158065475902	0.01902457926069676
-3.078078078078078	-0.9764855806984306	0.018965744874580834
-3.068068068068068	-0.9107508062565279	0.01892658583801859
-3.058058058058058	-0.7722362816295427	0.018906753160198436
-3.048048048048048	-0.6180694400378746	0.0189060130589249
-3.038038038038038	-0.4830195734591179	0.018924244875879456
-3.028028028028028	-0.37654989735097705	0.018961440436890353
-3.018018018018018	-0.29602338152653046	0.019017704873366372
-3.008008008008008	-0.2357359598718263	0.019093258927877933
-2.997997997997998	-0.19038872996791312	0.01918844280986612
-2.987987987987988	-0.15589069349351298	0.01930372170030405
-2.977977977977978	-0.12927945696039148	0.01943969305214375
-2.967967967967968	-0.10845367155328318	0.019597095872825137
-2.957957957957958	-0.09192533057207913	0.01977682222653764
-2.947947947947948	-0.07863328319166708	0.01997993125837018
-2.937937937937938	-0.0678123306127806	0.02020766611263408
-2.9279279279279278	-0.05890357999944925	0.02046147423478685
-2.9179179179179178	-0.0514933740050054	0.020743031584197713
-2.9079079079079078	-0.04527151767511584	0.02105427152266405
-2.8978978978978978	-0.04000245564252787	0.02139741922919333
-2.8878878878878878	-0.03550516610435023	0.021775032715957803
-2.8778778778778777	-0.031638967420093915	0.022190051830647303
-2.8678678678678677	-0.02829337595482951	0.02264585690342531
-2.8578578578578577	-0.025380771137348126	0.023146339160286772
-2.8478478478478477	-0.022831028476026013	0.023695985556793826
-2.8378378378378377	-0.02058754834775091	0.024299981401317453
-2.8278278278278277	-0.0186042860775831	0.024964335028761022
-2.8178178178178177	-0.01684350829886878	0.02569603003520904
-2.8078078078078077	-0.015274081719193077	0.02650321211216586
-2.7977977977977977	-0.013870156142862022	0.027395419671963968
-2.7877877877877877	-0.01261014228004902	0.028383870255022706
-2.7777777777777777	-0.011475911997929926	0.029481818546068187
-2.7677677677677677	-0.010452167905740436	0.03070500703130042
-2.7577577577577577	-0.009525942908647018	0.03207223750274615
-2.7477477477477477	-0.008686200328288525	0.03360610161300785
-2.7377377377377377	-0.00792351242086962	0.03533392273474744
-2.7277277277277276	-0.00722980046598952	0.037288981332661314
-2.7177177177177176	-0.0065981235554341084	0.03951212483291049
-2.7077077077077076	-0.006022506161959339	0.04205390486381518
-2.6976976976976976	-0.005497796809568521	0.04497744670577457
-2.6876876876876876	-0.00501955185624085	0.048362348530552914
-2.6776776776776776	-0.004583939691225911	0.052310049339577384
-2.6676676676676676	-0.004187661662933764	0.05695132272189152
-2.6576576576576576	-0.0038278868167607783	0.06245689684751432
-2.6476476476476476	-0.003502198145109763	0.06905274994780788
-2.6376376376376376	-0.0032085485229959767	0.07704252406334029
-2.6276276276276276	-0.0029452249041591397	0.08684097949895792
-2.6176176176176176	-0.0027108196489109707	0.09902490250029787
-2.6076076076076076	-0.0025042081304361215	0.1144121210505254
-2.5975975975975976	-0.0023245319758270844	0.13418654383295966
-2.5875875875875876	-0.0021711874944193546	0.16009939539076323
-2.5775775775775776	-0.0020438190087893725	0.19479635001366097
-2.5675675675675675	-0.001942316978680437	0.242345683786355
-2.5575575575575575	-0.0018668209520354318	0.3090486816243432
-2.5475475475475475	-0.0018177275537568595	0.4044643303350469
-2.5375375375375375	-0.001795703893165191	0.541703012423222
-2.5275275275275275	-0.001801706983558137	0.7325839726696898
-2.5175175175175175	-0.0018370100016977455	0.9649916340778318
-2.5075075075075075	-0.0019032365047954522	1.1563144192584514
-2.4974974974974975	-0.0020024040987033287	1.1714576016331584
-2.4874874874874875	-0.0021369795037240184	0.9965102465551019
-2.4774774774774775	-0.0023099475626043565	0.7617116508167664
-2.4674674674674675	-0.0025248975202482116	0.5625310489663518
-2.4574574574574575	-0.002786130935773924	0.41810071831000556
-2.4474474474474475	-0.0030987969665279436	0.3178004888279814
-2.4374374374374375	-0.0034690626299228146	0.24802826467363098
-2.4274274274274275	-0.003904328202946964	0.19860592898183077
-2.4174174174174174	-0.004413501430219433	0.16278853392554538
-2.4074074074074074	-0.005007349132915724	0.13622683465981178
-2.3973973973973974	-0.005698951747797318	0.1161026068043575
-2.3873873873873874	-0.006504296259856529	0.10055857400434673
-2.3773773773773774	-0.007443057390635547	0.08834481366758265
-2.3673673673673674	-0.008539638082827738	0.0786017113995895
-2.3573573573573574	-0.009824571960556049	0.07072556852295178
-2.3473473473473474	-0.01133643847957091	0.06428401077138049
-2.3373373373373374	-0.013124515800900963	0.05896170761149101
-2.3273273273273274	-0.015252513588440899	0.05452484116384165
-2.3173173173173174	-0.017803916788095675	0.05079739060392403
-2.3073073073073074	-0.02088978297096234	0.04764500603123329
-2.2972972972972974	-0.024660363274357076	0.04496384972402827
-2.2872872872872874	-0.029322835852811834	0.04267274772775682
-2.2772772772772774	-0.03516909300923617	0.04070758548987623
-2.2672672672672673	-0.042620600877541326	0.039017249392437975
-2.2572572572572573	-0.052303313134819014	0.03756064942099108
-2.2472472472472473	-0.06517769089724867	0.03630450875346213
-2.2372372372372373	-0.08277454364235302	0.035221704648554154
-2.2272272272272273	-0.10764499701003781	0.0342900106827423
-2.2172172172172173	-0.14426984355646877	0.03349113467343521
-2.2072072072072073	-0.20101816754535673	0.0328099769829836
-2.1971971971971973	-0.2946449488565049	0.03223405492198956
-2.1871871871871873	-0.46102829501237536	0.031753053784523255
-2.1771771771771773	-0.7780769134820018	0.03135847554697244
-2.1671671671671673	-1.3649542601283624	0.031043363826954922
-2.1571571571571573	-1.9733055484687854	0.030802089266340725
-2.1471471471471473	-1.6429882525362247	0.0306301835693185
-2.1371371371371373	-0.956633748519202	0.030524213533229518
-2.1271271271271273	-0.5462284053667058	0.03048168876670827
-2.1171171171171173	-0.3348021395086994	0.030500998731607127
-2.1071071071071072	-0.22000167147130364	0.030581376216415167
-2.0970970970970972	-0.1526590415759923	0.03072288585070072
-2.0870870870870872	-0.11034920933766813	0.03092643735699416
-2.0770770770770772	-0.08222886815115572	0.031193824708644336
-2.067067067067067	-0.06266701011740478	0.03152779354910576
-2.057057057057057	-0.048542064038394415	0.031932140986922014
-2.047047047047047	-0.03802354360746079	0.03241185369961322
-2.037037037037037	-0.029985612710233377	0.032973292886892554
-2.027027027027027	-0.02370719461790726	0.03362443782160822
-2.017017017017017	-0.01871018645256532	0.03437520426713854
-2.007007007007007	-0.014668005668295209	0.035237860170903294
-1.996996996996997	-0.011351743950357892	0.036227569634049155
-1.986986986986987	-0.008597313030895112	0.0373631084785881
-1.976976976976977	-0.006284760574524781	0.03866781250429212
-1.966966966966967	-0.004324882593534818	0.040170845572204066
-1.956956956956957	-0.0026503432932331273	0.04190891350063679
-1.946946946946947	-0.0012096550378692804	0.043928608642393244
-1.936936936936937	3.698235234886022e-5	0.04628966077262801
-1.926926926926927	0.0011206065672899378	0.049069512619258224
-1.916916916916917	0.00206557951589726	0.05236986723154253
-1.906906906906907	0.002891094309332467	0.05632622977001436
-1.896896896896897	0.003612273658193062	0.061122097057905396
-1.8868868868868869	0.004240974673373848	0.06701053635939071
-1.8768768768768769	0.004786378139403217	0.07434782561442975
-1.8668668668668669	0.005255415555071689	0.08364736217495043
-1.8568568568568569	0.005653070071092619	0.09566873373715123
-1.8468468468468469	0.005982575195748772	0.11156994237959976
-1.8368368368368369	0.006245525847165787	0.13317732820506073
-1.8268268268268268	0.006441908777149062	0.1634832404833081
-1.8168168168168168	0.0065700525110206085	0.20759921630676578
-1.8068068068068068	0.006626489885101627	0.2746332357800251
-1.7967967967967968	0.006605718002396917	0.38134470721434993
-1.7867867867867868	0.006499829763299286	0.5581358390792712
-1.7767767767767768	0.006297976229540962	0.849462403130609
-1.7667667667667668	0.005985597223789655	1.248959718408678
-1.7567567567567568	0.005543324195871353	1.4806420610170097
-1.7467467467467468	0.004945406866771336	1.2429100381676725
-1.7367367367367368	0.004157430197173026	0.8471661539665261
-1.7267267267267268	0.0031329468084246538	0.5604281593909436
-1.7167167167167168	0.0018084077294866468	0.3863356469889293
-1.7067067067067068	9.534570020563703e-5	0.2810975593750336
-1.6966966966966968	-0.0021320205339375596	0.2149607796720986
-1.6866866866866868	-0.005057092268418599	0.17149686256902422
-1.6766766766766767	-0.008955435294910224	0.1417504444648083
-1.6666666666666667	-0.014256204631348279	0.12068014403395264
-1.6566566566566567	-0.02165724288168616	0.10532670256963274
-1.6466466466466467	-0.03235477715261705	0.09388014110509077
-1.6366366366366367	-0.04853855528309325	0.08519130466149472
-1.6266266266266267	-0.07456721690214445	0.07850625281636978
-1.6166166166166167	-0.12012608320807665	0.07331614966584359
-1.6066066066066067	-0.21021640868020583	0.06926930194904715
-1.5965965965965967	-0.42444845845365853	0.06611790327135561
-1.5865865865865867	-1.0933621555711066	0.06368485560399159
-1.5765765765765767	-3.0504219459453954	0.061842600099500815
-1.5665665665665667	-1.7335867004463998	0.06049936873779843
-1.5565565565565564	-0.5761291375604507	0.059590179280583515
-1.5465465465465464	-0.2495390264242333	0.05907098341240539
-1.5365365365365364	-0.12793508191268366	0.05891502265249523
-1.5265265265265264	-0.07120382830917783	0.0591108506219211
-1.5165165165165164	-0.040482194493742664	0.059661757686373516
-1.5065065065065064	-0.02203394841343007	0.060586555329192215
-1.4964964964964964	-0.010083281086215043	0.06192189706054592
-1.4864864864864864	-0.0018767686402385846	0.06372658467405311
-1.4764764764764764	0.004027680072794075	0.06608871034705184
-1.4664664664664664	0.008442453731926026	0.06913714530355979
-1.4564564564564564	0.011852527586940442	0.07306004802367402
-1.4464464464464464	0.01456138716442263	0.07813521585009141
-1.4364364364364364	0.0167664745470076	0.0847812656269795
-1.4264264264264264	0.018600468368425053	0.09364705096892666
-1.4164164164164164	0.020154966111052337	0.10577458136317944
-1.4064064064064064	0.021494625707197273	0.12291044405181482
-1.3963963963963963	0.022665901029086055	0.1481332133185584
-1.3863863863863863	0.02370259279144183	0.18718528023993672
-1.3763763763763763	0.024629456231696132	0.25139898910147424
-1.3663663663663663	0.025464582456856757	0.3637802987811327
-1.3563563563563563	0.02622097822497042	0.5653306437472528
-1.3463463463463463	0.026907599676152066	0.863677974500982
-1.3363363363363363	0.027529992839781917	0.9823084974191988
-1.3263263263263263	0.02809062737704951	0.7127191779472871
-1.3163163163163163	0.028588962397088948	0.4356812857353803
-1.3063063063063063	0.02902124285894732	0.27751725983641706
-1.2962962962962963	0.029379982613461482	0.19285054609365612
-1.2862862862862863	0.029653034839870744	0.1452569594209773
-1.2762762762762763	0.029822066849678745	0.11679786114980727
-1.2662662662662663	0.029860116221036924	0.0988506789455098
-1.2562562562562563	0.02972765594746289	0.08705609784065176
-1.2462462462462462	0.029366128927521558	0.07907253846046979
-1.2362362362362362	0.02868699163062757	0.07357016748057267
-1.2262262262262262	0.02755239421775828	0.06975712082068923
-1.2162162162162162	0.025739401313103517	0.06714362402361312
-1.2062062062062062	0.022869637978977318	0.06541841683687337
-1.1961961961961962	0.01826032124119028	0.06438125455880857
-1.1861861861861862	0.010577963010852327	0.06390506015927942
-1.1761761761761762	-0.0030706804319267345	0.06391484040509529
-1.1661661661661662	-0.029954443834623014	0.06437707869303128
-1.1561561561561562	-0.09281677975046951	0.06529694421679169
-1.1461461461461462	-0.29454457574352444	0.06672324256732372
-1.1361361361361362	-1.6133095670979232	0.06876393337740469
-1.1261261261261262	-3.6616819760469745	0.07162010956356876
-1.1161161161161162	-0.4772634538630189	0.0756578224242043
-1.1061061061061062	-0.13595579202786104	0.08156748054780778
-1.0960960960960962	-0.04429379491510272	0.09075226683738702
-1.0860860860860861	-0.006995724245777607	0.1064123274242902
-1.0760760760760761	0.011969733997827772	0.1372227041339227
-1.0660660660660661	0.023070164266718162	0.21416679118068763
-1.0560560560560561	0.030230043311921317	0.52142029934266
-1.0460460460460461	0.03518044967748377	3.9097342161735313
-1.0360360360360361	0.03877214242355995	0.8430766143868871
-1.026026026026026	0.041451400305018975	0.2302605830546935
-1.016016016016016	0.043455040764528705	0.12882381278481295
-1.006006006006006	0.04489561296345379	0.09708419761629192
-0.995995995995996	0.045796313832903446	0.08406272654027554
-0.985985985985986	0.04609658113680489	0.078015138620698
-0.975975975975976	0.045632146297915156	0.07512711539567962
-0.965965965965966	0.044081286175505156	0.07387469441330652
-0.955955955955956	0.0408567169728771	0.07355793792687972
-0.9459459459459459	0.03492332163801743	0.0738215358109396
-0.9359359359359359	0.024663507779031254	0.07447113220608012
-0.9259259259259259	0.00890970336874534	0.0753942119397793
-0.9159159159159159	-0.006650804321409536	0.07652280823837256
-0.9059059059059059	-0.0031027461089824086	0.07781462477016926
-0.8958958958958959	0.0209042805730021	0.0792429217768358
-0.8858858858858859	0.043867864284222347	0.08079085841789135
-0.8758758758758759	0.05885495620910698	0.08244824607028925
-0.8658658658658659	0.06824225171287866	0.0842097041880951
-0.8558558558558559	0.07453871250435985	0.08607373301111777
-0.8458458458458459	0.07917089232865664	0.08804253520295179
-0.8358358358358359	0.08288208558025408	0.09012271011652272
-0.8258258258258259	0.08606242071560342	0.09232741798151199
-0.8158158158158159	0.08891902514523116	0.09468176233558431
-0.8058058058058059	0.09155514525015279	0.09723665145375218
-0.7957957957957958	0.09399947369760582	0.10010940519095987
-0.7857857857857858	0.09619411175511196	0.10363083688809377
-0.7757757757757757	0.09789886995281225	0.10910032309111733
-0.7657657657657657	0.09824335099133985	0.12657553605895988
-0.7557557557557557	0.09250488779967396	0.5967037101012177
-0.7457457457457457	-0.027601500226834184	0.12767775247510835
-0.7357357357357357	0.08541950377369123	0.11865879142958934
-0.7257257257257257	0.11505948824595987	0.11958403424263693
-0.7157157157157157	0.12069600353073008	0.12212547125959762
-0.7057057057057057	0.1246343770986351	0.12523091152705532
-0.6956956956956957	0.1283640480314519	0.1286491258450995
-0.6856856856856857	0.13215451325944935	0.13230148262429725
-0.6756756756756757	0.13608257966156617	0.1361616291597814
-0.6656656656656657	0.1401796943465791	0.14022298983301723
-0.6556556556556556	0.14446430759574586	0.144487892616776
-0.6456456456456456	0.14895098795648565	0.1489633675486138
-0.6356356356356356	0.15365346820439924	0.1536593594189662
-0.6256256256256256	0.15858581807878624	0.1585879270241789
-0.6156156156156156	0.16376297005272686	0.16376288845755704
-0.6056056056056056	0.16920100658852397	0.16919968729375182
-0.5955955955955956	0.17491735929366853	0.17491537880811137
-0.5855855855855856	0.18093098043720846	0.18092868880666244
-0.5755755755755756	0.18726251334744676	0.1872601220916835
-0.5655655655655656	0.19393447470344666	0.19393210957900867
-0.5555555555555556	0.20097145629654067	0.20096918959534815
-0.5455455455455456	0.20840035181037642	0.20839822237508324
-0.5355355355355356	0.216250613438906	0.21624863926195326
-0.5255255255255256	0.2245545433877417	0.2245527296154345
-0.5155155155155156	0.23334762596154038	0.23334596996130863
-0.5055055055055055	0.24266890657129783	0.24266740122237493
-0.4954954954954955	0.2525614254135103	0.25256006116335555
-0.4854854854854855	0.2630727147648679	0.26307148094246346
-0.4754754754754755	0.2742553706579805	0.2742542563156747
-0.46546546546546547	0.28616771189805174	0.2861667063041807
-0.45545545545545546	0.29887454168702426	0.2988736346166287
-0.44544544544544545	0.3124480306932386	0.31244721258976743
-0.43543543543543545	0.32696874392921405	0.3269680059808002
-0.42542542542542544	0.3425268388938346	0.34252617302747135
-0.41541541541541543	0.3592234682579938	0.35922286716337926
-0.40540540540540543	0.3771724280986276	0.3771718851522802
-0.3953953953953954	0.39650210185819823	0.3965016111021342
-0.38538538538538536	0.4173577623613505	0.41735731842676355
-0.37537537537537535	0.43990430916492745	0.4399039072360687
-0.36536536536536535	0.4643295380049861	0.4643291737610224
-0.35535535535535534	0.490848063783639	0.49084773335429416
-0.34534534534534533	0.5197060508754954	0.5197057507967681
-0.3353353353353353	0.5511869462886814	0.5511866734410314
-0.3253253253253253	0.5856184661430311	0.585618217732922
-0.3153153153153153	0.6233811588172564	0.6233809323454821
-0.3053053053053053	0.6649189647947731	0.6649187579906587
-0.2952952952952953	0.7107523235200729	0.7107521343598215
-0.2852852852852853	0.7614945544770403	0.7614943811113695
-0.2752752752752753	0.817872481548968	0.817872322321352
-0.2652652652652653	0.8807526052244451	0.8807524586323049
-0.2552552552552553	0.9511745957134069	0.9511744603649707
-0.24524524524524524	1.0303945447101661	1.0303944193428842
-0.23523523523523523	1.119941365687478	1.1199412491180063
-0.22522522522522523	1.2216911174992904	1.2216910086324164
-0.21521521521521522	1.3379660690474222	1.3379659668936594
-0.20520520520520522	1.471668385212907	1.471668288746071
-0.19519519519519518	1.6264629852079981	1.6264628934989651
-0.18518518518518517	1.8070313846613715	1.8070312967850202
-0.17517517517517517	2.019429851810136	2.0194297667831482
-0.16516516516516516	2.2716039067442027	2.271603823540012
-0.15515515515515516	2.574142316618315	2.5741422342192934
-0.14514514514514515	2.9414070142655415	2.94140693142391
-0.13513513513513514	3.3932694517567707	3.393269367038948
-0.12512512512512514	3.957856017495071	3.957855929167895
-0.11511511511511512	4.6760328643090965	4.676032770253554
-0.10510510510510511	5.609013804284915	5.609013701605157
-0.09509509509509509	6.851848488077626	6.851848372717385
-0.08508508508508508	8.558622373399205	8.558622239605503
-0.07507507507507508	10.992614431624236	10.992614270303012
-0.06506506506506507	14.634244115938449	14.634243912433387
-0.055055055055055056	20.437609849377804	20.437609577417742
-0.04504504504504504	30.52523597860174	30.52523558689986
-0.035035035035035036	50.443791662181084	50.44379103235269
-0.025025025025025027	98.79253334223706	98.79253213341251
-0.015015015015015015	273.6479464963294	273.64794318558774
-0.005005005005005005	2378.793245152406	2378.7932156663956
0.005005005005005005	2378.793245185095	2378.7932156623224
0.015015015015015015	273.64794649690845	273.647943183338
0.025025025025025027	98.7925333427754	98.79253213307929
0.035035035035035036	50.44379166185066	50.44379103208903
0.04504504504504504	30.52523597849605	30.525235586697477
0.055055055055055056	20.437609849310707	20.4376095775938
0.06506506506506507	14.634244115839874	14.634243912434357
0.07507507507507508	10.992614431495992	10.992614270283259
0.08508508508508508	8.558622373429724	8.558622239678531
0.09509509509509509	6.851848487982403	6.851848372693795
0.10510510510510511	5.609013804275238	5.60901370159631
0.11511511511511512	4.676032864269013	4.676032770300894
0.12512512512512514	3.957856017461393	3.9578559291548023
0.13513513513513514	3.393269451727722	3.393269367045233
0.14514514514514515	2.941407014235864	2.9414069314288382
0.15515515515515516	2.574142316592292	2.5741422342013642
0.16516516516516516	2.271603906693412	2.2716038235478124
0.17517517517517517	2.019429851779174	2.0194297667936154
0.18518518518518517	1.8070313846397552	1.8070312967816313
0.19519519519519518	1.62646298517477	1.6264628935096337
0.20520520520520522	1.4716683851677421	1.4716682887486756
0.21521521521521522	1.3379660690014066	1.3379659668797177
0.22522522522522523	1.2216911174514444	1.2216910086471493
0.23523523523523523	1.1199413656352926	1.1199412491140759
0.24524524524524524	1.0303945446639864	1.0303944193373424
0.2552552552552553	0.9511745956608281	0.9511744603731088
0.2652652652652653	0.8807526051561385	0.8807524586276266
0.2752752752752753	0.8178724814740115	0.8178723223214827
0.2852852852852853	0.7614945543824447	0.7614943811022936
0.2952952952952953	0.7107523234288803	0.7107521343634593
0.3053053053053053	0.6649189646806369	0.6649187580077021
0.3153153153153153	0.6233811586853002	0.6233809323422623
0.3253253253253253	0.5856184659872665	0.5856182177320582
0.3353353353353353	0.5511869461142466	0.5511866734428482
0.34534534534534533	0.5197060506756653	0.5197057507957913
0.35535535535535534	0.49084806354695776	0.4908477333533293
0.36536536536536535	0.46432953772029284	0.4643291737704474
0.37537537537537535	0.43990430883497766	0.4399039072427359
0.38538538538538536	0.41735776197733243	0.41735731842944584
0.3953953953953954	0.3965021013939863	0.3965016111049254
0.40540540540540543	0.37717242754002017	0.3771718851596887
0.41541541541541543	0.3592234675846339	0.3592228671672917
0.42542542542542544	0.3425268380742223	0.342526173036094
0.43543543543543545	0.3269687429344828	0.3269680059915227
0.44544544544544545	0.312448029467745	0.31244721260158287
0.45545545545545546	0.2988745401756205	0.2988736346311496
0.46546546546546547	0.2861677100263913	0.28616670632135127
0.4754754754754755	0.27425536832076425	0.2742542563437415
0.4854854854854855	0.2630727118193058	0.26307148096320826
0.4954954954954955	0.25256142169224144	0.2525600611924746
0.5055055055055055	0.24266890183091175	0.24266740126415054
0.5155155155155156	0.23334761987882932	0.23334597001178478
0.5255255255255256	0.22455453553036378	0.22455272967233272
0.5355355355355356	0.21625060319791448	0.21624863933406996
0.5455455455455456	0.20840033835780664	0.20839822246731735
0.5555555555555556	0.2009714384551336	0.20096918971400393
0.5655655655655656	0.19393445081496347	0.19393210973457078
0.5755755755755756	0.18726248103122728	0.1872601222927102
0.5855855855855856	0.18093093621088338	0.1809286890689665
0.5955955955955956	0.17491729801190686	0.1749153791430884
0.6056056056056056	0.16920092049443847	0.16919968774277186
0.6156156156156156	0.16376284721139903	0.16376288906094685
0.6256256256256256	0.15858563972941736	0.15858792783925144
0.6356356356356356	0.1536532040474453	0.15365936055651092
0.6456456456456456	0.14895058752966156	0.14896336913621
0.6556556556556556	0.14446368374208468	0.14448789488939748
0.6656656656656657	0.1401786895886646	0.14022299318741016
0.6756756756756757	0.1360808931119615	0.13616163421238112
0.6856856856856857	0.13215152694306034	0.13230149052404186
0.6956956956956957	0.1283583625329315	0.1286491388011119
0.7057057057057057	0.12462234816674797	0.125230934148853
0.7157157157157157	0.12066582004213937	0.12212551455292285
0.7257257257257257	0.11495414701140307	0.11958412978515698
0.7357357357357357	0.08448944254515835	0.1186590654181891
0.7457457457457457	-0.027744404445481215	0.12767922506945648
0.7557557557557557	0.0922433816542616	0.5966798651990903
0.7657657657657657	0.09810992366746632	0.1265761459024681
0.7757757757757757	0.09780407585223755	0.10910067452132399
0.7857857857857858	0.09611345558327575	0.10363105717689099
0.7957957957957958	0.09392234485198223	0.10010956776137418
0.8058058058058059	0.091474781860905	0.09723678507303103
0.8158158158158159	0.08882927836728305	0.09468188068515962
0.8258258258258259	0.08595594679254476	0.09232752877676398
0.8358358358358359	0.08274849986443064	0.09012281842206869
0.8458458458458459	0.07899403782371046	0.08804264488310999
0.8558558558558559	0.07429216479382161	0.08607384746583988
0.8658658658658659	0.06788280402320757	0.08420982681083723
0.8758758758758759	0.058321006781492234	0.08244838063416032
0.8858858858858859	0.0431340259149873	0.08079100942087544
0.8958958958958959	0.020295784853277442	0.07924309490802216
0.9059059059059059	-0.0024887548856036457	0.0778148275302478
0.9159159159159159	-0.004781949962933709	0.07652305086380717
0.9259259259259259	0.010500993904432116	0.07539450885531072
0.9359359359359359	0.025593439688448592	0.07447150436844946
0.9459459459459459	0.03542258063491237	0.0738220147807249
0.955955955955956	0.04112155747712183	0.07355857309165117
0.965965965965966	0.044217304981437944	0.07387556679806881
0.975975975975976	0.04569256790437729	0.07512836582951465
0.985985985985986	0.04610836023845642	0.07801703065192732
0.995995995995996	0.04577297885203964	0.08406580460833551
1.006006006006006	0.044843240137386796	0.09708975418415504
1.016016016016016	0.04337490865678038	0.12883563501758782
1.026026026026026	0.0413408844647365	0.2302945197160297
1.0360360360360361	0.03862438472462373	0.8432643115631383
1.0460460460460461	0.03498267757932633	3.9087777843023495
1.0560560560560561	0.029959619329691854	0.5214243557912223
1.0660660660660661	0.022685733609896314	0.21417964371548512
1.0760760760760761	0.011389902825636594	0.13723200077172829
1.0860860860860861	-0.00795104381079727	0.10641931852450202
1.0960960960960962	-0.046100197985060015	0.09075788941708851
1.1061061061061062	-0.14028205801779342	0.08157226676744495
1.1161161161161162	-0.493930685535203	0.07566208872397608
1.1261261261261262	-3.800878196917481	0.07162405969040671
1.1361361361361362	-1.5643252193593333	0.06876771047599094
1.1461461461461462	-0.2920294746881034	0.06672695712396008
1.1561561561561562	-0.09286008304860446	0.06530069044881216
1.1661661661661662	-0.03026770474989341	0.0643809454775831
1.1761761761761762	-0.0033829308122472527	0.0639189198987961
1.1861861861861862	0.010303886558169134	0.06390945602859557
1.1961961961961962	0.01802342745238626	0.06438609149572987
1.2062062062062062	0.022663003706452797	0.06542385302547042
1.2162162162162162	0.02555635260957077	0.067149869104202
1.2262262262262262	0.027387519778520202	0.06976446341573685
1.2362362362362362	0.02853606593935148	0.07357901946625948
1.2462462462462462	0.029225851271478656	0.07908350905846487
1.2562562562562563	0.029595407980787605	0.0870701230955001
1.2662662662662663	0.0297337721718808	0.09886925763765869
1.2762762762762763	0.02969985113905445	0.11682350207130308
1.2862862862862863	0.029533415277845608	0.14529405338095816
1.2962962962962963	0.02926158846437647	0.19290702378820318
1.3063063063063063	0.02890279946210305	0.27760695560244164
1.3163163163163163	0.028469236035887663	0.4358198917638812
1.3263263263263263	0.02796837546950774	0.7128598812698335
1.3363363363363363	0.027403915295661996	0.9821898221295217
1.3463463463463463	0.026776287529357703	0.8633704859318954
1.3563563563563563	0.026082855385577124	0.5651500947071247
1.3663663663663663	0.025317835649289255	0.36370251927370395
1.3763763763763763	0.024471946685162928	0.25136684563026024
1.3863863863863863	0.023531740727173376	0.187172583254242
1.3963963963963963	0.022478529950457626	0.14812925124200196
1.4064064064064064	0.02128674691147284	0.12291064794230777
1.4164164164164164	0.01992147306353943	0.10577687387172974
1.4264264264264264	0.018334692457562394	0.09365043251166028
1.4364364364364364	0.016459522423816396	0.08478523484219905
1.4464464464464464	0.014201124025058262	0.07813951573700215
1.4564564564564564	0.011421967221379625	0.07306454787901008
1.4664664664664664	0.007917115756418314	0.0691417828492364
1.4764764764764764	0.003371067024771201	0.06609346224168158
1.4864864864864864	-0.0027213011785195387	0.06373145097158094
1.4964964964964964	-0.0112080200295127	0.06192689301891159
1.5065065065065064	-0.023598538518770692	0.06059170720236794
1.5165165165165164	-0.042784541982660455	0.059667100821819564
1.5265265265265264	-0.07485735265104762	0.05911642905559305
1.5365365365365364	-0.13438056573529564	0.05892088976421894
1.5465465465465464	-0.2628241117344669	0.05907720351693713
1.5565565565565564	-0.6104332034769705	0.05959683016000436
1.5665665665665667	-1.8273581311329399	0.06050654534642569
1.5765765765765767	-2.913960341519314	0.06185041973675952
1.5865865865865867	-1.043410045132256	0.0636934651984114
1.5965965965965967	-0.41430196745863196	0.06612748967553843
1.6066066066066067	-0.20779395141911178	0.06928010670101854
1.6166166166166167	-0.11967949573881888	0.07332849058474317
1.6266266266266267	-0.07472607946041805	0.07852055623651392
1.6366366366366367	-0.04889415377807504	0.08520815470910909
1.6466466466466467	-0.032767042673570175	0.09390035707100106
1.6566566566566567	-0.022074669166375748	0.1053514638439575
1.6666666666666667	-0.014659921326259222	0.1207111981847316
1.6766766766766767	-0.009339472120688466	0.1417904647348849
1.6866866866866868	-0.005420746736006887	0.17155008018617843
1.6966966966966968	-0.002476713078651585	0.2150341217916705
1.7067067067067068	-0.0002325818053888974	0.28120265503114805
1.7167167167167168	0.001494854645805067	0.386491815831453
1.7267267267267268	0.002831428565292169	0.5606629031210446
1.7367367367367368	0.00386574972259753	0.8474869254601839
1.7467467467467468	0.004661531045125481	1.2431566373950458
1.7567567567567568	0.005265373839061995	1.480422050848631
1.7667667667667668	0.005711823614883314	1.2484590999566174
1.7767767767767768	0.006026732596588137	0.8491063766617051
1.7867867867867868	0.00622954136886798	0.5579449459216119
1.7967967967967968	0.006334852217086802	0.3812461079015814
1.8068068068068068	0.006353526463476209	0.2745810823243942
1.8168168168168168	0.006293453675290402	0.2075708458518669
1.8268268268268268	0.006160088375343517	0.16346759728128044
1.8368368368368369	0.005956816601254372	0.13316881162463315
1.8468468468468469	0.005685192829785059	0.11156557799849638
1.8568568568568569	0.005345072847426371	0.09566686899045142
1.8668668668668669	0.004934657398370923	0.0836470416413399
1.8768768768768769	0.004450453056657978	0.07434847785427004
1.8868868868868869	0.003887149507002951	0.06701180976860115
1.896896896896897	0.003237405306318147	0.06112377025270768
1.906906906906907	0.0024915262258148425	0.05632816081398046
1.916916916916917	0.001637010471760761	0.05237196395291378
1.926926926926927	0.0006579219882878166	0.04907171469290298
1.936936936936937	-0.0004659652913008647	0.046291928684130026
1.946946946946947	-0.001760336005968859	0.043930916717911966
1.956956956956957	-0.0032579382068306712	0.04191124539057674
1.966966966966967	-0.0050008085482788536	0.04017319132882964
1.976976976976977	-0.00704339637986793	0.038670166626041724
1.986986986986987	-0.009457015911550539	0.03736546858994568
1.996996996996997	-0.01233630131814012	0.03622993559995879
2.007007007007007	-0.015808750596765054	0.03524023349182115
2.017017017017017	-0.020049150357301985	0.034377587671813974
2.027027027027027	-0.02530192497999583	0.03362683498719323
2.037037037037037	-0.03191674512058083	0.03297570826289852
2.047047047047047	-0.04040708584511975	0.03241429238390593
2.057057057057057	-0.051550051258043794	0.03193460866810086
2.067067067067067	-0.06656367348008826	0.03153029648900204
2.0770770770770772	-0.08743693362055985	0.03119636973415204
2.0870870870870872	-0.11757775694284552	0.030929031905479278
2.0970970970970972	-0.1631636620874242	0.030725538013534864
2.1071071071071072	-0.23613952851988337	0.030584094823263783
2.1171171171171173	-0.3612238486817491	0.030503793442072515
2.1271271271271273	-0.5919349124316454	0.030484570201395812
2.1371371371371373	-1.032162890872221	0.030527193412745367
2.1471471471471473	-1.7041581806649233	0.030633274904382397
2.1571571571571573	-1.8840998472883657	0.030805306565570238
2.1671671671671673	-1.2585096544712686	0.031046723364744042
2.1771771771771773	-0.7257841320502744	0.031361995670853515
2.1871871871871873	-0.4376113526165178	0.031756755298407796
2.1971971971971973	-0.2835985490714782	0.032237961548133895
2.2072072072072073	-0.19549838784231316	0.032814115930830515
2.2172172172172173	-0.14141466469920141	0.03349553732951114
2.2272272272272273	-0.10616696200819836	0.03429471347277947
2.2372372372372373	-0.08204942253428335	0.03522675012019881
2.2472472472472473	-0.06488249311196526	0.03630994692371186
2.2572572572572573	-0.05226165373043918	0.03756653949257945
2.2672672672672673	-0.042731816563503076	0.039023661946988975
2.2772772772772774	-0.03537365109441759	0.04071460532056605
2.2872872872872874	-0.02958451539441429	0.042680477520606594
2.2972972972972974	-0.02495663903756769	0.044972414925451364
2.3073073073073074	-0.021206424293235483	0.04765456131108365
2.3173173173173174	-0.01813184738668079	0.05080812858072911
2.3273273273273274	-0.015585930588460343	0.054537004310138706
2.3373373373373374	-0.013459733545865934	0.058975604736564095
2.3473473473473474	-0.011671161755309904	0.06430004016872795
2.3573573573573574	-0.010157430233088823	0.07074425099620414
2.3673673673673674	-0.008869882026324119	0.07862373813124174
2.3773773773773774	-0.00777035837457381	0.08837111680637304
2.3873873873873874	-0.006828612344833719	0.1005904324553864
2.3973973973973974	-0.0060204373376197395	0.11614180728403785
2.4074074074074074	-0.005326293703717627	0.13627591973533326
2.4174174174174174	-0.0047302878838841565	0.1628511852190082
2.4274274274274275	-0.00421940462080641	0.19868754883679365
2.4374374374374375	-0.0037829232878739084	0.24813679791967858
2.4474474474474475	-0.003411969821924998	0.31794731396406806
2.4574574574574575	-0.0030991696845944147	0.418300452115502
2.4674674674674675	-0.0028383769298246805	0.562795504960447
2.4774774774774775	-0.0026244611870409047	0.7620238513116628
2.4874874874874875	-0.002453139165532768	0.9967629176641446
2.4974974974974975	-0.0023208407173140517	1.1714427896388306
2.5075075075075075	-0.002224601989181834	1.1559751324373377
2.5175175175175175	-0.002161980018400757	0.9645527347657541
2.5275275275275275	-0.0021309844879114767	0.7322291695378373
2.5375375375375375	-0.002130023363954094	0.5414619785509281
2.5475475475475475	-0.0021578599141258373	0.4043087227368466
2.5575575575575575	-0.0022135791908748344	0.3089483756678679
2.5675675675675675	-0.002296562523384557	0.2422799755815304
2.5775775775775776	-0.002406468924835713	0.19475241203935412
2.5875875875875876	-0.0025432226119863448	0.16006943103946725
2.5975975975975976	-0.002707006078378214	0.13416576583552778
2.6076076076076076	-0.0028982583661346256	0.11439752847006619
2.6176176176176176	-0.003117678371517719	0.0990145689057973
2.6276276276276276	-0.003366233176162701	0.08683363850735241
2.6376376376376376	-0.003645171583245138	0.07703732427551847
2.6476476476476476	-0.003956043190066589	0.06904910698729624
2.6576576576576576	-0.004300723523291394	0.062454402000021
2.6676676676676676	-0.004681445971408508	0.056949685233945474
2.6776776776776776	-0.005100841482331351	0.0523090591863397
2.6876876876876876	-0.005561987289283999	0.04836185190804909
2.6976976976976976	-0.006068466268552737	0.04497732959136427
2.7077077077077076	-0.006624438974732368	0.042054081800099376
2.7177177177177176	-0.007234730929232199	0.039512531139251954
2.7277277277277276	-0.007904938431697647	0.037289567640463234
2.7377377377377377	-0.008641557038049214	0.03533465107673722
2.7477477477477477	-0.009452137973790449	0.033606942604749314
2.7577577577577577	-0.010345479228516672	0.032073168280744274
2.7677677677677677	-0.01133185998960644	0.030706009732628253
2.7777777777777777	-0.012423329618034655	0.02948287917005198
2.7877877877877877	-0.013634065729119538	0.028384977812712067
2.7977977977977977	-0.014980820470917306	0.02739656553421146
2.8078078078078077	-0.016483480181264845	0.026504389516847877
2.8178178178178177	-0.018165771932647696	0.02569723370370937
2.8278278278278277	-0.020056161879160296	0.024965560871337725
2.8378378378378377	-0.022189006184878603	0.024301226284633378
2.8478478478478477	-0.024606037473425428	0.023697247127486703
2.8578578578578577	-0.02735830110712246	0.023147615694695006
2.8678678678678677	-0.03050870035895746	0.022647147204009833
2.8778778778778777	-0.034135374118819804	0.02219135513258748
2.8878878878878878	-0.038336224852147716	0.021776348616001712
2.8978978978978978	-0.04323505301296044	0.021398747632031454
2.9079079079079078	-0.04898995982921313	0.02105561259411722
2.9179179179179178	-0.0558049885572377	0.020744385717686886
2.9279279279279278	-0.06394643863459896	0.020462842027735056
2.937937937937938	-0.07376598812808284	0.020209048338578547
2.947947947947948	-0.08573381179743449	0.019981328853047403
2.957957957957958	-0.10048642873897898	0.019778236280410564
2.967967967967968	-0.1188961720935795	0.019598527617852933
2.977977977977978	-0.14217180515930603	0.019441143859880196
2.987987987987988	-0.17200174567735077	0.01930519307696025
2.997997997997998	-0.21074801329948814	0.019189936401476686
3.008008008008008	-0.2616754198472554	0.019094776518194936
3.018018018018018	-0.32911286396424727	0.019019248390280654
3.028028028028028	-0.418179413625826	0.018963011959571188
3.038038038038038	-0.533053860742637	0.01892584664439046
3.048048048048048	-0.6717004251550559	0.01890764748089101
3.058058058058058	-0.8154813305532247	0.018908422828473114
3.068068068068068	-0.9212972457864976	0.018928293547198584
3.078078078078078	-0.9403939593082193	0.018967493632423817
3.088088088088088	-0.8639266129341271	0.019026372314718147
3.098098098098098	-0.7324287399451759	0.019105397630627498
3.108108108108108	-0.5936515542883112	0.01920516156109351
3.118118118118118	-0.4733120044811884	0.01932638682055484
3.1281281281281283	-0.3776456771253845	0.01946993542840885
3.1381381381381384	-0.3041381878210651	0.019636819277707832
3.1481481481481484	-0.24810207782328603	0.019828212890015854
3.1581581581581584	-0.20518488047712807	0.020045468660719806
3.1681681681681684	-0.17197249638405615	0.020290134957957093
3.1781781781781784	-0.14594426310904152	0.020563977483998554
3.1881881881881884	-0.12527703698789708	0.020869004441099844
3.1981981981981984	-0.10865584322417819	0.02120749613510852
3.2082082082082084	-0.09512683133803164	0.021582039803693304
3.2182182182182184	-0.08399134563993188	0.021995570622680354
3.2282282282282284	-0.07473172924666684	0.02245142006510889
3.2382382382382384	-0.0669597633507911	0.02295337304736929
3.2482482482482484	-0.06038076775465961	0.02350573563935512
3.2582582582582584	-0.054768432676896094	0.024113415542261596
3.2682682682682684	-0.049947006883474	0.024782018053374523
3.2782782782782784	-0.04577855740101703	0.02551796095124698
3.2882882882882885	-0.04215375537422312	0.02632861258333798
3.2982982982982985	-0.03898513788778878	0.027222458574900535
3.3083083083083085	-0.03620212666834882	0.028209304055584444
3.3183183183183185	-0.03374730679037709	0.029300520216590367
3.3283283283283285	-0.03157361862208827	0.03050934650555033
3.3383383383383385	-0.02964221852655572	0.03185126316644844
3.3483483483483485	-0.02792083418314861	0.03334445326626263
3.3583583583583585	-0.026382489243309784	0.035010379392982856
3.3683683683683685	-0.02500450630157764	0.03687450840591222
3.3783783783783785	-0.02376772142713282	0.038967228835564305
3.3883883883883885	-0.022655860855421768	0.041325021090528304
3.3983983983983985	-0.02165504296107573	0.0439919623009233
3.4084084084084085	-0.020753377752444374	0.047021678305517386
3.4184184184184185	-0.019940642827678504	0.05047989897116544
3.4284284284284285	-0.019208019692154334	0.054447836083579094
3.4384384384384385	-0.01854787804154188	0.05902669505005302
3.4484484484484486	-0.0179535984025159	0.06434376743207236
3.4584584584584586	-0.01741942563158478	0.07056075417177878
3.4684684684684686	-0.01694034738898633	0.0778852759863205
3.4784784784784786	-0.01651199293737414	0.08658699590345764
3.4884884884884886	-0.01613054857887363	0.09702050185475189
3.4984984984984986	-0.015792686782887103	0.10965822042341007
3.5085085085085086	-0.015495506649790238	0.12513838018775308
3.5185185185185186	-0.015236483803865502	0.14433573724931498
3.5285285285285286	-0.015013428186282925	0.16846680290654809
3.5385385385385386	-0.014824448499372315	0.1992468537841746
3.5485485485485486	-0.014667922293978411	0.23912190039986173
3.5585585585585586	-0.014542470873937133	0.2915985431055542
3.5685685685685686	-0.014446938352446292	0.36166332908157994
3.5785785785785786	-0.014380374311820017	0.4561381630646919
3.5885885885885886	-0.01434201963153558	0.583319992876206
3.5985985985985987	-0.014331295128785958	0.749878418330479
3.6086086086086087	-0.014347792731707986	0.9505497472111709
3.6186186186186187	-0.014391268972302836	1.1477532007989995
3.6286286286286287	-0.014461640633911341	1.262161203490879
3.6386386386386387	-0.014558982445154668	1.2261069912599305
3.6486486486486487	-0.014683526750977092	1.062535992010217
3.6586586586586587	-0.014835665139132963	0.8558402685359415
3.6686686686686687	-0.015015952039574664	0.6682325561492238
3.6786786786786787	-0.015225110354983333	0.5198012196947273
3.6886886886886887	-0.01546403922560124	0.40840894743852696
3.6986986986986987	-0.01573382407938234	0.32591138213877585
3.7087087087087087	-0.01603574916233326	0.26451500878427975
3.7187187187187187	-0.016371312808361453	0.2182429048326853
3.7287287287287287	-0.016742245767938577	0.18282811663788073
3.7387387387387387	-0.01715053299033909	0.15528929811576656
3.7487487487487487	-0.01759843934221203	0.1335447299792713
3.7587587587587588	-0.018088539852086357	0.11612821496765403
3.7687687687687688	-0.018623755190761208	0.10199383119802606
3.7787787787787788	-0.01920739325298908	0.09038471369479163
3.7887887887887888	-0.019843197885076817	0.08074511900105275
3.798798798798799	-0.020535406029907284	0.07266112841154247
3.808808808808809	-0.021288814831517698	0.06582023840959977
3.818818818818819	-0.0221088605825658	0.059983474838444586
3.828828828828829	-0.02300171181442666	0.05496589224037326
3.838838838838839	-0.023974379350902183	0.05062275387646091
3.848848848848849	-0.02503484680072433	0.0468396090834077
3.858858858858859	-0.026192225774533978	0.04352507901432418
3.868868868868869	-0.0274569411515022	0.040605548446252276
3.878878878878879	-0.028840953015207376	0.03802121558752697
3.888888888888889	-0.030358023543818995	0.03572312086224269
3.898898898898899	-0.032024039250612056	0.0336708893961595
3.908908908908909	-0.03385740168538768	0.031830999413051904
3.918918918918919	-0.03587950319189961	0.03017544207938288
3.928928928928929	-0.038115308814904846	0.028680675542179936
3.938938938938939	-0.04059407127438655	0.027326802065604217
3.948948948948949	-0.043350213466812365	0.026096915813936982
3.958958958958959	-0.04642442274556127	0.02497658222576497
3.968968968968969	-0.049865013930829205	0.023953419648108248
3.978978978978979	-0.05372963440264398	0.02301676100894514
3.988988988988989	-0.058087405699431556	0.022157378586382195
3.998998998998999	-0.06302162273034398	0.02136725882028189
4.009009009009009	-0.06863316479892871	0.020639417093403077
4.019019019019019	-0.07504481200868052	0.0199677445946691
4.029029029029029	-0.0824067040057127	0.019346881103222427
4.039039039039039	-0.09090321801653392	0.018772108814791865
4.049049049049049	-0.10076156141276926	0.01823926334096475
4.059059059059059	-0.11226232938739517	0.017744658796531344
4.069069069069069	-0.1257520831732897	0.0172850244927118
4.079079079079079	-0.14165747975169032	0.016857451237093268
4.089089089089089	-0.1604992764444145	0.016459345617717967
4.099099099099099	-0.18290197214067944	0.016088390961382513
4.109109109109109	-0.20958973447746265	0.015742513870663256
4.119119119119119	-0.2413496989754702	0.015419855464349477
4.129129129129129	-0.2789274360195994	0.015118746590414772
4.1391391391391394	-0.3227961104455313	0.014837686398892793
4.1491491491491495	-0.3727206415087274	0.014575323781297285
4.1591591591591595	-0.42706067923049573	0.01433044124492748
4.1691691691691695	-0.48191351368870256	0.01410194088895094
4.1791791791791795	-0.5305919142298351	0.013888832168273845
4.1891891891891895	-0.5644089177203792	0.013690221213646771
4.1991991991991995	-0.5755061156470426	0.013505301492572895
4.2092092092092095	-0.5606902410488881	0.013333345630256198
4.2192192192192195	-0.5233281335925744	0.013173698250900352
4.2292292292292295	-0.4714866742017482	0.013025769704398085
4.2392392392392395	-0.41404333435825347	0.012889030573686823
4.2492492492492495	-0.3577795318967153	0.012763006868902709
4.2592592592592595	-0.3065776937795838	0.012647275834173095
4.2692692692692695	-0.2619815341047642	0.012541462294723334
4.2792792792792795	-0.2241021416671076	0.012445235496681547
4.2892892892892895	-0.19234816581292538	0.012358306378101659
4.2992992992992995	-0.1658763256141398	0.012280425250650038
4.3093093093093096	-0.14382501933913375	0.012211379836698644
4.31931931931932	-0.12541614796087677	0.012150993654282327
4.32932932932933	-0.1099874856260658	0.01209912471317679
4.33933933933934	-0.09699257629667622	0.012055664513869226
4.34934934934935	-0.08598767542407956	0.012020537328737082
4.35935935935936	-0.07661516002386952	0.011993699768598591
4.36936936936937	-0.06858752458189135	0.01197514061677263
4.37937937937938	-0.0616734769312288	0.01196488093826546
4.38938938938939	-0.05568645632565828	0.01196297446576756
4.3993993993994	-0.050475402380746034	0.011969508269668626
4.40940940940941	-0.04591743858020142	0.011984603725165572
4.41941941941942	-0.04191211380666958	0.012008417789300577
4.42942942942943	-0.03837688196050654	0.012041144614676962
4.43943943943944	-0.03524355286348363	0.012083017523959754
4.44944944944945	-0.03245550028111639	0.012134311377566608
4.45945945945946	-0.02996545867270318	0.012195345377076025
4.46946946946947	-0.027733777781405386	0.012266486352991273
4.47947947947948	-0.025727033914772584	0.012348152592664889
4.48948948948949	-0.02391691990174819	0.012440818278183564
4.4994994994995	-0.02227935357508335	0.012545018617495197
4.50950950950951	-0.020793758299921267	0.012661355764243442
4.51951951951952	-0.019442479553593114	0.012790505642399532
4.52952952952953	-0.01821030957613406	0.012933225808945455
4.53953953953954	-0.017084098265354074	0.013090364523071527
4.54954954954955	-0.01605243321583611	0.013262871211083908
4.55955955955956	-0.015105375444195168	0.013451808556321108
4.56956956956957	-0.014234240170237666	0.013658366496589714
4.57957957957958	-0.013431414211808268	0.013883878453345848
4.58958958958959	-0.01269020326283713	0.014129840197590006
4.5995995995996	-0.012004703666650558	0.014397931829947096
4.60960960960961	-0.011369694348757156	0.014690043464802167
4.61961961961962	-0.010780545408333304	0.015008305320846689
4.62962962962963	-0.010233140528808676	0.015355123096184696
4.63963963963964	-0.009723810895293047	0.01573321967806863
4.64964964964965	-0.009249278728200484	0.016145684511706383
4.65965965965966	-0.008806608880758664	0.016596032232053217
4.66966966966967	-0.008393167224624314	0.017088272575406616
4.67967967967968	-0.008006584763738962	0.017626994072293553
4.68968968968969	-0.007644726602451814	0.018217464662349227
4.6996996996997	-0.00730566503653881	0.018865753178749934
4.70970970970971	-0.006987656158176398	0.019578876699418588
4.71971971971972	-0.006689119463546737	0.02036498012073089
4.72972972972973	-0.0064086200349809715	0.021233556057628288
4.73973973973974	-0.006144852933677341	0.02219571549023689
4.74974974974975	-0.005896629498918577	0.023264522575638977
4.75975975975976	-0.005662865293055994	0.024455411015660972
4.76976976976977	-0.005442569471822244	0.025786704596818453
4.77977977977978	-0.005234835391817543	0.027280271410229113
4.78978978978979	-0.005038832295305012	0.02896235036434774
4.7997997997998	-0.004853797932673677	0.03086460054416534
4.80980980980981	-0.004679032005833627	0.03302543955293038
4.81981981981982	-0.00451389032957856	0.03549175691227318
4.82982982982983	-0.004357779624039868	0.03832111342326813
4.83983983983984	-0.004210152860598416	0.041584566540322526
4.84984984984985	-0.004070505096806399	0.045370292096641916
4.85985985985986	-0.003938369742193837	0.049788194732759264
4.86986986986987	-0.003813315205296703	0.05497568959923525
4.87987987987988	-0.0036949418781929	0.061104742665019446
4.88988988988989	-0.003582879421136298	0.06838995897667983
4.8998998998999	-0.0034767843131250655	0.07709676106063053
4.90990990990991	-0.0033763376401362575	0.08754700667816165
4.91991991991992	-0.0032812430945157924	0.1001158169278164
4.92992992992993	-0.0031912251638388477	0.11520634652734749
4.93993993993994	-0.0031060274880005587	0.13317677694681762
4.94994994994995	-0.0030254113688978563	0.15417601811785384
4.95995995995996	-0.002949154414949298	0.17783241752851656
4.96996996996997	-0.002877049308613816	0.202775700590212
4.97997997997998	-0.0028089026832700975	0.22614669374471794
4.98998998998999	-0.002744534099170462	0.2436084171427807
5.0	-0.002683775109156956	0.25057167012753434
