-5.0	0.0008006938861420559	0.0024235171179903966
-4.98998998998999	0.000819447678055519	0.002449152133733966
-4.97997997997998	0.0008372562655953865	0.0024755330398419516
-4.96996996996997	0.0008542120734512606	0.00250269170293743
-4.95995995995996	0.0008703968633569899	0.002530661770079184
-4.94994994994995	0.0008858831960917728	0.002559478789582517
-4.93993993993994	0.000900735664869061	0.002589180341522496
-4.92992992992993	0.000915011939269384	0.002619806178944863
-4.91991991991992	0.0009287636535023726	0.002651398380343256
-4.90990990990991	0.0009420371639194165	0.0026840015150674397
-4.8998998998999	0.0009548741981572986	0.0027176628223756507
-4.88988988988989	0.0009673124130408275	0.0027524324057870307
-4.87987987987988	0.000979385875810293	0.0027883634440425925
-4.86986986986987	0.0009911254803571016	0.002825512420348858
-4.85985985985986	0.0010025593085764095	0.002863939372018453
-4.84984984984985	0.0010137129448002703	0.0029037081619242015
-4.83983983983984	0.0010246097505139577	0.002944886774903875
-4.82982982982983	0.0010352711045229378	0.002987547640816063
-4.81981981981982	0.0010457166141390882	0.0030317679877411674
-4.80980980980981	0.0010559643007603994	0.0030776302282430217
-4.7997997997998	0.001066030763801747	0.0031252223821776315
-4.78978978978979	0.001075931325622606	0.0031746385404888256
-4.77977977977978	0.0010856801601511195	0.003225979373987487
-4.76976976976977	0.0010952904072180616	0.003279352692739654
-4.75975975975976	0.0011047742744107964	0.003334874061214776
-4.74974974974975	0.0011141431280023383	0.0033926674766229536
-4.73973973973974	0.0011234075746614615	0.0034528661167849764
-4.72972972972973	0.0011325775346331423	0.0035156131668022347
-4.71971971971972	0.0011416623074782257	0.003581062733279172
-4.70970970970971	0.0011506706317489536	0.0036493808576294534
-4.6996996996997	0.0011596107387656755	0.003720746640411508
-4.68968968968969	0.0011684904014637439	0.0037953534908282483
-4.67967967967968	0.0011773169788400276	0.003873410517602359
-4.66966966966967	0.001186097456718516	0.003955144080152268
-4.65965965965966	0.0011948384847243118	0.0040407995207410626
-4.64964964964965	0.0012035464108071728	0.00413064310264643
-4.63963963963964	0.001212227312524023	0.004224964182643717
-4.62962962962963	0.0012208870265146747	0.004324077650758534
-4.61961961961962	0.001229531175803554	0.004428326675331136
-4.60960960960961	0.001238165195119654	0.004538085797784196
-4.5995995995996	0.001246794355043259	0.004653764428726606
-4.58958958958959	0.001255423784564554	0.004775810806715836
-4.57957957957958	0.0012640584928811092	0.004904716489520093
-4.56956956956957	0.0012727033897659236	0.005041021461914732
-4.55955955955956	0.001281363305753588	0.005185319959309135
-4.54954954954955	0.0012900430114173992	0.005338267122052372
-4.53953953953954	0.0012987472363929571	0.005500586620054649
-4.52952952952953	0.0013074806878068644	0.005673079412148526
-4.51951951951952	0.001316248069116082	0.005856633836516475
-4.50950950950951	0.0013250540986006344	0.006052237268695409
-4.4994994994995	0.001333903528182893	0.006260989630914168
-4.48948948948949	0.0013428011625056233	0.006484119095793236
-4.47947947947948	0.001351751878669426	0.006723000401887391
-4.46946946946947	0.0013607606463314499	0.006979176286247898
-4.45945945945946	0.001369832549026513	0.007254382656958629
-4.44944944944945	0.0013789728064427084	0.007550578267786892
-4.43943943943944	0.0013881867973700045	0.00786997983721077
-4.42942942942943	0.0013974800849389335	0.008215103783071507
-4.41941941941942	0.001406858442991403	0.008588816033383063
-4.40940940940941	0.001416327884683064	0.008994391745481764
-4.3993993993994	0.0014258946929054104	0.00943558725079633
-4.38938938938939	0.0014355654539698185	0.009916727162443384
-4.37937937937938	0.0014453470935677402	0.01044281040559717
-4.36936936936937	0.0014552469165592346	0.011019640011308444
-4.35935935935936	0.0014652726502247194	0.011653982945294083
-4.34934934934935	0.0014754324923946598	0.01235376817326899
-4.33933933933934	0.001485735163907302	0.013128333762419635
-4.32932932932933	0.0014961899671535812	0.013988737372022792
-4.31931931931932	0.0015068068511298915	0.014948149381899697
-4.3093093093093096	0.001517596483673433	0.016022354727204244
-4.2992992992992995	0.001528570332353341	0.017230399123361245
-4.2892892892892895	0.0015397407547159756	0.018595429067345348
-4.2792792792792795	0.0015511211001468146	0.020145794816917435
-4.2692692692692695	0.001562725823949185	0.021916514569416186
-4.2592592592592595	0.0015745706167597626	0.023951241236046476
-4.2492492492492495	0.0015866725501537358	0.02630493849808824
-4.2392392392392395	0.0015990502427829286	0.029047573299877987
-4.2292292292292295	0.0016117240485204725	0.0322692895947133
-4.2192192192192195	0.0016247162717032634	0.03608778078886884
-4.2092092092092095	0.0016380514127887034	0.040658992661755516
-4.1991991991991995	0.0016517564504062749	0.04619298555881031
-4.1891891891891895	0.0016658611657981535	0.05297799084878266
-4.1791791791791795	0.0016803985168633336	0.061417850428305616
-4.1691691691691695	0.0016954050715246402	0.07209201128486542
-4.1591591591591595	0.0017109215100639325	0.08585490995701074
-4.1491491491491495	0.0017269932109566825	0.10400699521241268
-4.1391391391391394	0.0017436709352479068	0.128602250218442
-4.129129129129129	0.001761011629421219	0.16303017544837245
-4.119119119119119	0.0017790793705996458	0.21318514749932113
-4.109109109109109	0.0017979464840095559	0.2899867725174112
-4.099099099099099	0.0018176948693245597	0.41527076051936196
-4.089089089089089	0.0018384175811887826	0.6368153941895086
-4.079079079079079	0.0018602207225794673	1.0692304987178995
-4.069069069069069	0.001883225722013362	1.9905389441129984
-4.059059059059059	0.0019075720876456244	3.695666249981326
-4.049049049049049	0.001933420754790544	4.19841850220755
-4.039039039039039	0.0019609581778249462	2.4821867203733836
-4.029029029029029	0.0019904013622503184	1.3127688193369136
-4.019019019019019	0.002022004090642119	0.762581342277044
-4.009009009009009	0.0020560646788064787	0.4883836480899858
-3.998998998998999	0.002092935705618986	0.337173337014777
-3.988988988988989	0.002133036312731977	0.24624694101777006
-3.978978978978979	0.002176867879318486	0.18771282811851617
-3.968968968968969	0.002225034171322428	0.14795883813816504
-3.958958958958959	0.002278267487131023	0.119783524637373
-3.948948948948949	0.0023374629259765257	0.09911280321382948
-3.938938938938939	0.0024037237951137487	0.08351032309362871
-3.928928928928929	0.002478422490053415	0.07145012374420859
-3.918918918918919	0.0025632831762213725	0.06193845767693123
-3.908908908908909	0.0026604956651513157	0.054306324201020495
-3.898898898898899	0.002772874688775785	0.04809029548184065
-3.888888888888889	0.002904086480896298	0.04296128394063923
-3.878878878878879	0.0030589772252365907	0.03868046568137117
-3.868868868868869	0.003244059241487806	0.03507116636311965
-3.858858858858859	0.0034682477585703062	0.03200044101896319
-3.848848848848849	0.003744007428357984	0.029366713801594706
-3.838838838838839	0.0040891911245911836	0.027091305032112864
-3.828828828828829	0.004530093157369536	0.025112510318371334
-3.818818818818819	0.0051067275247710965	0.02338139054153349
-3.808808808808809	0.005882396238889952	0.021858730718768087
-3.798798798798799	0.006962047463084237	0.02051281134890854
-3.7887887887887888	0.008530020473560064	0.01931775348969579
-3.7787787787787788	0.010934649130698942	0.01825227488062107
-3.7687687687687688	0.014900206915488934	0.01729874450326521
-3.7587587587587588	0.022143534032626196	0.016442456508435302
-3.7487487487487487	0.03759690327470783	0.015671067234556454
-3.7387387387387387	0.08068019712170058	0.014974154773079314
-3.7287287287287287	0.2977595359808301	0.014342871527172346
-3.7187187187187187	54.25552356041224	0.013769667992408266
-3.7087087087087087	0.39459351991926833	0.013248071555728571
-3.6986986986986987	0.0937893093792197	0.01277250814291701
-3.6886886886886887	0.04203609511210298	0.012338157490495601
-3.6786786786786787	0.024375728657245046	0.011940834993099114
-3.6686686686686687	0.01630643118659123	0.011576894698908139
-3.6586586586586587	0.011958228988658068	0.011243149240880603
-3.6486486486486487	0.009351743638683657	0.010936803414499222
-3.6386386386386387	0.007668407262681704	0.010655398813356184
-3.6286286286286287	0.0065198092766309956	0.010396767476484582
-3.6186186186186187	0.005702359887224696	0.010158992916681897
-3.6086086086086087	0.005100959626486204	0.009940377225686622
-3.5985985985985987	0.004646544381140806	0.009739413206298625
-3.5885885885885886	0.004295628632345599	0.009554760682926051
-3.5785785785785786	0.0040197211565624	0.009385226300118538
-3.5685685685685686	0.0037995203146090743	0.00922974624673008
-3.5585585585585586	0.0036215720839621996	0.00908737144380172
-3.5485485485485486	0.0034762650549388027	0.008957254817118636
-3.5385385385385386	0.0033565841997974773	0.008838640340501415
-3.5285285285285286	0.0032573120752955468	0.008730853590673021
-3.5185185185185186	0.00317450281952262	0.008633293597887441
-3.5085085085085086	0.003105127417273752	0.008545425813035705
-3.4984984984984986	0.003046829328009804	0.008466776041502585
-3.4884884884884886	0.0029977529008767094	0.008396925218698214
-3.4784784784784786	0.0029564208055336424	0.008335504923814347
-3.4684684684684686	0.0029216451016267175	0.008282193543875662
-3.4584584584584586	0.002892461791462289	0.008236713017252602
-3.4484484484484486	0.002868082024279753	0.008198826095861816
-3.4384384384384385	0.002847855279410636	0.008168334078619019
-3.4284284284284285	0.0028312412797781837	0.008145074975809756
-3.4184184184184185	0.0028177883467125865	0.00812892207483865
-3.4084084084084085	0.002807116561172019	0.008119782883042695
-3.3983983983983985	0.0027989045476260912	0.008117598432248376
-3.3883883883883885	0.002792879017718209	0.008122342935488837
-3.3783783783783785	0.00278880643204946	0.008134023791943402
-3.3683683683683685	0.002786486305043602	0.008152681944811781
-3.3583583583583585	0.0027857457915197604	0.008178392600534212
-3.3483483483483485	0.0027864352828121763	0.008211266326915646
-3.3383383383383385	0.0027884248020709126	0.008251450553581232
-3.3283283283283285	0.002791601038207087	0.008299131507697326
-3.3183183183183185	0.002795864890542123	0.008354536626052655
-3.3083083083083085	0.002801129428186046	0.008417937495035924
-3.2982982982982985	0.002807318184177248	0.008489653384087376
-3.2882882882882885	0.002814363724144994	0.008570055449593455
-3.2782782782782784	0.0028222064395199776	0.00865957170663395
-3.2682682682682684	0.0028307935265943916	0.008758692883767346
-3.2582582582582584	0.0028400781186232317	0.008867979302467936
-3.2482482482482484	0.002850018545844666	0.008988068952438408
-3.2382382382382384	0.0028605777023531956	0.009119686970846393
-3.2282282282282284	0.002871722502317431	0.009263656779155907
-3.2182182182182184	0.0028834234117490654	0.00942091318700064
-3.2082082082082084	0.002895654043443679	0.009592517843188344
-3.1981981981981984	0.0029083908066269517	0.00977967750105824
-3.1881881881881884	0.002921612602073045	0.009983765675889187
-3.1781781781781784	0.0029353005566516667	0.010206348411376489
-3.1681681681681684	0.002949437791188829	0.010449215051044293
-3.1581581581581584	0.002964009217755958	0.010714415138739174
-3.1481481481481484	0.0029790013608760285	0.011004302864896766
-3.1381381381381384	0.002994402201455998	0.011321590861294285
-3.1281281281281283	0.0030102010378789757	0.01166941564543181
-3.118118118118118	0.0030263883644461257	0.012051417678015288
-3.108108108108108	0.0030429557632251853	0.01247183987411601
-3.098098098098098	0.003059895808265338	0.012935649586657678
-3.088088088088088	0.003077201980394306	0.013448690674516022
-3.078078078078078	0.0030948685917666927	0.014017874439670189
-3.068068068068068	0.0031128907183880054	0.014651421223835195
-3.058058058058058	0.0031312641398076086	0.015359168632903826
-3.048048048048048	0.003149985285342819	0.016152968268635312
-3.038038038038038	0.0031690511858178515	0.017047201275873586
-3.028028028028028	0.003188459430220597	0.018059455224654377
-3.018018018018018	0.003208208126824228	0.019211422781751804
-3.008008008008008	0.003228295868264563	0.02053010937053752
-2.997997997997998	0.003248721699510766	0.022049477606417046
-2.987987987987988	0.0032694850893956536	0.0238127190170573
-2.977977977977978	0.003290585904418635	0.025875442437674045
-2.967967967967968	0.0033120243847492375	0.028310227900920245
-2.957957957957958	0.0033338011225759637	0.031213258140913608
-2.947947947947948	0.0033559170414800676	0.034714186704431306
-2.937937937937938	0.003378373377761292	0.038991183192094554
-2.9279279279279278	0.0034011716625134843	0.044294510174846216
-2.9179179179179178	0.0034243137046296897	0.05098464452755241
-2.9079079079079078	0.0034478015742727	0.05959617654380543
-2.8978978978978978	0.003471637586773735	0.07094950345923924
-2.8878878878878878	0.0034958242861301914	0.0863559559536811
-2.8778778778778777	0.003520364428889892	0.10801746933369266
-2.8678678678678677	0.003545260966123493	0.1398635459874476
-2.8578578578578577	0.0035705170254522393	0.18946898359576878
-2.8478478478478477	0.003596135890647989	0.2729862032212788
-2.8378378378378377	0.00362212097933249	0.4299432243226936
-2.8278278278278277	0.0036484758181521723	0.7783003560782963
-2.8178178178178177	0.003675204013945028	1.795009262693701
-2.8078078078078077	0.00370230922074183	6.3533635584681125
-2.7977977977977977	0.003729795101620774	10.224132965066325
-2.7877877877877877	0.0037576652826534	2.5819581052384204
-2.7777777777777777	0.0037859232997953475	0.9695543118540122
-2.7677677677677677	0.0038145725344628737	0.4921542241249788
-2.7577577577577577	0.0038436161368994633	0.2952832082728529
-2.7477477477477477	0.003873056933516833	0.19649222116916112
-2.7377377377377377	0.0039028973153262415	0.1402597897243083
-2.7277277277277276	0.003933139101815136	0.10533617477896894
-2.7177177177177176	0.0039637833759972	0.08221925977600313
-2.7077077077077076	0.003994830281363879	0.0661562992970455
-2.6976976976976976	0.004026278774474391	0.05456053023468448
-2.6876876876876876	0.004058126317608612	0.045928037584719465
-2.6776776776776776	0.004090368501005178	0.039336899278415396
-2.6676676676676676	0.004122998570770972	0.034196854346498745
-2.6576576576576576	0.004156006841077101	0.030116009127341997
-2.6476476476476476	0.004189379956046667	0.026826032443844912
-2.6376376376376376	0.004223099958055885	0.024138270698760136
-2.6276276276276276	0.004257143106155394	0.021917006387222115
-2.6176176176176176	0.004291478367148875	0.020062618731953367
-2.6076076076076076	0.00432606547730211	0.01850067074614308
-2.5975975975975976	0.004360852432904188	0.017174655531105015
-2.5875875875875876	0.004395772217378015	0.01604106506056323
-2.5775775775775776	0.004430738496601757	0.015065969647285142
-2.5675675675675675	0.0044656399055074385	0.014222601906671526
-2.5575575575575575	0.0045003323894088326	0.013489622021160233
-2.5475475475475475	0.004534628826196494	0.012849853482181558
-2.5375375375375375	0.0045682847984776015	0.012289349088866088
-2.5275275275275275	0.0046009788334135555	0.01179669227159014
-2.5175175175175175	0.004632284566031644	0.011362468419360547
-2.5075075075075075	0.0046616309074475094	0.010978860587664374
-2.4974974974974975	0.004688244049140098	0.010639337280303453
-2.4874874874874875	0.0047110613724338	0.010338409133809196
-2.4774774774774775	0.00472860085198852	0.010071437690008428
-2.4674674674674675	0.004738758050028749	0.00983448391758365
-2.4574574574574575	0.004738481678201383	0.009624187335287901
-2.4474474474474475	0.004723238363100512	0.009437668891630262
-2.4374374374374375	0.004686096637876222	0.00927245242904138
-2.4274274274274275	0.004616090484124912	0.009126400796986048
-2.4174174174174174	0.004495143045075137	0.008997663589170308
-2.4074074074074074	0.004291917392291439	0.008884634167755673
-2.3973973973973974	0.003948559086887179	0.008785914154350212
-2.3873873873873874	0.003349245017808975	0.008700283960442739
-2.3773773773773774	0.002235606715228831	0.008626678231164187
-2.3673673673673674	-6.358870441809539e-5	0.00856416531004053
-2.3573573573573574	-0.005749740121927898	0.008511930012683112
-2.3473473473473474	-0.025722209092622794	0.008469259138518584
-2.3373373373373374	-0.2130283085841326	0.008435529261931897
-2.3273273273273274	-0.7632003482437167	0.008410196431228855
-2.3173173173173174	-0.05135665233783783	0.008392787476755191
-2.3073073073073074	-0.014495396755048318	0.008382892681071416
-2.2972972972972974	-0.004860560725061576	0.008380159615967584
-2.2872872872872874	-0.0008897029675870971	0.008384287985026889
-2.2772772772772774	0.001169506807832847	0.0083950253385133
-2.2672672672672673	0.0024010859981352284	0.008412163559641604
-2.2572572572572573	0.0032147123703816227	0.008435536037064402
-2.2472472472472473	0.0037939853347118573	0.008465015457491584
-2.2372372372372373	0.004231589118353093	0.00850051217266218
-2.2272272272272273	0.004578643346428963	0.008541973102385877
-2.2172172172172173	0.004865355400535641	0.008589381155208896
-2.2072072072072073	0.005110599762446005	0.008642755156816393
-2.1971971971971973	0.0053267350783812815	0.008702150288091147
-2.1871871871871873	0.005522190153620761	0.008767659052148269
-2.1771771771771773	0.005702929747813968	0.00883941279555004
-2.1671671671671673	0.005873324816819149	0.008917583832075008
-2.1571571571571573	0.00603669061751789	0.009002388224167407
-2.1471471471471473	0.0061956319998152385	0.009094089306547912
-2.1371371371371373	0.006352272984804857	0.009193002047334281
-2.1271271271271273	0.0065084150522609656	0.009299498381448007
-2.1171171171171173	0.0066656507136649175	0.009414013670591127
-2.1071071071071072	0.006825448877853767	0.009537054494325044
-2.0970970970970972	0.0069892226907878816	0.009669208018600663
-2.0870870870870872	0.007158387118827971	0.009811153257686292
-2.0770770770770772	0.007334411563114051	0.009963674614065127
-2.067067067067067	0.007518871715007513	0.010127678188154316
-2.057057057057057	0.00771350438787266	0.01030421147390243
-2.047047047047047	0.007920269076635266	0.010494487216740699
-2.037037037037037	0.008141420430631763	0.010699912428433182
-2.027027027027027	0.008379596736519782	0.010922123825415981
-2.017017017017017	0.008637931001733686	0.01116303132525921
-2.007007007007007	0.00892019351591566	0.011424871724927963
-1.996996996996997	0.00923097821587011	0.011710275322591536
-1.986986986986987	0.00957595036234404	0.012022349140920995
-1.976976976976977	0.009962180904542034	0.012364781579049714
-1.966966966966967	0.01039860502715614	0.012741974998440563
-1.956956956956957	0.010896661369121647	0.013159215001748529
-1.946946946946947	0.011471198795121275	0.013622888408826797
-1.936936936936937	0.01214178736090256	0.014140766483791778
-1.926926926926927	0.012934653713652815	0.014722376589377417
-1.916916916916917	0.013885605736681857	0.015379495040071502
-1.906906906906907	0.015044569468364228	0.016126808230436912
-1.896896896896897	0.016482839766235862	0.016982810592749677
-1.8868868868868869	0.01830507044091874	0.01797104089199577
-1.8768768768768769	0.02066990292762792	0.01912180979099266
-1.8668668668668669	0.023827148014496483	0.020474653640548814
-1.8568568568568569	0.02818862979425398	0.022081883107672024
-1.8468468468468469	0.03447259340486123	0.02401381879782985
-1.8368368368368369	0.044023856936130555	0.02636669015208759
-1.8268268268268268	0.05960432895909497	0.02927485496536329
-1.8168168168168168	0.0876473156052965	0.032930246939036185
-1.8068068068068068	0.1461444891932998	0.037614345429035745
-1.7967967967967968	0.3026509830956055	0.04375272786382215
-1.7867867867867868	1.0112552597922373	0.05201228973921441
-1.7767767767767768	34.837460181206204	0.06348361172444823
-1.7667667667667668	2.1362348013800863	0.08004467764736727
-1.7567567567567568	0.4440127510579563	0.10514251186156934
-1.7467467467467468	0.19113790356249544	0.14563620926330054
-1.7367367367367368	0.10887261099197017	0.21668662413949527
-1.7267267267267268	0.07220971324970547	0.356878211692094
-1.7167167167167168	0.052766991410109994	0.6852717927239067
-1.7067067067067068	0.04125006656679527	1.6651857408845614
-1.6966966966966968	0.033886487712432044	4.540108820163041
-1.6866866866866868	0.02890941904252397	3.4125303289140945
-1.6766766766766767	0.02540162647521015	1.2898487696121164
-1.6666666666666667	0.02284837675130615	0.6216755808982584
-1.6566566566566567	0.020942620280564185	0.36710589117114395
-1.6466466466466467	0.01949195120439248	0.24707514729034827
-1.6366366366366367	0.018370811919860938	0.1816990200588186
-1.6266266266266267	0.017494434359088772	0.14242596502579177
-1.6166166166166167	0.016803910564564307	0.11716505779300361
-1.6066066066066067	0.0162572729897741	0.10011829671201478
-1.5965965965965967	0.015823970086748	0.08823493858201165
-1.5865865865865867	0.01548133623183432	0.07979295833412331
-1.5765765765765767	0.015212273449582443	0.0737679443594117
-1.5665665665665667	0.015003691686832951	0.06952802659767905
-1.5565565565565564	0.014845436602417914	0.06667665823023056
-1.5465465465465464	0.014729538136529765	0.06496788587393537
-1.5365365365365364	0.014649674655687332	0.06425990460506012
-1.5265265265265264	0.014600784763551585	0.06449066676568853
-1.5165165165165164	0.014578782024739844	0.06566792394949934
-1.5065065065065064	0.014580342555995877	0.06787083041968281
-1.4964964964964964	0.014602744962072672	0.07126365731136135
-1.4864864864864864	0.014643748372390535	0.07612587587892698
-1.4764764764764764	0.01470149856026015	0.08290870016678507
-1.4664664664664664	0.014774454985356207	0.09233956581164077
-1.4564564564564564	0.014861333602199817	0.10562110356062623
-1.4464464464464464	0.01496106165131114	0.12483184196223159
-1.4364364364364364	0.015072741650249731	0.15379785945587848
-1.4264264264264264	0.015195622501128454	0.20019174205044418
-1.4164164164164164	0.015329076145574225	0.28132339908466886
-1.4064064064064064	0.015472578575540751	0.44347777264665417
-1.3963963963963963	0.01562569428376157	0.8483505714612435
-1.3863863863863863	0.01578806344351711	2.42374216370175
-1.3763763763763763	0.015959391259898103	25.29728760898958
-1.3663663663663663	0.01613943905644644	7.668764500886651
-1.3563563563563563	0.016328016742412695	1.3631029056033146
-1.3463463463463463	0.016524976369048424	0.5358331184566018
-1.3363363363363363	0.016730206542134838	0.2850280194549405
-1.3263263263263263	0.01694362747728736	0.17847133444599778
-1.3163163163163163	0.017165186519669813	0.12403834098318786
-1.3063063063063063	0.01739485395141865	0.09279904233830709
-1.2962962962962963	0.017632618919129858	0.07337730266900484
-1.2862862862862863	0.017878485298627927	0.06058143449197061
-1.2762762762762763	0.018132467290434235	0.051775784321376125
-1.2662662662662663	0.018394584505265068	0.04551049568159534
-1.2562562562562563	0.0186648562286233	0.040936354123599514
-1.2462462462462462	0.018943294467426423	0.03753020728934059
-1.2362362362362362	0.01922989524020169	0.03495612017994259
-1.2262262262262262	0.019524627373909344	0.032990760779030084
-1.2162162162162162	0.019827417761288484	0.03148122221726269
-1.2062062062062062	0.0201381316051032	0.03032013932578017
-1.1961961961961962	0.020456545468099142	0.02943046070678975
-1.1861861861861862	0.020782309928570213	0.028755829196139372
-1.1761761761761762	0.021114896989592	0.028254334045775594
-1.1661661661661662	0.021453524766863307	0.027894352346866092
-1.1561561561561562	0.021797047722654794	0.02765172014127643
-1.1461461461461462	0.022143793518059212	0.027507770255647192
-1.1361361361361362	0.022491315244698856	0.02744794734691724
-1.1261261261261262	0.02283600588817195	0.027460814882321417
-1.1161161161161162	0.023172481641105813	0.02753733299432227
-1.1061061061061062	0.023492563770094215	0.027670326608443842
-1.0960960960960962	0.023783534987056588	0.027854089238367664
-1.0860860860860861	0.024025022308295764	0.028084084881096434
-1.0760760760760761	0.024183132925775678	0.028356721789833065
-1.0660660660660661	0.02419872165718876	0.02866917959737522
-1.0560560560560561	0.023962066815655107	0.02901927652617195
-1.0460460460460461	0.02325270142089802	0.029405367125832832
-1.0360360360360361	0.02157728707791678	0.029826263561133253
-1.026026026026026	0.01765010320971771	0.030281175363492053
-1.016016016016016	0.007239427400091872	0.030769663895726225
-1.006006006006006	-0.030658944709037253	0.03129160881064528
-0.995995995995996	-0.3779981763223703	0.0318471845282892
-0.985985985985986	-0.8812490682527958	0.032436845371208105
-0.975975975975976	-0.06606405151410609	0.03306131845816682
-0.965965965965966	-0.0036306702630618934	0.033721603884705624
-0.955955955955956	0.013849249814541276	0.03441898208309317
-0.9459459459459459	0.02155724757863057	0.03515502862025757
-0.9359359359359359	0.025930476961293487	0.03593163707654692
-0.9259259259259259	0.028866697373407333	0.036751051093908825
-0.9159159159159159	0.031092066398308964	0.03761590720166255
-0.9059059059059059	0.03293562912111309	0.038529290704295845
-0.8958958958958959	0.03456582077061698	0.039494807788813396
-0.8858858858858859	0.03607754500865186	0.04051667817944833
-0.8758758758758759	0.03752886236076897	0.04159985428671468
-0.8658658658658659	0.038958134832934754	0.04275017503367543
-0.8558558558558559	0.04039274677499343	0.04397456572853927
-0.8458458458458459	0.041853889513889415	0.045281299919464175
-0.8358358358358359	0.04335939485910276	0.046680345838907435
-0.8258258258258259	0.044925569606669685	0.04818382993297967
-0.8158158158158159	0.04656852712033787	0.04980666485347614
-0.8058058058058059	0.04830530348530727	0.051567412142203777
-0.7957957957957958	0.05015495412603981	0.05348948549165701
-0.7857857857857858	0.052139799616552504	0.055602857390372296
-0.7757757757757757	0.054287008883338705	0.05794652479751946
-0.7657657657657657	0.056630777099138795	0.060572144776933436
-0.7557557557557557	0.0592154975804505	0.06354951801128185
-0.7457457457457457	0.062100597535769485	0.06697507147072139
-0.7357357357357357	0.06536822702576081	0.07098536028079312
-0.7257257257257257	0.0691360257712804	0.07577926693608418
-0.7157157157157157	0.07357936522525582	0.08165588552100184
-0.7057057057057057	0.0789723258196676	0.08908203506398661
-0.6956956956956957	0.08576843527569707	0.09881888211283987
-0.6856856856856857	0.09477353848909355	0.1121744421709139
-0.6756756756756757	0.10755745822432591	0.13154640471180848
-0.6656656656656657	0.12758373914204513	0.1617048968651297
-0.6556556556556556	0.16400066707164243	0.21322167671610537
-0.6456456456456456	0.24905776058256981	0.31332166600857814
-0.6356356356356356	0.5832610012737869	0.5498841778858684
-0.6256256256256256	13.94953614001198	1.3407292174625587
-0.6156156156156156	0.8295984919555626	7.3815119826434055
-0.6056056056056056	0.18436927123003324	20.69077722826508
-0.5955955955955956	0.10970154929004083	2.5115847350833276
-0.5855855855855856	0.09347840465005902	1.0025667583451037
-0.5755755755755756	0.0916310228193472	0.6052733819759621
-0.5655655655655656	0.09529644364943676	0.4491300672722339
-0.5555555555555556	0.10212246930023978	0.3768206767798095
-0.5455455455455456	0.11166551722238714	0.34285057270412883
-0.5355355355355356	0.12439702974484639	0.3306055593354456
-0.5255255255255256	0.14163660248754242	0.33356272915017937
-0.5155155155155156	0.1660314116033295	0.34981991491360487
-0.5055055055055055	0.20293024410647892	0.38051025130218685
-0.4954954954954955	0.2641589178630602	0.4299435126449822
-0.4854854854854855	0.38003356853042297	0.5073582945238515
-0.4754754754754755	0.6485510731265903	0.6317173618782367
-0.46546546546546547	1.5472445462726383	0.8446446527093362
-0.45545545545545546	9.605694003788438	1.2504765548596433
-0.44544544544544545	31.61895907824526	2.1730755306168983
-0.43543543543543545	2.4190320025866474	5.0678779988909275
-0.42542542542542544	0.9168739652967703	24.91134538598764
-0.41541541541541543	0.5397273147557154	138.55225781370217
-0.40540540540540543	0.3938647000171529	10.065759701031135
-0.3953953953953954	0.3254661142547374	3.3714822363313406
-0.38538538538538536	0.2906256456732837	1.7775441968364183
-0.37537537537537535	0.2729794434324472	1.1705839175332164
-0.36536536536536535	0.2653270616011756	0.882733799415309
-0.35535535535535534	0.26413180937439906	0.7297410259376154
-0.34534534534534533	0.2675288610393757	0.64457956774589
-0.3353353353353353	0.2744996215388671	0.5984170073375349
-0.3253253253253253	0.2844938806429655	0.5775450449007171
-0.3153153153153153	0.29724404674335403	0.5752343833951451
-0.3053053053053053	0.3126696277700896	0.5885141796014107
-0.2952952952952953	0.33082774010990834	0.6168997043135416
-0.2852852852852853	0.35188917651793117	0.6620986547216916
-0.2752752752752753	0.37613020824847015	0.7284666190059143
-0.2652652652652653	0.4039354758820497	0.8244394968466289
-0.2552552552552553	0.4358101038324635	0.965792721106504
-0.24524524524524524	0.4724008877267731	1.1829426753622647
-0.23523523523523523	0.5145276802515124	1.5379409572858285
-0.22522522522522523	0.5632272616534402	2.16483409060395
-0.21521521521521522	0.6198131871443824	3.352065054539852
-0.20520520520520522	0.6859563638553706	5.5220934331638665
-0.19519519519519518	0.7637921322754433	7.900391052055758
-0.18518518518518517	0.856059321543567	7.52523323674435
-0.17517517517517517	0.9662718078548419	5.655081530634857
-0.16516516516516516	1.0989039046259261	4.395161929981936
-0.15515515515515516	1.2595092109706711	3.8037389317629575
-0.14514514514514515	1.4545025331157728	3.6378267606028207
-0.13513513513513514	1.6897401278605497	3.771566126295263
-0.12512512512512514	1.9650732101304864	4.178688515467177
-0.11511511511511512	2.2549967851532697	4.912550154584938
-0.10510510510510511	2.436702875587115	6.127482185355929
-0.09509509509509509	1.985357375796319	8.169459290519216
-0.08508508508508508	-1.6626645620201215	11.849242416811268
-0.07507507507507508	-26.82000766872273	19.369799615566485
-0.06506506506506507	-442.5673458044462	38.46109188584172
-0.055055055055055056	-841.8133079538576	112.81199613240541
-0.04504504504504504	-235.22132659892588	1166.8615462097057
-0.035035035035035036	-179.37776856621753	670.5265748506122
-0.025025025025025027	-218.17907101977974	116.43477860112642
-0.015015015015015015	-400.4366221059465	55.49123360653612
-0.005005005005005005	-1081.5696063347334	40.61276323719301
0.005005005005005005	-1072.3807516821025	40.62832066077719
0.015015015015015015	-398.1337020504865	55.557883025690664
0.025025025025025027	-218.1191026120464	116.70447935187339
0.035035035035035036	-180.14164888705588	674.0788153167798
0.04504504504504504	-237.2812667604327	1160.6106290279722
0.055055055055055056	-852.9984546211441	112.71194063265017
0.06506506506506507	-441.67373569016337	38.47005271295645
0.07507507507507508	-27.32825488520558	19.3866120613609
0.08508508508508508	-1.8402869994331894	11.865827991400645
0.09509509509509509	1.9082432834320882	8.185507442457341
0.10510510510510511	2.397777338792232	6.14376806208494
0.11511511511511512	2.2331625544871203	4.930171168259764
0.12512512512512514	1.9518171912595441	4.19916608312291
0.13513513513513514	1.6811702442586367	3.797291904247931
0.14514514514514515	1.448666349013768	3.673024168913641
0.15515515515515516	1.2553540303529116	3.856512565268767
0.16516516516516516	1.0958281183765015	4.481227609539161
0.17517517517517517	0.9639145257786338	5.796222729992077
0.18518518518518517	0.854194889522022	7.678829875776087
0.19519519519519518	0.7622742213721294	7.8544610449718775
0.20520520520520522	0.6846869068214732	5.3732116126359
0.21521521521521522	0.6187244005817404	3.2553258584001594
0.22522522522522523	0.562270855285213	2.112226436972079
0.23523523523523523	0.513668157143281	1.5080001875141562
0.24524524524524524	0.47161124268909266	1.1644450762542957
0.2552552552552553	0.4350689587173211	0.9534221709783367
0.2652652652652653	0.4032250838612187	0.8155695181287641
0.2752752752752753	0.3754349750918654	0.721709881145717
0.2852852852852853	0.35119446438479035	0.6566709540585373
0.2952952952952953	0.33011877793600136	0.6123278630789392
0.3053053053053053	0.31193036931502915	0.5844933993039646
0.3153153153153153	0.2964557961190305	0.5715540081384024
0.3253253253253253	0.2836334346218673	0.5740474020171104
0.3353353353353353	0.2735365256086792	0.5949733913180028
0.34534534534534533	0.2664210662951898	0.6410770535244464
0.35535535535535534	0.26281837389739626	0.7260822911279525
0.36536536536536535	0.26371513392432977	0.8788725490594194
0.37537537537537535	0.2709194658951563	1.1667049934579887
0.38538538538538536	0.28786023375363073	1.774990766503214
0.3953953953953954	0.3215135797790106	3.379114972057537
0.40540540540540543	0.3877157833357898	10.184144277907134
0.41541541541541543	0.5288906168228866	146.50912997505344
0.42542542542542544	0.8933315805677057	23.97943390064527
0.43543543543543545	2.339267384729085	4.958293264488599
0.44544544544544545	29.987093950029028	2.13802961978377
0.45545545545545546	9.401583029227545	1.2340026993981965
0.46546546546546547	1.4982867303355878	0.8351514149207017
0.4754754754754755	0.6261053448581376	0.6255048682086268
0.4854854854854855	0.3663657083248999	0.5029199610905766
0.4954954954954955	0.2543982119029392	0.426562210002406
0.5055055055055055	0.19517670248519783	0.3778071265022761
0.5155155155155156	0.15935856654784694	0.3475826906411884
0.5255255255255256	0.13550105013703168	0.331674891164283
0.5355355355355356	0.11841141988353358	0.3290220704171129
0.5455455455455456	0.10548312736333021	0.3416095034076879
0.5555555555555556	0.09534714671513041	0.3761165287206027
0.5655655655655656	0.08736244771260433	0.449572130577514
0.5755755755755756	0.08156101400011966	0.6089126460748666
0.5855855855855856	0.0792437980688623	1.0185074604637268
0.5955955955955956	0.08601386153044178	2.6128758487149075
0.6056056056056056	0.13122732060019	23.414252103620612
0.6156156156156156	0.5628942094900165	6.691663091251913
0.6256256256256256	12.849050668248324	1.2754280499149269
0.6356356356356356	0.5042286287665745	0.5324310672517795
0.6456456456456456	0.22556679549114417	0.3062814661347683
0.6556556556556556	0.15318952898387794	0.20969705872248548
0.6656656656656657	0.1214768572822044	0.15968918464467757
0.6756756756756757	0.10366308791165676	0.13028441236897384
0.6856856856856857	0.09207910138427619	0.11133053229911122
0.6956956956956957	0.0837899545312201	0.09822540457535849
0.7057057057057057	0.07745125236664906	0.0886476646589417
0.7157157157157157	0.07236582032762201	0.08132742498424039
0.7257257257257257	0.06813746970284519	0.07552402706427427
0.7357357357357357	0.06452454840029925	0.07078235680129107
0.7457457457457457	0.06137105713981369	0.06681033414203055
0.7557557557557557	0.05857144708935603	0.06341345446234797
0.7657657657657657	0.05605138286852852	0.06045799138038966
0.7757757757757757	0.0537566258060399	0.05784940098512576
0.7857857857857858	0.05164629151553632	0.055519169053629525
0.7957957957957958	0.04968857605457975	0.05341653765077586
0.8058058058058059	0.047857925421249906	0.05150315104285356
0.8158158158158159	0.046133066337312414	0.0497495023474679
0.8258258258258259	0.04449554702146686	0.04813252146178421
0.8358358358358359	0.04292855655306314	0.046633904116904164
0.8458458458458459	0.04141584707453033	0.045238932859767454
0.8558558558558559	0.03994059282185447	0.043935631139592785
0.8658658658658659	0.03848398380792037	0.04271414709609982
0.8758758758758759	0.03702324924892632	0.04156629843836387
0.8858858858858859	0.03552858046221386	0.0404852320827063
0.8958958958958959	0.033957938816122135	0.03946516675248207
0.9059059059059059	0.032247653241042167	0.038501196409465914
0.9159159159159159	0.030294132710430178	0.03758913890583147
0.9259259259259259	0.027915308941444353	0.036725418713864436
0.9359359359359359	0.02476093421413347	0.03590697570965916
0.9459459459459459	0.020075581406975816	0.03513119418523255
0.955955955955956	0.011953201387182418	0.03439584783359346
0.965965965965966	-0.005699410758229476	0.03369905762416529
0.975975975975976	-0.06233006640641208	0.03303926031866831
0.985985985985986	-0.5355270694232069	0.03241518606150843
0.995995995995996	-0.811707656315683	0.031825843982622504
1.006006006006006	-0.06510355345072247	0.031270515195947444
1.016016016016016	-0.0026759603535098527	0.030748752951576638
1.026026026026026	0.013224372361097506	0.030260390071596394
1.0360360360360361	0.019130931604736227	0.02980555416580446
1.0460460460460461	0.021718761440958335	0.029384691545049434
1.0560560560560561	0.022916763215150956	0.028998601225449915
1.0660660660660661	0.023442937864412077	0.0286484810338799
1.0760760760760761	0.02361183174870772	0.028335988589382827
1.0860860860860861	0.023577895908346528	0.028063320970811476
1.0960960960960962	0.023423640168990872	0.02783331826078834
1.1061061061061062	0.0231960816904739	0.027649598071473203
1.1161161161161162	0.022923404556496826	0.02751673081489995
1.1261261261261262	0.022623199336104665	0.027440469261211457
1.1361361361361362	0.022306806626367436	0.0274280513373984
1.1461461461461462	0.0219817306645675	0.027488603029135437
1.1561561561561562	0.02165304124087692	0.027633679918037144
1.1661661661661662	0.02132421929635605	0.02787800347074568
1.1761761761761762	0.020997683839235604	0.02824047504846273
1.1861861861861862	0.02067512971984565	0.02874559251061249
1.1961961961961962	0.020357749629025156	0.029425460935123434
1.2062062062062062	0.020046383276487268	0.03032269744942668
1.2162162162162162	0.019741619640053734	0.031494711180659704
1.2262262262262262	0.019443868331661025	0.033020149815290056
1.2362362362362362	0.019153410245120628	0.035008853604569345
1.2462462462462462	0.018870434075588725	0.03761766407157849
1.2562562562562563	0.018595063057898074	0.04107635277315522
1.2662662662662663	0.018327374858561167	0.045731760596839165
1.2762762762762763	0.01806741662332036	0.0521262770236365
1.2862862862862863	0.017815216578692554	0.06114475625852821
1.2962962962962963	0.01757079317614249	0.07430718199228889
1.3063063063063063	0.017334162494880553	0.0943980231604802
1.3163163163163163	0.01710534442716148	0.12695710307189673
1.3263263263263263	0.016884368048523613	0.18428869175249693
1.3363363363363363	0.0166712764773204	0.29829983187679937
1.3463463463463463	0.016466131482318565	0.5738024573178391
1.3563563563563563	0.016269018049754835	1.5325047694568983
1.3663663663663663	0.016080049105287517	10.183506131929827
1.3763763763763763	0.01589937057955421	17.039076962857735
1.3863863863863863	0.015727167011795454	2.0770229684626678
1.3963963963963963	0.015563667896198799	0.7739632729859025
1.4064064064064064	0.015409155013038517	0.41589040827131324
1.4164164164164164	0.015263971023449226	0.2680659439409764
1.4264264264264264	0.01512852966766527	0.19282305993124665
1.4364364364364364	0.015003327982028757	0.14933163017755713
1.4464464464464464	0.014888961069681562	0.12199030437116296
1.4564564564564564	0.014786140086857549	0.10378344090008516
1.4664664664664664	0.0146957143127109	0.0911769670502852
1.4764764764764764	0.014618698422340615	0.08223753436800728
1.4864864864864864	0.014556306435964799	0.07584199582211652
1.4964964964964964	0.014509994294051327	0.07131080938689137
1.5065065065065064	0.014481513674469934	0.06822500519473428
1.5165165165165164	0.01447298058139311	0.06633003818749374
1.5265265265265264	0.014486963544232886	0.06548431269171465
1.5365365365365364	0.014526598106330174	0.06563296554378126
1.5465465465465464	0.014595736974336731	0.06679806909822054
1.5565565565565564	0.014699149116637288	0.06908212866497809
1.5665665665665667	0.014842786961089505	0.07268586778199858
1.5765765765765767	0.015034149699216744	0.07794586581119216
1.5865865865865867	0.015282784376980201	0.08540498968613555
1.5965965965965967	0.015600987976552834	0.09594323260128047
1.6066066066066067	0.01600480830624421	0.11102932853636188
1.6166166166166167	0.016515498582026156	0.13323364505920546
1.6266266266266267	0.017161677213729885	0.1673587556504694
1.6366366366366367	0.017982612919254237	0.22319658375759818
1.6466466466466467	0.0190333596393021	0.32319619115437304
1.6566566566566567	0.0203930364872967	0.5278323764901935
1.6666666666666667	0.022178666252318718	1.0406671309548394
1.6766766766766767	0.024569290536978115	2.713230994502376
1.6866866866866868	0.027850118028516058	5.451616479236562
1.6966966966966968	0.03249827841514163	2.18846215248412
1.7067067067067068	0.039361919417236116	0.8184482576480867
1.7167167167167168	0.0500699255116879	0.4016554890463018
1.7267267267267268	0.068086972534668	0.23525367890903823
1.7367367367367368	0.10190507546156105	0.15442993600351274
1.7467467467467468	0.17725619498770104	0.10967186368577733
1.7567567567567568	0.4059270257054032	0.0824980550861664
1.7667667667667668	1.8810404651642727	0.06484376065309051
1.7767767767767768	43.18518609504574	0.052762669287520485
1.7867867867867868	0.9875269321272995	0.04414833259913932
1.7967967967967968	0.28879033248103086	0.03779717281692797
1.8068068068068068	0.13820829391856038	0.032982833283449
1.8168168168168168	0.08251173040426735	0.029246834043490478
1.8268268268268268	0.055975951033653853	0.026288721340246003
1.8368368368368369	0.041295005468448595	0.023905237525339577
1.8468468468468469	0.03232298728605781	0.02195507043300947
1.8568568568568569	0.02643384054803417	0.020337616274532715
1.8668668668668669	0.02235344645215731	0.01897974749768634
1.8768768768768769	0.019403246515911875	0.017827322355851334
1.8868868868868869	0.017195082801309523	0.016839594008184727
1.896896896896897	0.015493967357432	0.015985443236967673
1.906906906906907	0.014150926074100121	0.015240787174905178
1.916916916916917	0.013067826266170281	0.014586763625288207
1.926926926926927	0.012177898025964012	0.014008437348052205
1.936936936936937	0.01143443039524685	0.013493864119525946
1.946946946946947	0.010803945201827944	0.013033404144672696
1.956956956956957	0.010261930919465702	0.012619211939716931
1.966966966966967	0.00979009538506711	0.012244852856408936
1.976976976976977	0.009374549209625032	0.011905011680957756
1.986986986986987	0.009004575889497707	0.01159526896954992
1.996996996996997	0.00867178113717844	0.011311927780847752
2.007007007007007	0.008369492800370904	0.01105187828596669
2.017017017017017	0.008092329609392481	0.01081249112578844
2.027027027027027	0.00783588557182942	0.010591532783645115
2.037037037037037	0.007596494662639219	0.01038709795928623
2.047047047047047	0.007371051790952652	0.010197555181961408
2.057057057057057	0.007156873336233214	0.010021502805137928
2.067067067067067	0.006951585310753403	0.009857733208656204
2.0770770770770772	0.006753030288415139	0.009705203526571244
2.0870870870870872	0.006559186183483737	0.009563011605859715
2.0970970970970972	0.006368091071648383	0.009430376177683612
2.1071071071071072	0.006177768672677854	0.009306620451757602
2.1171171171171173	0.0059861489115370465	0.009191158498191186
2.1271271271271273	0.005790977062907526	0.009083483932083785
2.1371371371371373	0.005589703151332444	0.008983160486472646
2.1471471471471473	0.00537934011919123	0.008889814177442203
2.1571571571571573	0.005156274036826463	0.008803126791526124
2.1671671671671673	0.0049160009802717035	0.008722830499850068
2.1771771771771773	0.004652750772112532	0.008648703435195675
2.1871871871871873	0.004358933109690253	0.00858056609901351
2.1971971971971973	0.004024298301768511	0.008518278496729606
2.2072072072072073	0.0036346261790936273	0.008461737920941848
2.2172172172172173	0.003169608255442164	0.008410877316839553
2.2272272272272273	0.002599295086933463	0.008365664186339238
2.2372372372372373	0.0018778711819112427	0.008326099997920264
2.2472472472472473	0.0009321723379523397	0.008292220082984405
2.2572572572572573	-0.00036084315466216216	0.008264094010317562
2.2672672672672673	-0.002221777693094709	0.008241826447067818
2.2772772772772774	-0.005079862755480244	0.00822555851763649
2.2872872872872874	-0.009866239889417379	0.00821546969209396
2.2972972972972974	-0.018934363583311374	0.008211780246317817
2.3073073073073074	-0.03979450964644868	0.008214754347604823
2.3173173173173174	-0.10860878792981063	0.008224703841287258
2.3273273273273274	-0.7155446726125662	0.00824199282964217
2.3373373373373374	-2.095625836415774	0.008267043158952332
2.3473473473473474	-0.14549350016666657	0.008300340956470347
2.3573573573573574	-0.04351400153284893	0.008342444395496397
2.3673673673673674	-0.01815822755138489	0.008393992902851474
2.3773773773773774	-0.008305894102483832	0.008455718078285858
2.3873873873873874	-0.003530410220554639	0.00852845665407469
2.3973973973973974	-0.0008878675483127298	0.008613165903955522
2.4074074074074074	0.0007083513543689547	0.008710942007856609
2.4174174174174174	0.0017336974013252337	0.008823042004815663
2.4274274274274275	0.0024224168367135705	0.0089509101274218
2.4374374374374375	0.0029005211331314777	0.009096209515210394
2.4474474474474475	0.003240557969080483	0.00926086057118584
2.4574574574574575	0.0034866148187898825	0.009447087574831033
2.4674674674674675	0.0036666919053851056	0.009657475617491564
2.4774774774774775	0.003799236680348849	0.009895040531112174
2.4874874874874875	0.003896785326930093	0.010163315284636442
2.4974974974974975	0.003968085792432723	0.010466457404888852
2.5075075075075075	0.004019384119459634	0.010809383446410211
2.5175175175175175	0.004055230162774513	0.011197938549829577
2.5275275275275275	0.004078997111827407	0.01163911191533403
2.5375375375375375	0.004093225136164904	0.01214131292350235
2.5475475475475475	0.004099853899397562	0.012714728167771933
2.5575575575575575	0.004100383094927949	0.01337178760062941
2.5675675675675675	0.004095985319851812	0.01412777954029869
2.5775775775775776	0.004087586749372967	0.015001671323038528
2.5875875875875876	0.004075925666890489	0.016017217932614913
2.5975975975975976	0.00406159550685198	0.01720447991030529
2.6076076076076076	0.004045076907714995	0.018601932415662645
2.6176176176176176	0.004026761853943149	0.020259443408355414
2.6276276276276276	0.004006972053526497	0.02224255484769601
2.6376376376376376	0.003985973064226272	0.02463876021487682
2.6476476476476476	0.00396398525100141	0.027566915310046135
2.6576576576576576	0.003941192357324033	0.0311917018209
2.6676676676676676	0.003917748262774218	0.03574649232683437
2.6776776776776776	0.0038937823495330467	0.04157068034999355
2.6876876876876876	0.0038694037941080102	0.04917293442277271
2.6976976976976976	0.003844705021184466	0.059343130609693664
2.7077077077077076	0.003819764500138412	0.07336085214371366
2.7177177177177176	0.003794649023000976	0.09340847127960245
2.7277277277277276	0.0037694155678010084	0.12345381729473863
2.7377377377377377	0.0037441128335736463	0.17132414694571493
2.7477477477477477	0.0037187825082318077	0.25421768027486735
2.7577577577577577	0.0036934603217884934	0.41600044351882914
2.7677677677677677	0.0036681769253520484	0.7960209501685406
2.7777777777777777	0.003642958626510863	2.020702601190868
2.7877877877877877	0.0036178280078211873	8.394113426710529
2.7977977977977977	0.0035928044486992277	8.064947244548303
2.8078078078078077	0.003567904567334818	1.9986081521217782
2.8178178178178177	0.0035431425956396786	0.8094648083363697
2.8278278278278277	0.003518530699281492	0.43232699950985
2.8378378378378377	0.0034940792507985887	0.2692053613767859
2.8478478478478477	0.003469797063657322	0.18453020286690194
2.8578578578578577	0.0034456915934871954	0.13506085278488397
2.8678678678678677	0.0034217691116474875	0.10367402704229972
2.8778778778778777	0.0033980348544769934	0.08251220595184318
2.8878878878878878	0.0033744931530485926	0.0675636632121071
2.8978978978978978	0.003351147545202885	0.05660764065559928
2.9079079079079078	0.0033280008733356115	0.04833428730498202
2.9179179179179178	0.003305055369077118	0.04193051136109646
2.9279279279279278	0.003282312727445575	0.03686989767577289
2.937937937937938	0.0032597741713862117	0.032799407460339235
2.947947947947948	0.0032374405081809846	0.029475076784966667
2.957957957957958	0.003215312179058019	0.026723914673081692
2.967967967967968	0.0031933893020014248	0.0244204751770895
2.977977977977978	0.0031716717100648112	0.022471982710856084
2.987987987987988	0.0031501589841424925	0.02080861903473641
2.997997997997998	0.0031288504824125113	0.019377021544778106
3.008008008008008	0.0031077453650866036	0.018135834094272982
3.018018018018018	0.0030868426171102793	0.017052601659213167
3.028028028028028	0.003066141067193259	0.01610156404239404
3.038038038038038	0.0030456394041920958	0.015262062880750342
3.048048048048048	0.003025336191859274	0.01451737449215018
3.058058058058058	0.0030052298807154423	0.013853843199156616
3.068068068068068	0.0029853188183867454	0.013260229822271062
3.078078078078078	0.0029656012579553064	0.012727216357193578
3.088088088088088	0.002946075364936143	0.012247025443183025
3.098098098098098	0.0029267392222918835	0.01181312518303772
3.108108108108108	0.002907590833662624	0.011419998107064221
3.118118118118118	0.002888628125839816	0.011062958827085549
3.1281281281281283	0.0028698489491643304	0.010738008996598795
3.1381381381381384	0.0028512510762017385	0.010441721103527266
3.1481481481481484	0.0028328321992040907	0.010171144730254532
3.1581581581581584	0.0028145899256844676	0.009923730455974378
3.1681681681681684	0.002796521771809483	0.009697267713576369
3.1781781781781784	0.0027786251545545925	0.009489833759532945
3.1881881881881884	0.002760897380494231	0.009299751552455814
3.1981981981981984	0.00274333563326102	0.009125554817069398
3.2082082082082084	0.0027259369569509312	0.008965958938554943
3.2182182182182184	0.002708698237120623	0.008819836614747011
3.2282282282282284	0.0026916161776880877	0.008686197411780915
3.2382382382382384	0.0026746872731179864	0.008564170541005323
3.2482482482482484	0.0026579077758069527	0.008452990305616094
3.2582582582582584	0.0026412736568806466	0.008351983775429405
3.2682682682682684	0.0026247805602686814	0.008260560326240255
3.2782782782782784	0.00260842374745641	0.008178202752620014
3.2882882882882885	0.002592198032518592	0.00810445971197069
3.2982982982982985	0.002576097703963629	0.008038939304860096
3.3083083083083085	0.002560116431559777	0.007981303628438649
3.3183183183183185	0.002544247155327559	0.007931264170817241
3.3283283283283285	0.0025284819515919896	0.007888577937606408
3.3383383383383385	0.0025128118714457357	0.007853044219959292
3.3483483483483485	0.0024972267457814236	0.007824501931704598
3.3583583583583585	0.002481714947804282	0.007802827456229337
3.3683683683683685	0.0024662631042692176	0.00778793295538588
3.3783783783783785	0.002450855740038187	0.007779765103222155
3.3883883883883885	0.0024354748414788427	0.007778304216434132
3.3983983983983985	0.0024200993153497166	0.0077835637612287375
3.4084084084084085	0.0024047043144581563	0.00779559022407172
3.4184184184184185	0.002389260393725086	0.007814463340745105
3.4284284284284285	0.0023737324444369446	0.007840296684055762
3.4384384384384385	0.002358078342971065	0.007873238618984616
3.4484484484484486	0.0023422472205738144	0.007913473639236147
3.4584584584584586	0.0023261772339322373	0.007961224107254654
3.4684684684684686	0.002309792666262262	0.008016752427649118
3.4784784784784786	0.002293000123660832	0.008080363692113443
3.4884884884884886	0.002275683495229016	0.00815240884426418
3.4984984984984986	0.0022576972037550587	0.00823328842332676
3.5085085085085086	0.0022388570616633467	0.008323456958726433
3.5185185185185186	0.0022189277255034263	0.008423428102620024
3.5285285285285286	0.0021976052457951304	0.008533780605233183
3.5385385385385386	0.0021744924238305792	0.008655165258917864
3.5485485485485486	0.002149063424961916	0.008788312962085659
3.5585585585585586	0.0021206120187113927	0.008934044085127449
3.5685685685685686	0.002088174291686981	0.009093279357287301
3.5785785785785786	0.0020504105485836107	0.009267052538877291
3.5885885885885886	0.002005420079901713	0.009456525198803743
3.5985985985985987	0.0019504418769506829	0.009663003986159758
3.6086086086086087	0.0018813542829939685	0.00988796086906191
3.6186186186186187	0.001791804683735761	0.01013305692028589
3.6286286286286287	0.0016716234376219245	0.010400170361301038
3.6386386386386387	0.0015037678771651591	0.010691429743206107
3.6486486486486487	0.0012580212735905317	0.011009253354080768
3.6586586586586587	0.0008768567088333005	0.011356396211181336
3.6686686686686687	0.0002400914917177454	0.011736006340103456
3.6786786786786787	-0.0009372987274567677	0.01215169248789878
3.6886886886886887	-0.0034684115642674225	0.012607605991859146
3.6986986986986987	-0.010481298329485512	0.013108540280174084
3.7087087087087087	-0.04384888161319991	0.013660052469838665
3.7187187187187187	-2.4448714167951358	0.01426861284583105
3.7287287287287287	-0.09753582160419164	0.014941789762590975
3.7387387387387387	-0.019823036748651112	0.015688479888662014
3.7487487487487487	-0.0076717864256424795	0.016519196950327702
3.7587587587587588	-0.00359457204657925	0.017446436589056646
3.7687687687687688	-0.0017300912518480604	0.01848514114021381
3.7787787787787788	-0.000718556187195289	0.01965329686011916
3.7887887887887888	-0.0001068792986593614	0.020972708531146408
3.798798798798799	0.0002916797030889674	0.022470014268816486
3.808808808808809	0.0005658248458855942	0.024178029517039297
3.818818818818819	0.0007622237259293594	0.026137548056052028
3.828828828828829	0.0009074015133102068	0.028399786453042166
3.838838838838839	0.0010173772993748987	0.03102974838148515
3.848848848848849	0.0011023101677686894	0.03411092614094308
3.858858858858859	0.0011689077621269892	0.0377519819851203
3.868868868868869	0.0012217510623294856	0.04209642049123293
3.878878878878879	0.001264059873217371	0.047336881911582314
3.888888888888889	0.0012981539911106888	0.053736754666256194
3.898898898898899	0.0013257411606016067	0.06166370835146688
3.908908908908909	0.001348102551264592	0.07164326111669411
3.918918918918919	0.001366215521886865	0.08444724029245855
3.928928928928929	0.0013808368555770821	0.10124554441971101
3.938938938938939	0.0013925604149578738	0.1238782690769016
3.948948948948949	0.0014018578525855044	0.15536954780056897
3.958958958958959	0.0014091078586810691	0.20095888376782248
3.968968968968969	0.0014146175039468018	0.270327033598684
3.978978978978979	0.0014186380399152853	0.38283335299716764
3.988988988988989	0.0014213767479606574	0.5811347069163215
3.998998998998999	0.0014230059326037782	0.9703213826011297
4.009009009009009	0.0014236698232053492	1.830684161417683
4.019019019019019	0.0014234899243631193	3.6797400514061036
4.029029029029029	0.0014225692028872758	4.7518117659483
4.039039039039039	0.0014209953941808334	2.740367342569436
4.049049049049049	0.0014188436326164255	1.3567458585969714
4.059059059059059	0.001416178562280914	0.7529803052052874
4.069069069069069	0.0014130560417703966	0.4676431497812709
4.079079079079079	0.0014095245300025368	0.31567500695060063
4.089089089089089	0.0014056262205248832	0.2264774735445009
4.099099099099099	0.001401397975344544	0.17007592913152836
4.109109109109109	0.0013968720976131727	0.13230226624769476
4.119119119119119	0.0013920769744095167	0.10583333979564492
4.129129129129129	0.0013870376144397083	0.08659912239742514
4.1391391391391394	0.0013817760994600235	0.07219972012589891
4.1491491491491495	0.0013763119654123528	0.06114923233284506
4.1591591591591595	0.0013706625250191258	0.05248932622286656
4.1691691691691695	0.001364843142169386	0.04558018633332575
4.1791791791791795	0.0013588674661866595	0.039981814440726876
4.1891891891891895	0.001352747632582028	0.03538377333166063
4.1991991991991995	0.0013464944350904855	0.03156208059815507
4.2092092092092095	0.0013401174745929008	0.02835191615240441
4.2192192192192195	0.0013336252870236231	0.025629857208243314
4.2292292292292295	0.0013270254548179963	0.02330202744490955
4.2392392392392395	0.0013203247032363777	0.021296016308972696
4.2492492492492495	0.0013135289843692326	0.019555259546224855
4.2592592592592595	0.0013066435502473806	0.018035061284517834
4.2692692692692695	0.001299673016464043	0.01669973239076489
4.2792792792792795	0.001292621418253677	0.01552050140603317
4.2892892892892895	0.0012854922586397807	0.014473968856351866
4.2992992992992995	0.0012782885517514063	0.013540949406063811
4.3093093093093096	0.0012710128591270841	0.012705594627005275
4.31931931931932	0.0012636673227767363	0.01195472134605723
4.32932932932933	0.001256253693219514	0.011277292366364542
4.33933933933934	0.0012487733538580127	0.010664011337065746
4.34934934934935	0.0012412273426513636	0.010107004004329415
4.35935935935936	0.0012336163696675343	0.009599565434939493
4.36936936936937	0.0012259408334824768	0.009135958079308146
4.37937937937938	0.0012182008335915417	0.008711249320590317
4.38938938938939	0.0012103961816109887	0.008321179940147803
4.3993993993994	0.0012025264102349068	0.00796205695773151
4.40940940940941	0.0011945907799639508	0.00763066582386252
4.41941941941942	0.0011865882843927404	0.007324198075033055
4.42942942942943	0.0011785176537084572	0.007040191418602246
4.43943943943944	0.0011703773565894947	0.006776479869353411
4.44944944944945	0.0011621656005306505	0.006531152055708452
4.45945945945946	0.0011538803308938713	0.006302516204793014
4.46946946946947	0.0011455192279877116	0.006089070609595947
4.47947947947948	0.001137079703407573	0.005889478622901991
4.48948948948949	0.0011285588942246461	0.005702547399658508
4.4994994994995	0.0011199536563663173	0.0055272097628968194
4.50950950950951	0.001111260555786374	0.005362508677551935
4.51951951951952	0.00110247585881888	0.005207583913813824
4.52952952952953	0.00109359552041089	0.005061660554721358
4.53953953953954	0.001084615170781409	0.004924039061592826
4.54954954954955	0.0010755301007800242	0.004794086661784814
4.55955955955956	0.0010663352443150405	0.0046712298609065585
4.56956956956957	0.0010570251602343849	0.004554947915140745
4.57957957957958	0.0010475940108088677	0.004444767126192782
4.58958958958959	0.0010380355385954006	0.004340255841633214
4.5995995995996	0.0010283430405468382	0.004241020063764905
4.60960960960961	0.0010185093397470373	0.00414669958333307
4.61961961961962	0.0010085267538015206	0.004056964567849516
4.62962962962963	0.0009983870600348299	0.003971512544659776
4.63963963963964	0.0009880814578250804	0.0038900657272298075
4.64964964964965	0.0009776005262324187	0.00381236864082671
4.65965965965966	0.0009669341777199322	0.0037381860102163027
4.66966966966967	0.0009560716074422847	0.0036673008764223198
4.67967967967968	0.0009450012368908138	0.0035995129151480043
4.68968968968969	0.0009337106520124917	0.0035346369321137155
4.6996996996997	0.0009221865348612266	0.003472501514630762
4.70970970970971	0.0009104145883109126	0.003412947821222513
4.71971971971972	0.0008983794523118268	0.0033558284930688886
4.72972972972973	0.0008860646119082022	0.0033010066740247358
4.73973973973974	0.0008734522946743213	0.0032483551263390977
4.74974974974975	0.000860523357503818	0.0031977554322207536
4.75975975975976	0.000847257160477543	0.0031490972714170082
4.76976976976977	0.0008336314265028149	0.0031022777667233594
4.77977977977978	0.0008196220854268312	0.003057200890713648
4.78978978978979	0.0008052030995576716	0.00301377692617294
4.7997997997998	0.0007903462689761184	0.0029719219760494906
4.80980980980981	0.0007750210135572049	0.0029315575169143577
4.81981981981982	0.0007591941281707832	0.0028926099918607107
4.82982982982983	0.000742829508216273	0.002855010438832905
4.83983983983984	0.0007258878398939037	0.0028186941511854674
4.84984984984985	0.0007083262514711175	0.0027836003668497934
4.85985985985986	0.0006900979185849945	0.0027496719839978697
4.86986986986987	0.0006711516171843402	0.002716855299797092
4.87987987987988	0.0006514312158888714	0.0026850997713085295
4.88988988988989	0.0006308750981995465	0.0026543577952110272
4.8998998998999	0.0006094155031622888	0.0026245845054983724
4.90990990990991	0.0005869777709070753	0.0025957375872455073
4.91991991991992	0.0005634794777884432	0.0025677771047876536
4.92992992992993	0.0005388294408469612	0.0025406653435904114
4.93993993993994	0.0005129265699980733	0.0025143666638463816
4.94994994994995	0.00048565853976348107	0.002488847365565125
4.95995995995996	0.00045690024723442786	0.002464075563579337
4.96996996996997	0.00042651201687749955	0.0024400210719288094
4.97997997997998	0.00039433750224846344	0.002416655296793329
4.98998998998999	0.00036020122547976614	0.0023939511370930575
5.0	0.00032390568074465063	0.002371882892511978
