-5.0	0.0008477913919246594	-4.060767556336416e-5
-4.98998998998999	0.0008596807926419261	-2.1972268750925403e-5
-4.97997997997998	0.000872989184987647	-4.761326058857809e-6
-4.96996996996997	0.0008877863043163968	1.11950966180405e-5
-4.95995995995996	0.0009041518036199113	2.6045513723302002e-5
-4.94994994994995	0.0009221762731511269	3.992023007529763e-5
-4.93993993993994	0.0009419624306771812	5.293402479902744e-5
-4.92992992992993	0.0009636265102455569	6.518839896631716e-5
-4.91991991991992	0.0009872998830511275	7.677346628486615e-5
-4.90990990990991	0.0010131309511964045	8.776955051934411e-5
-4.8998998998999	0.0010412873637037877	9.824854107183503e-5
-4.88988988988989	0.0010719586148456716	0.00010827504811520826
-4.87987987987988	0.0011053590984248661	0.00011790739124190004
-4.86986986986987	0.0011417317079435955	0.00012719844919265773
-4.85985985985986	0.0011813520939265346	0.00013619639343901037
-4.84984984984985	0.0012245337157032648	0.00014494532439790326
-4.83983983983984	0.0012716338589584357	0.00015348582577861178
-4.82982982982983	0.0013230608328345713	0.0001618554500701442
-4.81981981981982	0.0013792826159344978	0.00017008914605365875
-4.80980980980981	0.0014408372917090364	0.0001782196373980786
-4.7997997997998	0.0015083457071048533	0.00018627776017542322
-4.78978978978979	0.0015825269101491393	0.00019429276578293009
-4.77977977977978	0.0016642170845350397	0.00020229259503143037
-4.76976976976977	0.0017543929142669373	0.00021030412816503498
-4.75975975975976	0.0018542006023987575	0.0002183534151315902
-4.74974974974975	0.0019649921614958085	0.00022646588986039855
-4.73973973973974	0.002088371134349035	0.00023466657178041576
-4.72972972972973	0.002226250651872154	0.0002429802576994188
-4.71971971971972	0.002380927784375777	0.00025143170675087536
-4.70970970970971	0.0025551796293425836	0.00026004582089868354
-4.6996996996997	0.002752388714124766	0.0002688478235732934
-4.68968968968969	0.002976708400513813	0.0002778634386548742
-4.67967967967968	0.0032332835704294753	0.00028711907222801416
-4.66966966966967	0.0035285487678032136	0.0002966419993631343
-4.65965965965966	0.0038706365064780546	0.0003064605584230456
-4.64964964964965	0.004269944860277333	0.0003166043553332112
-4.63963963963964	0.004739939538105351	0.0003271044805975422
-4.62962962962963	0.005298308092111971	0.0003379937418750724
-4.61961961961962	0.005968654743765714	0.0003493069154296856
-4.60960960960961	0.0067830459247526015	0.0003610810199544341
-4.5995995995996	0.007785932123406498	0.00037335561679629006
-4.58958958958959	0.009040367355638098	0.0003861731411074653
-4.57957957957958	0.010638204387926193	0.0003995792691339426
-4.56956956956957	0.012717460239322942	0.00041362332760449893
-4.55955955955956	0.015493253803258547	0.00042835875207912136
-4.54954954954955	0.0193159472582151	0.0004438436023316813
-4.53953953953954	0.024787710557925106	0.00046014114410537424
-4.52952952952953	0.033015685640136475	0.00047732050822351605
-4.51951951951952	0.04622082130588189	0.0004954574400841261
-4.50950950950951	0.06941348425591343	0.0005146351547695017
-4.4994994994995	0.1159622336648732	0.0005349453160960493
-4.48948948948949	0.2322720527113862	0.000556489161258527
-4.47947947947948	0.6812304267550147	0.0005793787971446888
-4.46946946946947	8.016630746900853	0.0006037386995667625
-4.45945945945946	3.4941644864696237	0.000629707453226838
-4.44944944944945	0.5102578532527912	0.0006574397781865486
-4.43943943943944	0.19417479824067815	0.0006871088986406024
-4.42942942942943	0.10143937935154317	0.0007189093221920164
-4.41941941941942	0.06218073680558142	0.0007530601135097998
-4.40940940940941	0.0419871285578573	0.0007898087658809085
-4.3993993993994	0.030254122421860864	0.0008294357992779111
-4.38938938938939	0.022841796538059136	0.0008722602453189683
-4.37937937937938	0.01786384809202073	0.0009186462205626901
-4.36936936936937	0.014361135341412824	0.0009690108423439636
-4.35935935935936	0.011804142567024504	0.0010238338102534388
-4.34934934934935	0.009881185388288116	0.0010836690662114426
-4.33933933933934	0.00839911658664277	0.0011491590652256795
-4.32932932932933	0.007233083614587809	0.0012210523467794676
-4.31931931931932	0.006299480693634724	0.0013002253089571276
-4.3093093093093096	0.005540619504383299	0.0013877093744132458
-4.2992992992992995	0.004915656206345368	0.0014847251294921083
-4.2892892892892895	0.004395018332324823	0.0015927255589506177
-4.2792792792792795	0.003956869682993452	0.001713451254040152
-4.2692692692692695	0.0035848040278279067	0.001849001537558195
-4.2592592592592595	0.003266302693670601	0.0020019269726621685
-4.2492492492492495	0.0029916800292120213	0.002175350928190905
-4.2392392392392395	0.002753348056035922	0.002373131114149856
-4.2292292292292295	0.002545294501058541	0.0026000768374209652
-4.2192192192192195	0.0023627062837959967	0.002862245067157424
-4.2092092092092095	0.002201693921973825	0.003167349745043293
-4.1991991991991995	0.002059087091375111	0.0035253366700143513
-4.1891891891891895	0.0019322810984798138	0.003949205140836289
-4.1791791791791795	0.0018191202786378854	0.004456205213913429
-4.1691691691691695	0.0017178085111451762	0.00506962036520624
-4.1591591591591595	0.001626839879212075	0.005821486951735997
-4.1491491491491495	0.0015449444561736391	0.006756858202911582
-4.1391391391391394	0.0014710455633540939	0.007940702709647104
-4.129129129129129	0.0014042258089999296	0.009469475453774252
-4.119119119119119	0.001343699907472715	0.011491360655345558
-4.109109109109109	0.0012887927765477829	0.014243491847735271
-4.099099099099099	0.0012389217750220839	0.018124602653221022
-4.089089089089089	0.0011935822116979733	0.023847616790352962
-4.079079079079079	0.001152335456657131	0.032791080716141466
-4.069069069069069	0.0011147991362308906	0.047911703036269196
-4.059059059059059	0.0010806390064350998	0.07653521755112566
-4.049049049049049	0.0010495621864984271	0.14120551922803895
-4.039039039039039	0.0010213115006069261	0.34247050678844576
-4.029029029029029	0.0009956607274965404	1.7331862541173195
-4.019019019019019	0.0009724105975900156	21.73511344887003
-4.009009009009009	0.0009513854087605021	0.759843889677584
-3.998998998998999	0.0009324301566218253	0.22874680071297998
-3.988988988988989	0.0009154080946590386	0.10878503930694401
-3.978978978978979	0.0009001986553932787	0.0634804051478049
-3.968968968968969	0.0008866956761068197	0.041628772623686514
-3.958958958958959	0.0008748058827905768	0.02944452524457588
-3.948948948948949	0.0008644475941777001	0.02196335098377233
-3.938938938938939	0.0008555496143940175	0.01704263948354255
-3.928928928928929	0.000848050288056248	0.013634583920492592
-3.918918918918919	0.0008418966963817266	0.011177481382332696
-3.908908908908909	0.0008370439763321969	0.009348201766186698
-3.898898898898899	0.000833454748084412	0.0079501513944739
-3.888888888888889	0.0008310986386690827	0.006858145064521366
-3.878878878878879	0.0008299518917847433	0.005989395225784943
-3.868868868868869	0.0008299970557856076	0.005287377355953851
-3.858858858858859	0.0008312227433662505	0.004712430854417695
-3.848848848848849	0.0008336234580262737	0.004236063353859976
-3.838838838838839	0.0008371994835557344	0.0038373798662761985
-3.828828828828829	0.0008419568341266756	0.003500776769697821
-3.818818818818819	0.0008479072635162996	0.0032144133231182784
-3.808808808808809	0.000855068333146923	0.0029691748960541794
-3.798798798798799	0.0008634635396270013	0.002757955097843263
-3.7887887887887888	0.0008731225035401988	0.0025751494451224065
-3.7787787787787788	0.0008840812222647602	0.002416292228665787
-3.7687687687687688	0.0008963823908389947	0.0022777921171915506
-3.7587587587587588	0.0009100757960886514	0.002156736990171642
-3.7487487487487487	0.0009252187906022973	0.0020507480596736586
-3.7387387387387387	0.0009418768547329575	0.001957869582532124
-3.7287287287287287	0.000960124256622563	0.0018764846084917174
-3.7187187187187187	0.0009800448222139775	0.0018052500071095497
-3.7087087087087087	0.0010017328296886153	0.001743045933154895
-3.6986986986986987	0.0010252940456251594	0.0016889362221273261
-3.6886886886886887	0.0010508469234559062	0.0016421371453887823
-3.6786786786786787	0.0010785239888952188	0.001601992623007149
-3.6686686686686687	0.001108473441760775	0.0015679544744663708
-3.6586586586586587	0.0011408610095007673	0.0015395666389735432
-3.6486486486486487	0.0011758720947025192	0.001516452556464751
-3.6386386386386387	0.0012137142675387284	0.0014983050935761637
-3.6286286286286287	0.0012546201645949817	0.0014848785446146967
-3.6186186186186187	0.001298850868465475	0.0014759823488769968
-3.6086086086086087	0.0013466998585282197	0.0014714762517020088
-3.5985985985985987	0.0013984976432892405	0.0014712667046337619
-3.5885885885885886	0.0014546172093317206	0.0014753043545261961
-3.5785785785785786	0.0015154804533839437	0.001483582516678738
-3.5685685685685686	0.0015815658031466807	0.0014961365655154749
-3.5585585585585586	0.001653417282621365	0.0015130442109423687
-3.5485485485485486	0.001731655341480511	0.001534426660634482
-3.5385385385385386	0.0018169898499972225	0.001560450700585759
-3.5285285285285286	0.0019102357670099266	0.0015913317595743698
-3.5185185185185186	0.002012332126560125	0.0016273380599791743
-3.5085085085085086	0.0021243651696859897	0.001668795999418299
-3.4984984984984986	0.0022475966872604297	0.0017160969578741724
-3.4884884884884886	0.002383498958188169	0.0017697057860331386
-3.4784784784784786	0.002533798095645747	0.001830171307053097
-3.4684684684684686	0.002700528194195753	0.001898139260868861
-3.4584584584584586	0.0028860994654034016	0.001974368245079091
-3.4484484484484486	0.003093384648068029	0.0020597493689721684
-3.4384384384384385	0.0033258295157952747	0.0021553305514858193
-3.4284284284284285	0.0035875954777983632	0.002262346678519667
-3.4184184184184185	0.0038837453828757702	0.00238225721754721
-3.4084084084084085	0.0042204881577738015	0.0025167934060324484
-3.3983983983983985	0.00460550457431223	0.0026680178411220656
-3.3883883883883885	0.005048386414017372	0.0028384002825658627
-3.3783783783783785	0.005561236490283201	0.003030914860021394
-3.3683683683683685	0.006159500562090219	0.003249165831347502
-3.3583583583583585	0.006863139513383719	0.0034975518465389928
-3.3483483483483485	0.007698310667602678	0.0037814827606183535
-3.3383383383383385	0.00869982758878495	0.004107669081148308
-3.3283283283283285	0.009914839308833865	0.004484513210196927
-3.3183183183183185	0.011408472150142021	0.004922645508689883
-3.3083083083083085	0.013272728546705548	0.005435669813104008
-3.2982982982982985	0.01564098326705502	0.006041217394078317
-3.2882882882882885	0.018712494437192945	0.006762464268572749
-3.2782782782782784	0.022795693571561255	0.007630360137228843
-3.2682682682682684	0.028388695027606613	0.008686977551484136
-3.2582582582582584	0.03633864977563539	0.009990674124613415
-3.2482482482482484	0.048182319742479975	0.01162428271528947
-3.2382382382382384	0.06694823850084825	0.013708543435674101
-3.2282282282282284	0.0993030874636846	0.016424993738354068
-3.2182182182182184	0.1624016577438477	0.02005677013661405
-3.2082082082082084	0.3123403491823434	0.025065331845162228
-3.1981981981981984	0.8304029602070611	0.0322443790023317
-3.1881881881881884	6.002618688451554	0.043054390786462546
-3.1781781781781784	11.193707528707408	0.06042785629174505
-3.1681681681681684	1.028259274012493	0.09098779357807654
-3.1581581581581584	0.35515588703095385	0.15243151124034166
-3.1481481481481484	0.17800534817274935	0.3063239228349785
-3.1381381381381384	0.10663807428814397	0.9029201956684512
-3.1281281281281283	0.07095766384813812	10.86561707569134
-3.118118118118118	0.050602872811598025	4.5622039072229725
-3.108108108108108	0.03790563676423936	0.6717369386159578
-3.098098098098098	0.02945626538034527	0.2564849252572055
-3.088088088088088	0.02355135992866075	0.1342833224532467
-3.078078078078078	0.019263021156155278	0.08244684090995957
-3.068068068068068	0.01605076014872726	0.05574048291077284
-3.058058058058058	0.01358244708834741	0.04020099993000994
-3.048048048048048	0.011644862091724729	0.030370472152055156
-3.038038038038038	0.010096039865850878	0.023759586018982714
-3.028028028028028	0.008838494224959581	0.019101498367479215
-3.018018018018018	0.007803485922338456	0.01569628465871519
-3.008008008008008	0.006941419323909089	0.01313166435388184
-2.997997997997998	0.006215783660573537	0.011151983296352383
-2.987987987987988	0.005599218851819869	0.009591879743525983
-2.977977977977978	0.005070895239696167	0.008340554210253672
-2.967967967967968	0.004614728656523036	0.00732150927575933
-2.957957957957958	0.004218139785102109	0.00648055244940689
-2.947947947947948	0.0038711760708683607	0.005778423562765878
-2.937937937937938	0.003565879970364769	0.00518611618676065
-2.9279279279279278	0.0032958276100373955	0.004681824053464917
-2.9179179179179178	0.003055787276947088	0.004248898049409726
-2.9079079079079078	0.002841463445361046	0.00387444887398312
-2.8978978978978978	0.0026493027032592465	0.0035483722667388772
-2.8878878878878878	0.002476345044390532	0.0032626568270951372
-2.8778778778778777	0.002320108799268083	0.0030108845325684057
-2.8678678678678677	0.002178500781583294	0.002787864997773962
-2.8578578578578577	0.0020497455272618843	0.0025893640601154953
-2.8478478478478477	0.0019323291266677503	0.0024118998800694976
-2.8378378378378377	0.00182495430903866	0.0022525880227500968
-2.8278278278278277	0.001726504274821204	0.002109022520742043
-2.8178178178178177	0.001636013381544519	0.00197918367466589
-2.8078078078078077	0.0015526432382141526	0.0018613659362188978
-2.7977977977977977	0.0014756630971181166	0.0017541210256512571
-2.7877877877877877	0.0014044336822965694	0.0016562127136156197
-2.7777777777777777	0.00133839378317734	0.0015665806117033025
-2.7677677677677677	0.0012770490858636469	0.001484310977322858
-2.7577577577577577	0.0012199628252522038	0.00140861302188889
-2.7477477477477477	0.0011667479264039055	0.0013387995678281524
-2.7377377377377377	0.0011170603700872003	0.00127427116544786
-2.7277277277277276	0.0010705935692993873	0.0012145029800095743
-2.7177177177177176	0.0010270735844548455	0.0011590339102493172
-2.7077077077077076	0.0009862550372768156	0.0011074575146682408
-2.6976976976976976	0.0009479176091834688	0.0010594144102913398
-2.6876876876876876	0.000911863030527687	0.0010145858770090033
-2.6776776776776776	0.0008779124835753268	0.0009726884537944165
-2.6676676676676676	0.000845904355543477	0.0009334693547847516
-2.6576576576576576	0.0008156922887383908	0.0008967025661056985
-2.6476476476476476	0.0007871434837625234	0.000862185510260166
-2.6376376376376376	0.0007601372189282984	0.0008297361856893217
-2.6276276276276276	0.0007345635549461808	0.0007991907056793589
-2.6176176176176176	0.0007103221988751433	0.000770401174125908
-2.6076076076076076	0.0006873215053240591	0.0007432338464766356
-2.5975975975975976	0.0006654775962752133	0.0007175675329160024
-2.5875875875875876	0.0006447135837185505	0.000693292207974146
-2.5775775775775776	0.0006249588815639248	0.0006703077966417068
-2.5675675675675675	0.0006061485953333329	0.0006485231118019547
-2.5575575575575575	0.000588222979716596	0.000627854921816484
-2.5475475475475475	0.0005711269555264321	0.0006082271303502702
-2.5375375375375375	0.0005548096787125019	0.0005895700532424019
-2.5275275275275275	0.0005392241551355973	0.0005718197795319318
-2.5175175175175175	0.0005243268956033046	0.0005549176055993977
-2.5075075075075075	0.0005100776064856212	0.0005388095330460665
-2.4974974974974975	0.0004964389116995704	0.0005234458222106465
-2.4874874874874875	0.0004833761025458383	0.0005087805943778787
-2.4774774774774775	0.00047085691223040544	0.0004947714767406085
-2.4674674674674675	0.000458851312291335	0.0004813792848928533
-2.4574574574574575	0.00044733132860409584	0.0004685677384133046
-2.4474474474474475	0.0004362708747740878	0.0004563032056505653
-2.4374374374374375	0.0004256456010962791	0.00044455447432715253
-2.4274274274274275	0.0004154327574445278	0.00043329254502664426
-2.4174174174174174	0.0004056110686185258	0.0004224904449661541
-2.4074074074074074	0.0003961606208923091	0.00041212305984944964
-2.3973973973973974	0.00038706275862974423	0.00040216698177205116
-2.3873873873873874	0.00037829998992701587	0.00039260037149546867
-2.3773773773773774	0.00036985590043571155	0.0003834028335172575
-2.3673673673673674	0.0003617150745381449	0.0003745553026357582
-2.3573573573573574	0.000353863023171118	0.00036603994077330596
-2.3473473473473474	0.00034628611766725876	0.00035784004305146626
-2.3373373373373374	0.0003389715290556755	0.0003499399521487717
-2.3273273273273274	0.00033190717228331787	0.0003423249801355928
-2.3173173173173174	0.00032508165495762916	0.0003349813370418492
-2.3073073073073074	0.0003184842301322537	0.00032789606549839625
-2.2972972972972974	0.00031210475284237975	0.00032105698087961127
-2.2872872872872874	0.0003059336399868736	0.00031445261641478055
-2.2772772772772774	0.00029996183332175677	0.00030807217279791264
-2.2672672672672673	0.00029418076526574753	0.0003019054718979821
-2.2572572572572573	0.0002885823272659287	0.0002959429141651245
-2.2472472472472473	0.0002831588405373191	0.00029017543942820296
-2.2372372372372373	0.00027790302894363067	0.0002845944907503865
-2.2272272272272273	0.00027280799386738793	0.000279191981097721
-2.2172172172172173	0.00026786719088857055	0.00027396026255499734
-2.2072072072072073	0.00026307440812280435	0.00026889209787003555
-2.1971971971971973	0.00025842374610159904	0.00026398063414987354
-2.1871871871871873	0.00025390959905221877	0.0002592193784816857
-2.1771771771771773	0.000249526637485027	0.0002546021753692542
-2.1671671671671673	0.00024526979195824155	0.00025012318578442337
-2.1571571571571573	0.00024113423796669222	0.0002457768677449357
-2.1471471471471473	0.00023711538182732302	0.0002415579582540912
-2.1371371371371373	0.00023320884752686964	0.0002374614565275293
-2.1271271271271273	0.0002294104644138801	0.00023348260838081198
-2.1171171171171173	0.0002257162557128533	0.00022961689169271324
-2.1071071071071072	0.00022212242777472997	0.00022586000286919076
-2.0970970970970972	0.0002186253600250533	0.00022220784421645334
-2.0870870870870872	0.00021522159553898922	0.00021865651215890214
-2.0770770770770772	0.00021190783222187394	0.00021520228624598758
-2.067067067067067	0.00020868091453494676	0.00021184161887359136
-2.057057057057057	0.000205537825729971	0.00020857112567632122
-2.047047047047047	0.00020247568057409264	0.00020538757654936198
-2.037037037037037	0.0001994917184976904	0.00020228788722046848
-2.027027027027027	0.0001965832971709759	0.00019926911138434423
-2.017017017017017	0.0001937478864602544	0.00019632843330289233
-2.007007007007007	0.00019098306273422147	0.00019346316089339117
-1.996996996996997	0.00018828650351740043	0.00019067071921442276
-1.986986986986987	0.0001856559824497803	0.00018794864436667814
-1.976976976976977	0.00018308936453254182	0.00018529457776250528
-1.966966966966967	0.0001805846016542005	0.00018270626073045118
-1.956956956956957	0.00017813972836970289	0.00018018152944626142
-1.946946946946947	0.00017575285791135087	0.00017771831016564793
-1.936936936936937	0.0001734221784265986	0.00017531461472679362
-1.926926926926927	0.00017114594943311474	0.00017296853632542904
-1.916916916916917	0.000168922498449472	0.0001706782455162085
-1.906906906906907	0.00016675021783094156	0.0001684419864650087
-1.896896896896897	0.0001646275617589245	0.00016625807338517288
-1.8868868868868869	0.00016255304341031962	0.00016412488720445585
-1.8768768768768769	0.00016052523225540042	0.00016204087238509354
-1.8668668668668669	0.00015854275152268955	0.00016000453394792157
-1.8568568568568569	0.00015660427577758024	0.00015801443464061966
-1.8468468468468469	0.00015470852863631827	0.00015606919226970382
-1.8368368368368369	0.00015285428060507372	0.0001541674771643881
-1.8268268268268268	0.00015104034701084296	0.0001523080097957321
-1.8168168168168168	0.00014926558605717356	0.0001504895585022057
-1.8068068068068068	0.00014752889696362343	0.00014871093734454606
-1.7967967967967968	0.00014582921821396216	0.00014697100407366572
-1.7867867867867868	0.00014416552587286291	0.00014526865819750043
-1.7767767767767768	0.0001425368320077061	0.00014360283915675453
-1.7667667667667668	0.00014094218316403748	0.0001419725245812431
-1.7567567567567568	0.00013938065894071133	0.0001403767286466207
-1.7467467467467468	0.00013785137060973976	0.00013881450050921826
-1.7367367367367368	0.00013635345982003977	0.000137284922813875
-1.7267267267267268	0.00013488609736398062	0.00013578711028295695
-1.7167167167167168	0.000133448481981202	0.00013432020837247216
-1.7067067067067068	0.00013203983924521442	0.00013288339199497306
-1.6966966966966968	0.0001306594204856512	0.00013147586430204246
-1.6866866866866868	0.0001293065017683258	0.00013009685552259546
-1.6766766766766767	0.0001279803829157202	0.0001287456218665907
-1.6666666666666667	0.0001266803865832626	0.00012742144447131545
-1.6566566566566567	0.00012540585735949062	0.00012612362840162721
-1.6466466466466467	0.00012415616093279904	0.00012485150169692306
-1.6366366366366367	0.0001229306832719691	0.00012360441446237604
-1.6266266266266267	0.00012172882985339725	0.0001223817379956242
-1.6166166166166167	0.0001205500249233426	0.00012118286397266889
-1.6066066066066067	0.00011939371079469215	0.00012000720364364759
-1.5965965965965967	0.00011825934716490386	0.00011885418708464805
-1.5865865865865867	0.00011714641047518503	0.0001177232624822198
-1.5765765765765767	0.00011605439329152827	0.00011661389544071468
-1.5665665665665667	0.0001149828037106639	0.00011552556832275907
-1.5565565565565564	0.00011393116479549243	0.00011445777962687907
-1.5465465465465464	0.00011289901403663716	0.00011341004338132934
-1.5365365365365364	0.00011188590282687472	0.00011238188857558345
-1.5265265265265264	0.00011089139596826331	0.0001113728586034874
-1.5165165165165164	0.00010991507119385929	0.00011038251074428112
-1.5065065065065064	0.00010895651871298385	0.00010941041565425233
-1.4964964964964964	0.00010801534076865409	0.00010845615688395666
-1.4864864864864864	0.00010709115122590362	0.0001075193304199866
-1.4764764764764764	0.00010618357515996379	0.00010659954424415658
-1.4664664664664664	0.00010529224847663279	0.00010569641790124441
-1.4564564564564564	0.00010441681753496216	0.00010480958209895493
-1.4464464464464464	0.00010355693879863366	0.00010393867832016869
-1.4364364364364364	0.00010271227849085951	0.00010308335844224578
-1.4264264264264264	0.00010188251226224647	0.00010224328438490562
-1.4164164164164164	0.00010106732488107196	0.00010141812776280756
-1.4064064064064064	0.00010026640992980705	0.00010060756955547617
-1.3963963963963963	9.947946950971531e-5	9.98112997929191e-5
-1.3863863863863863	9.870621396509678e-5	9.90290172487492e-5
-1.3763763763763763	9.794636161339418e-5	9.82604291470975e-5
-1.3663663663663663	9.719963848421038e-5	9.750525088657545e-5
-1.3563563563563563	9.646577807321417e-5	9.676320576571654e-5
-1.3463463463463463	9.574452110062543e-5	9.603402472523943e-5
-1.3363363363363363	9.503561528293284e-5	9.531744609995382e-5
-1.3263263263263263	9.433881510901574e-5	9.461321537580002e-5
-1.3163163163163163	9.365388162592909e-5	9.39210849622945e-5
-1.3063063063063063	9.298058223792089e-5	9.324081397038537e-5
-1.2962962962962963	9.231869050266703e-5	9.257216799799225e-5
-1.2862862862862863	9.166798594508029e-5	9.191491892524479e-5
-1.2762762762762763	9.102825386976276e-5	9.126884471525878e-5
-1.2662662662662663	9.039928518803249e-5	9.063372922815102e-5
-1.2562562562562563	8.978087624249952e-5	9.000936203162024e-5
-1.2462462462462462	8.917282864856607e-5	8.939553823013522e-5
-1.2362362362362362	8.857494912881308e-5	8.879205828950294e-5
-1.2262262262262262	8.798704936377599e-5	8.819872787864189e-5
-1.2162162162162162	8.740894584772415e-5	8.761535770569083e-5
-1.2062062062062062	8.684045973943889e-5	8.704176337199124e-5
-1.1961961961961962	8.628141672802628e-5	8.647776522017576e-5
-1.1861861861861862	8.573164690300116e-5	8.592318819494584e-5
-1.1761761761761762	8.519098462222055e-5	8.537786170513058e-5
-1.1661661661661662	8.465926838901521e-5	8.484161949592167e-5
-1.1561561561561562	8.413634073560201e-5	8.431429951611617e-5
-1.1461461461461462	8.362204810520608e-5	8.379574379943961e-5
-1.1361361361361362	8.311624074420214e-5	8.328579834455806e-5
-1.1261261261261262	8.261877258770658e-5	8.278431300259345e-5
-1.1161161161161162	8.212950116401587e-5	8.229114136420242e-5
-1.1061061061061062	8.164828749167924e-5	8.180614065573025e-5
-1.0960960960960962	8.11749959773171e-5	8.132917163448331e-5
-1.0860860860860861	8.070949432885018e-5	8.08600984899018e-5
-1.0760760760760761	8.025165346164297e-5	8.039878874761315e-5
-1.0660660660660661	7.980134741105627e-5	7.994511317698347e-5
-1.0560560560560561	7.93584532481613e-5	7.949894570150493e-5
-1.0460460460460461	7.892285099940655e-5	7.906016331254694e-5
-1.0360360360360361	7.849442356200684e-5	7.86286459820359e-5
-1.026026026026026	7.80730566341993e-5	7.820427658811596e-5
-1.016016016016016	7.765863863505241e-5	7.778694082930776e-5
-1.006006006006006	7.725106063863583e-5	7.737652715665409e-5
-0.995995995995996	7.685021629860184e-5	7.697292669323709e-5
-0.985985985985986	7.645600178262265e-5	7.657603316709115e-5
-0.975975975975976	7.606831571369819e-5	7.618574284319778e-5
-0.965965965965966	7.5687059094541e-5	7.580195445479184e-5
-0.955955955955956	7.531213525773385e-5	7.54245691386848e-5
-0.9459459459459459	7.494344980303083e-5	7.505349037945739e-5
-0.9359359359359359	7.458091053619287e-5	7.468862394078528e-5
-0.9259259259259259	7.422442742116607e-5	7.43298778112661e-5
-0.9159159159159159	7.38739125175199e-5	7.397716214729169e-5
-0.9059059059059059	7.352927993687925e-5	7.363038922202628e-5
-0.8958958958958959	7.319044578653401e-5	7.328947336577949e-5
-0.8858858858858859	7.285732812230748e-5	7.295433091965877e-5
-0.8758758758758759	7.252984690254692e-5	7.262488018483726e-5
-0.8658658658658659	7.220792393981468e-5	7.230104137472691e-5
-0.8558558558558559	7.189148285910684e-5	7.198273656608902e-5
-0.8458458458458459	7.158044905194055e-5	7.166988965770167e-5
-0.8358358358358359	7.127474963619825e-5	7.136242632341483e-5
-0.8258258258258259	7.097431341511102e-5	7.106027397267639e-5
-0.8158158158158159	7.067907083731394e-5	7.076336170543207e-5
-0.8058058058058059	7.038895396315289e-5	7.047162027626111e-5
-0.7957957957957958	7.010389641828701e-5	7.01849820529976e-5
-0.7857857857857858	6.982383336639617e-5	6.990338098219433e-5
-0.7757757757757757	6.954870147108603e-5	6.962675255032993e-5
-0.7657657657657657	6.927843886201414e-5	6.935503374887594e-5
-0.7557557557557557	6.901298510411077e-5	6.908816304121981e-5
-0.7457457457457457	6.875228116309375e-5	6.882608032699799e-5
-0.7357357357357357	6.84962693746284e-5	6.85687269161922e-5
-0.7257257257257257	6.824489341696959e-5	6.831604549145995e-5
-0.7157157157157157	6.799809828146369e-5	6.806798007917088e-5
-0.7057057057057057	6.775583024150115e-5	6.78244760249066e-5
-0.6956956956956957	6.751803682918365e-5	6.758547995850604e-5
-0.6856856856856857	6.728466680546111e-5	6.735093977008247e-5
-0.6756756756756757	6.705567013704349e-5	6.7120804583321e-5
-0.6656656656656657	6.683099796825176e-5	6.689502472925375e-5
-0.6556556556556556	6.661060260131396e-5	6.667355172136402e-5
-0.6456456456456456	6.639443746853946e-5	6.645633822654232e-5
-0.6356356356356356	6.618245711137119e-5	6.624333805375052e-5
-0.6256256256256256	6.597461716008188e-5	6.603450611598605e-5
-0.6156156156156156	6.577087430885539e-5	6.582979841726714e-5
-0.6056056056056056	6.557118629544721e-5	6.562917202851158e-5
-0.5955955955955956	6.537551188429084e-5	6.543258506803993e-5
-0.5855855855855856	6.518381084363642e-5	6.52399966779876e-5
-0.5755755755755756	6.499604392721382e-5	6.505136700970798e-5
-0.5655655655655656	6.481217285695863e-5	6.486665719869698e-5
-0.5555555555555556	6.463216030302049e-5	6.468582935096497e-5
-0.5455455455455456	6.445596986873612e-5	6.450884652236468e-5
-0.5355355355355356	6.428356607232013e-5	6.433567270096356e-5
-0.5255255255255256	6.411491433120006e-5	6.416627279382446e-5
-0.5155155155155156	6.394998094465114e-5	6.400061260583318e-5
-0.5055055055055055	6.378873308129118e-5	6.38386588258197e-5
-0.4954954954954955	6.36311387602539e-5	6.368037901315752e-5
-0.4854854854854855	6.34771668418504e-5	6.352574157940495e-5
-0.4754754754754755	6.332678700827677e-5	6.337471577540814e-5
-0.46546546546546547	6.317996975422468e-5	6.32272716789988e-5
-0.45545545545545546	6.303668637116154e-5	6.308338017776762e-5
-0.44544544544544545	6.289690893483677e-5	6.294301295942749e-5
-0.43543543543543545	6.276061029633326e-5	6.280614249639676e-5
-0.42542542542542544	6.262776406411659e-5	6.267274203682901e-5
-0.41541541541541543	6.249834459795768e-5	6.254278558825986e-5
-0.40540540540540543	6.237232699587098e-5	6.241624790967946e-5
-0.3953953953953954	6.224968708053198e-5	6.229310449902034e-5
-0.38538538538538536	6.213040139461538e-5	6.217333158372393e-5
-0.37537537537537535	6.201444718445333e-5	6.205690610696514e-5
-0.36536536536536535	6.190180239586575e-5	6.194380572155913e-5
-0.35535535535535534	6.179244566045202e-5	6.183400877771982e-5
-0.34534534534534533	6.168635628858226e-5	6.17274943147235e-5
-0.3353353353353353	6.158351426118593e-5	6.162424205239391e-5
-0.3253253253253253	6.148390021865492e-5	6.152423238034893e-5
-0.3153153153153153	6.138749545647732e-5	6.142744635134558e-5
-0.3053053053053053	6.12942819126483e-5	6.133386567467889e-5
-0.2952952952952953	6.12042421647679e-5	6.124347270233388e-5
-0.2852852852852853	6.111735942147762e-5	6.115625043037146e-5
-0.2752752752752753	6.103361751191742e-5	6.10721824829104e-5
-0.2652652652652653	6.095300088414726e-5	6.099125311328389e-5
-0.2552552552552553	6.0875494595181416e-5	6.0913447190467854e-5
-0.24524524524524524	6.08010843069927e-5	6.08387501978603e-5
-0.23523523523523523	6.072975627940646e-5	6.0767148223845886e-5
-0.22522522522522523	6.0661497364688694e-5	6.069862795634345e-5
-0.21521521521521522	6.059629500132085e-5	6.063317668115192e-5
-0.20520520520520522	6.053413721153976e-5	6.0570782271669884e-5
-0.19519519519519518	6.0475012593189694e-5	6.051143318648253e-5
-0.18518518518518517	6.041891031743554e-5	6.045511846393105e-5
-0.17517517517517517	6.036582012277256e-5	6.0401827718302956e-5
-0.16516516516516516	6.031573231296061e-5	6.0351551133997284e-5
-0.15515515515515516	6.026863774933947e-5	6.030427946406018e-5
-0.14514514514514515	6.0224527852670365e-5	6.02600040225754e-5
-0.13513513513513514	6.018339459320269e-5	6.021871668597806e-5
-0.12512512512512514	6.014523049305053e-5	6.018040988498976e-5
-0.11511511511511512	6.01100286208033e-5	6.01450766058243e-5
-0.10510510510510511	6.007778258833686e-5	6.011271038256284e-5
-0.09509509509509509	6.004848654850226e-5	6.008330529896318e-5
-0.08508508508508508	6.002213519379658e-5	6.005685598460615e-5
-0.07507507507507508	5.9998723753328005e-5	6.003335761068272e-5
-0.06506506506506507	5.997824799064271e-5	6.001280589097327e-5
-0.055055055055055056	5.996070420380027e-5	5.9995197079138766e-5
-0.04504504504504504	5.9946089219361206e-5	5.99805279650082e-5
-0.035035035035035036	5.993440039730732e-5	5.996879587798677e-5
-0.025025025025025027	5.992563562865441e-5	5.995999868014917e-5
-0.015015015015015015	5.991979332725213e-5	5.9954134771010604e-5
-0.005005005005005005	5.991687244071759e-5	5.9951203083140205e-5
0.005005005005005005	5.991687244105056e-5	5.9951203084028336e-5
0.015015015015015015	5.9919793327696227e-5	5.995413477134366e-5
0.025025025025025027	5.9925635628099396e-5	5.995999868003872e-5
0.035035035035035036	5.9934400397751954e-5	5.9968795876764556e-5
0.04504504504504504	5.994608921891826e-5	5.9980527964119646e-5
0.055055055055055056	5.996070420335668e-5	5.9995197079469745e-5
0.06506506506506507	5.997824799186091e-5	6.001280589086131e-5
0.07507507507507508	5.999872375443992e-5	6.003335761001541e-5
0.08508508508508508	6.002213519490499e-5	6.005685598449512e-5
0.09509509509509509	6.0048486549611064e-5	6.008330529918303e-5
0.10510510510510511	6.0077782589222126e-5	6.0112710382116e-5
0.11511511511511512	6.011002862146859e-5	6.014507660559788e-5
0.12512512512512514	6.01452304951547e-5	6.0180409885320316e-5
0.13513513513513514	6.0183394594418924e-5	6.0218716685419756e-5
0.14514514514514515	6.022452785388687e-5	6.0260004022687656e-5
0.15515515515515516	6.0268637752096135e-5	6.030427946371892e-5
0.16516516516516516	6.03157323151703e-5	6.0351551134437315e-5
0.17517517517517517	6.03658201260888e-5	6.040182771818616e-5
0.18518518518518517	6.0418910319757e-5	6.045511846370546e-5
0.19519519519519518	6.047501259593586e-5	6.051143318592811e-5
0.20520520520520522	6.053413721549899e-5	6.057078227132645e-5
0.21521521521521522	6.05962950054121e-5	6.063317668059509e-5
0.22522522522522523	6.066149736853586e-5	6.069862795599744e-5
0.23523523523523523	6.072975628458079e-5	6.076714822294974e-5
0.24524524524524524	6.080108431349979e-5	6.0838750197501664e-5
0.2552552552552553	6.087549460214091e-5	6.0913447190125314e-5
0.2652652652652653	6.095300089197518e-5	6.099125311238379e-5
0.2752752752752753	6.1033617521391576e-5	6.107218248334517e-5
0.2852852852852853	6.111735943086348e-5	6.115625042901987e-5
0.2952952952952953	6.120424217712408e-5	6.124347270121328e-5
0.3053053053053053	6.129428192644698e-5	6.133386567289313e-5
0.3153153153153153	6.13874954714136e-5	6.14274463504377e-5
0.3253253253253253	6.148390023560211e-5	6.152423237899788e-5
0.3353353353353353	6.158351428136548e-5	6.162424205093271e-5
0.34534534534534533	6.168635631090941e-5	6.172749431324957e-5
0.35535535535535534	6.179244568594601e-5	6.183400877613419e-5
0.36536536536536535	6.19018024216244e-5	6.194380571996331e-5
0.37537537537537535	6.201444721314021e-5	6.205690610547687e-5
0.38538538538538536	6.213040142450125e-5	6.217333158234387e-5
0.3953953953953954	6.224968711088241e-5	6.229310449753932e-5
0.40540540540540543	6.237232702806453e-5	6.241624790796664e-5
0.41541541541541543	6.249834462914819e-5	6.254278558610134e-5
0.42542542542542544	6.262776409509702e-5	6.267274203424937e-5
0.43543543543543545	6.276061032451875e-5	6.28061424940061e-5
0.44544544544544545	6.289690896262953e-5	6.29430129565834e-5
0.45545545545545546	6.30366863965906e-5	6.308338017515193e-5
0.46546546546546547	6.317996977919679e-5	6.322727167616224e-5
0.4754754754754755	6.332678703311607e-5	6.337471577311295e-5
0.4854854854854855	6.347716686669809e-5	6.352574157624213e-5
0.4954954954954955	6.363113878371976e-5	6.368037900951285e-5
0.5055055055055055	6.378873310330904e-5	6.383865882207713e-5
0.5155155155155156	6.394998096527606e-5	6.40006126014048e-5
0.5255255255255256	6.411491435195464e-5	6.416627278907404e-5
0.5355355355355356	6.428356609380681e-5	6.433567269607198e-5
0.5455455455455456	6.445596988876273e-5	6.450884651690028e-5
0.5555555555555556	6.46321603228503e-5	6.4685829345941e-5
0.5655655655655656	6.481217287643748e-5	6.486665719409294e-5
0.5755755755755756	6.499604394522651e-5	6.50513670037615e-5
0.5855855855855856	6.51838108619281e-5	6.523999667236956e-5
0.5955955955955956	6.537551190275764e-5	6.543258506076263e-5
0.6056056056056056	6.557118631417067e-5	6.562917202130095e-5
0.6156156156156156	6.577087432650791e-5	6.582979840926227e-5
0.6256256256256256	6.597461717822904e-5	6.60345061079942e-5
0.6356356356356356	6.618245713035347e-5	6.624333804491619e-5
0.6456456456456456	6.639443748614059e-5	6.645633821782994e-5
0.6556556556556556	6.661060261947143e-5	6.667355171041306e-5
0.6656656656656657	6.683099798622035e-5	6.689502471825605e-5
0.6756756756756757	6.70556701549425e-5	6.712080457240431e-5
0.6856856856856857	6.728466682303201e-5	6.735093975762327e-5
0.6956956956956957	6.751803684735568e-5	6.758547994576222e-5
0.7057057057057057	6.775583026056347e-5	6.782447601155776e-5
0.7157157157157157	6.799809830013319e-5	6.806798006492219e-5
0.7257257257257257	6.824489343618924e-5	6.831604547539725e-5
0.7357357357357357	6.849626939421347e-5	6.856872689928833e-5
0.7457457457457457	6.875228118297093e-5	6.882608030953854e-5
0.7557557557557557	6.90129851246088e-5	6.908816302190884e-5
0.7657657657657657	6.927843888373113e-5	6.93550337293557e-5
0.7757757757757757	6.954870149264645e-5	6.962675252948533e-5
0.7857857857857858	6.982383338837059e-5	6.990338096008719e-5
0.7957957957957958	7.010389644068669e-5	7.018498202850636e-5
0.8058058058058059	7.038895398629096e-5	7.047162024981362e-5
0.8158158158158159	7.06790708617332e-5	7.076336167770837e-5
0.8258258258258259	7.09743134386774e-5	7.106027394221853e-5
0.8358358358358359	7.127474965982534e-5	7.136242629214268e-5
0.8458458458458459	7.158044907662634e-5	7.166988962389729e-5
0.8558558558558559	7.189148288557042e-5	7.19827365300638e-5
0.8658658658658659	7.22079239663739e-5	7.23010413362924e-5
0.8758758758758759	7.25298469290515e-5	7.262488014384537e-5
0.8858858858858859	7.285732814987336e-5	7.295433087648617e-5
0.8958958958958959	7.319044581509747e-5	7.328947331960405e-5
0.9059059059059059	7.352927996699216e-5	7.363038917173729e-5
0.9159159159159159	7.387391254715115e-5	7.397716209441665e-5
0.9259259259259259	7.422442745222361e-5	7.432987775373383e-5
0.9359359359359359	7.458091056805974e-5	7.468862388045491e-5
0.9459459459459459	7.494344983661651e-5	7.505349031544649e-5
0.955955955955956	7.531213529269938e-5	7.542456906948884e-5
0.965965965965966	7.568705913057263e-5	7.580195438058602e-5
0.975975975975976	7.606831575037998e-5	7.618574276425404e-5
0.985985985985986	7.645600182114773e-5	7.657603308266652e-5
0.995995995995996	7.68502163370619e-5	7.697292660288574e-5
1.006006006006006	7.725106067934991e-5	7.737652706091728e-5
1.016016016016016	7.76586386773886e-5	7.778694072704177e-5
1.026026026026026	7.807305667800015e-5	7.820427647855442e-5
1.0360360360360361	7.849442360642444e-5	7.862864586542122e-5
1.0460460460460461	7.892285104626731e-5	7.906016318707531e-5
1.0560560560560561	7.935845329650233e-5	7.949894556880929e-5
1.0660660660660661	7.980134746152642e-5	7.994511303532937e-5
1.0760760760760761	8.025165351248962e-5	8.039878859568643e-5
1.0860860860860861	8.070949438236898e-5	8.08600983275615e-5
1.0960960960960962	8.117499603338447e-5	8.132917146085373e-5
1.1061061061061062	8.164828754903821e-5	8.180614047036767e-5
1.1161161161161162	8.212950122300089e-5	8.229114116666621e-5
1.1261261261261262	8.261877264916337e-5	8.278431279142674e-5
1.1361361361361362	8.3116240806879e-5	8.328579811944029e-5
1.1461461461461462	8.362204817014743e-5	8.379574355791464e-5
1.1561561561561562	8.413634080306979e-5	8.431429925898635e-5
1.1661661661661662	8.465926845933341e-5	8.484161922085662e-5
1.1761761761761762	8.519098469608355e-5	8.537786141130839e-5
1.1861861861861862	8.573164698046582e-5	8.592318788138323e-5
1.1961961961961962	8.628141680680689e-5	8.647776488431598e-5
1.2062062062062062	8.684045982156569e-5	8.704176301312811e-5
1.2162162162162162	8.740894593287008e-5	8.761535732207127e-5
1.2262262262262262	8.798704945261726e-5	8.819872746811981e-5
1.2362362362362362	8.857494921995398e-5	8.879205785088299e-5
1.2462462462462462	8.917282874386857e-5	8.939553776080416e-5
1.2562562562562563	8.978087634226202e-5	9.000936153024567e-5
1.2662662662662663	9.039928529141616e-5	9.063372869263627e-5
1.2762762762762763	9.102825397591714e-5	9.126884414235006e-5
1.2862862862862863	9.166798605599478e-5	9.191491831231412e-5
1.2962962962962963	9.231869061817035e-5	9.257216734258603e-5
1.3063063063063063	9.298058235694437e-5	9.324081326981096e-5
1.3163163163163163	9.36538817490947e-5	9.392108421290339e-5
1.3263263263263263	9.433881523660975e-5	9.461321457397142e-5
1.3363363363363363	9.503561541600397e-5	9.531744524223084e-5
1.3463463463463463	9.574452123924919e-5	9.603402380848102e-5
1.3563563563563563	9.64657782170982e-5	9.676320478417746e-5
1.3663663663663663	9.719963863355423e-5	9.750524983693331e-5
1.3763763763763763	9.794636176772854e-5	9.826042802315166e-5
1.3863863863863863	9.870621412598397e-5	9.90290160455603e-5
1.3963963963963963	9.947946967589235e-5	9.981129850682638e-5
1.4064064064064064	0.0001002664101025178	0.00010060756817972723
1.4164164164164164	0.00010106732506044488	0.00010141812629008612
1.4264264264264264	0.0001018825124473473	0.00010224328280809761
1.4364364364364364	0.00010271227868181753	0.00010308335675533956
1.4464464464464464	0.00010355693899813798	0.00010393867651432383
1.4564564564564564	0.0001044168177421809	0.00010480958016548104
1.4664664664664664	0.0001052922486891484	0.00010569641583128196
1.4764764764764764	0.000106183575381554	0.0001065995420291036
1.4864864864864864	0.00010709115145587625	0.00010751932804889119
1.4964964964964964	0.00010801534100685909	0.00010845615434399316
1.5065065065065064	0.00010895651895725088	0.00010941041293479745
1.5165165165165164	0.00010991507144845102	0.0001103825078320598
1.5265265265265264	0.0001108913962316938	0.00011137285548477168
1.5365365365365364	0.00011188590309892366	0.0001123818852344012
1.5465465465465464	0.00011289901431693332	0.0001134100398029254
1.5565565565565564	0.00011393116508648034	0.00011445777579383516
1.5665665665665667	0.00011498280400980276	0.0001155255642166323
1.5765765765765767	0.00011605439360032494	0.00011661389104198473
1.5865865865865867	0.0001171464107941565	0.00011772325776934075
1.5965965965965967	0.00011825934749301702	0.00011885418203427997
1.6066066066066067	0.00011939371113205377	0.00012000719823113878
1.6166166166166167	0.00012055002527190271	0.00012118285817300936
1.6266266266266267	0.000121728830211316	0.00012238173178048914
1.6366366366366367	0.00012293068363972192	0.00012360440779929152
1.6466466466466467	0.00012415616131169577	0.000124851494555679
1.6566566566566567	0.0001254058577478676	0.00012612362074556637
1.6666666666666667	0.0001266803869807381	0.00012742143626248963
1.6766766766766767	0.00012798038332292405	0.00012874561306539287
1.6866866866866868	0.0001293065021855825	0.0001300968460855147
1.6966966966966968	0.00013065942091086496	0.0001314758541814177
1.7067067067067068	0.00013203983967979745	0.00013288338114151723
1.7167167167167168	0.00013344848242309676	0.00013432019673038147
1.7267267267267268	0.0001348860978139245	0.00013578709779393238
1.7367367367367368	0.00013635346027587446	0.0001372849094151428
1.7467467467467468	0.00013785137107079562	0.0001388144861346505
1.7567567567567568	0.00013938065940738404	0.00014037671322231297
1.7667667667667668	0.00014094218363561566	0.00014197250802818286
1.7767767767767768	0.00014253683248162727	0.00014360282139061085
1.7867867867867868	0.0001441655263503051	0.00014526863912874574
1.7967967967967968	0.00014582921868785712	0.00014697098360285464
1.8068068068068068	0.0001475288974366187	0.0001487109153675273
1.8168168168168168	0.00014926558652455526	0.0001504895349048388
1.8268268268268268	0.00015104034747188757	0.00015230798445666703
1.8368368368368369	0.0001528542810560285	0.00015416744995112313
1.8468468468468469	0.0001547085290754811	0.00015606916303980675
1.8568568568568569	0.00015660427619923088	0.00015801440324332412
1.8668668668668669	0.0001585427519245447	0.0001600045002155783
1.8768768768768769	0.00016052523263641722	0.00016204083613915272
1.8868868868868869	0.00016255304376112213	0.00016412484825326155
1.896896896896897	0.00016462756207582044	0.000166258031522752
1.906906906906907	0.0001667502181068936	0.00016844194146589512
1.916916916916917	0.00016892249867961326	0.00017067819714048315
1.926926926926927	0.0001711459496081575	0.00017296848431158166
1.936936936936937	0.0001734221785409107	0.00017531455879454542
1.946946946946947	0.00017575285795341664	0.00017771825000896432
1.956956956956957	0.00017813972833120945	0.0001801814647398736
1.966966966966967	0.00018058460152420983	0.00018270619111539083
1.976976976976977	0.0001830893642970395	0.00018529450285785019
1.986986986986987	0.00018565598209607047	0.00018794856375665172
1.996996996996997	0.00018828650303212425	0.00019067063245045308
2.007007007007007	0.00019098306209950028	0.00019346306749246716
2.017017017017017	0.00019374788565757075	0.00019632833273845748
2.027027027027027	0.0001965832961807711	0.0001992690030885862
2.037037037037037	0.00019949171729813272	0.00020228777057986586
2.047047047047047	0.00020247567914021645	0.00020538745089899958
2.057057057057057	0.00020553782403511707	0.00020857099029597428
2.067067067067067	0.00020868091254912406	0.0002118414729807218
2.0770770770770772	0.00021190782991317218	0.00021520212899472216
2.0870870870870872	0.00021522159287091692	0.0002186563426329382
2.0970970970970972	0.00021862535695746797	0.00022220766142163064
2.1071071071071072	0.00022212242426490676	0.00022585980572703847
2.1171171171171173	0.0002257162517119105	0.0002296166790320776
2.1271271271271273	0.00022941045986876063	0.00023348237893189218
2.1371371371371373	0.00023320884238028203	0.00023746120891278245
2.1471471471471473	0.0002371153760149198	0.00024155769097550402
2.1571571571571573	0.00024113423141497377	0.0002457765791755952
2.1671671671671673	0.00024526978459152776	0.00025012287415850093
2.1771771771771773	0.00024952662921583397	0.00025460183876130463
2.1871871871871873	0.0002539095897890529	0.00025921901480244636
2.1971971971971973	0.0002584237357374769	0.0002639802411248713
2.2072072072072073	0.0002630743965459689	0.0002688916730240607
2.2172172172172173	0.00026786717797341224	0.00027395980319052515
2.2272272272272273	0.00027280797947392045	0.0002791914842812885
2.2372372372372373	0.0002779030129152937	0.00028459395327915345
2.2472472472472473	0.00028315882271214547	0.00029017485781420284
2.2572572572572573	0.00028858230745600625	0.00029594228460451464
2.2672672672672673	0.0002941807432683027	0.0003019047902367806
2.2772772772772774	0.0002999618089085067	0.00030807143450385774
2.2872872872872874	0.00030593361291120913	0.00031445181653475804
2.2972972972972974	0.0003121047228321388	0.00032105611400649767
2.3073073073073074	0.000318484196883241	0.00032789512571496955
2.3173173173173174	0.0003250816181369396	0.0003349803178784248
2.3273273273273274	0.0003319071315262047	0.00034232387451132675
2.3373373373373374	0.0003389714839538178	0.0003499387523088086
2.3473473473473474	0.0003462860677761108	0.00035783874050154
2.3573573573573574	0.0003538629679933726	0.00036603852620018884
2.3673673673673674	0.0003617150135282082	0.00037455376582400904
2.3773773773773774	0.00036985583299099556	0.00038340116325770137
2.3873873873873874	0.0003782999153788487	0.00039259855547127946
2.3973973973973974	0.00038706267624045114	0.0004021650064573809
2.4074074074074074	0.0003961605298442883	0.00041212091036533165
2.4174174174174174	0.0004056109680062401	0.00042248810494170756
2.4274274274274275	0.00041543264626774405	0.00043328999643424317
2.4374374374374375	0.00042564547824107537	0.0004445516973045213
2.4474474474474475	0.000436270739012318	0.00045630017829206257
2.4574574574574575	0.0004473311785680417	0.0004685644365483057
2.4674674674674675	0.0004588511464657743	0.0004813756818276312
2.4774774774774775	0.0004708567289281913	0.0004947675429661356
2.4874874874874875	0.00048337589989857365	0.000508776297252899
2.4974974974974975	0.0004964386876218452	0.0005234411255966705
2.5075075075075075	0.0005100773586626961	0.0005388043968962465
2.5175175175175175	0.0005243266214557778	0.0005549119854921136
2.5275275275275275	0.0005392238517865511	0.0005718136261530074
2.5375375375375375	0.0005548093429590525	0.00058956331178623
2.5475475475475475	0.000571126583786265	0.0006082197398480778
2.5575575575575575	0.0005882225679941825	0.0006278468143756748
2.5675675675675675	0.000606148139159727	0.0006485142117311454
2.5775775775775776	0.0006249583759379505	0.0006702980194661331
2.5875875875875876	0.000644713023041386	0.0006932814592944329
2.5975975975975976	0.000665476974267656	0.0007175557071288965
2.6076076076076076	0.0006873208149400894	0.0007432208252842237
2.6176176176176176	0.0007103214322004246	0.0007703868248360635
2.6276276276276276	0.0007345627030758232	0.0007991748792530585
2.6376376376376376	0.0007601362718396005	0.0008297187144882057
2.6476476476476476	0.0007871424301611281	0.0008621662054364466
2.6576576576576576	0.0008156911158694874	0.0008966812146029351
2.6676676676676676	0.0008459030489964191	0.0009334457158291031
2.6776776776776776	0.0008779110270426555	0.0009726622548343185
2.6876876876876876	0.0009118614055277992	0.0010145568089738515
2.6976976976976976	0.0009479157947410433	0.0010593821220408162
2.7077077077077076	0.000986253009541826	0.0011074216064992303
2.7177177177177176	0.0010270713162813271	0.0011589939262407801
2.7277277277277276	0.001070591029719606	0.0012144583990000046
2.7377377377377377	0.0011170575237171737	0.001274221390354101
2.7477477477477477	0.0011667447327374891	0.0013387439129557543
2.7577577577577577	0.0012199592378211623	0.0014085506978054848
2.7677677677677677	0.0012770450512573732	0.001484241072755673
2.7777777777777777	0.0013383892398560065	0.0015665020717838608
2.7877877877877877	0.0014044285592034664	0.0016561243136291174
2.7977977977977977	0.0014756573119928651	0.001754021339197107
2.8078078078078077	0.0015526366955827874	0.0018612532964416486
2.8178178178178177	0.0016360059702831375	0.0019790561267737854
2.8278278278278277	0.0017264958652188568	0.002108877763537583
2.8378378378378377	0.0018249447492078542	0.0022524233362205197
2.8478478478478477	0.0019323182381702196	0.0024117120351456424
2.8578578578578577	0.002049733099709583	0.0025891492054478066
2.8678678678678677	0.0021784865659917516	0.002787618516628282
2.8778778778778777	0.002320092499790475	0.003010600860596919
2.8878878878878878	0.002476326307952684	0.0032623292182500005
2.8978978978978978	0.0026492811065504823	0.003547992489913987
2.9079079079079078	0.002841438478310074	0.003874006815905185
2.9179179179179178	0.003055758321617635	0.004248381189251377
2.9279279279279278	0.003295793913468422	0.004681216759443222
2.937937937937938	0.0035658406092313965	0.005185398762201902
2.947947947947948	0.0038711299051521664	0.005777570933751044
2.957957957957958	0.00421808539665636	0.006479532330524541
2.967967967967968	0.004614664266717638	0.007320279560789145
2.977977977977978	0.005070818597606126	0.008339059185913473
2.987987987987988	0.00559912708040369	0.009590044471156722
2.997997997997998	0.006215673041855327	0.011149705059633384
3.008008008008008	0.006941284993950488	0.013128799253660943
3.018018018018018	0.007803321430253001	0.01569262587398392
3.028028028028028	0.008838290881979512	0.019096739463429935
3.038038038038038	0.0100957857623204	0.02375325599119145
3.048048048048048	0.011644540573224272	0.03036181357856698
3.058058058058058	0.013582034322127371	0.04018872336114031
3.068068068068068	0.016050221101599593	0.055722224177838446
3.078078078078078	0.019262302675777145	0.08241780673060778
3.088088088088088	0.02355037826759784	0.13423228259110614
3.098098098098098	0.029454882391295685	0.25637885231966134
3.108108108108108	0.0379036112370269	0.6714282202381575
3.118118118118118	0.05059975204474626	4.559649294279557
3.1281281281281283	0.07095251372169745	10.863719823863041
3.1381381381381384	0.10662869956221471	0.9025417638991079
3.1481481481481484	0.17798550992200457	0.3061756348817025
3.1581581581581584	0.35510148748932097	0.15235036829274937
3.1681681681681684	1.0280014165802354	0.090935277663527
3.1781781781781784	11.18512371251675	0.06039026493922481
3.1881881881881884	6.005842353794527	0.04302561186381621
3.1981981981981984	0.8305572858572737	0.03222126179922305
3.2082082082082084	0.31237227839629805	0.025046079718148956
3.2182182182182184	0.16241198767894408	0.020040279122379
3.2282282282282284	0.0993071055778927	0.016410545214991294
3.2382382382382384	0.06694986961709799	0.013695647570292372
3.2482482482482484	0.0481828972714154	0.0116125927674723
3.2582582582582584	0.03633871336755442	0.009979936732323433
3.2682682682682684	0.02838849067571667	0.008677002476732512
3.2782782782782784	0.02279534332836286	0.007621001098513607
3.2882882882882885	0.018712062713728436	0.006753606373212288
3.2982982982982985	0.015640505604735327	0.006032768649372775
3.3083083083083085	0.013272225164235346	0.005427555241229524
3.3183183183183185	0.011407954749706293	0.004914802971144463
3.3283283283283285	0.009914314680462312	0.004476890382877228
3.3383383383383385	0.008699299603587953	0.004100221220897997
3.3483483483483485	0.0076977814202643996	0.0037741710267861937
3.3583583583583585	0.0068626099967912186	0.003490342018416837
3.3683683683683685	0.006158971075580548	0.003242027312169098
3.3783783783783785	0.005560706891678723	0.003023819891082618
3.3883883883883885	0.005047856277633838	0.0028313233130604376
3.3983983983983985	0.004604973291123109	0.0026609350143386753
3.4084084084084085	0.004219954999254833	0.002509682132968472
3.4184184184184185	0.003883209541745889	0.002375095816347164
3.4284284284284285	0.0035870560937137624	0.002255114063342702
3.4384384384384385	0.0033252856912554416	0.0021480059580890614
3.4484484484484486	0.0030928354577921787	0.0020523121070773528
3.4584584584584586	0.0028855439612820014	0.001966797469390864
3.4684684684684686	0.0026999654073441856	0.0018904137541389506
3.4784784784784786	0.0025332270363678357	0.0018222692694777186
3.4884884884884886	0.002382918614548153	0.0017616046259584643
3.4984984984984986	0.0022470060226081998	0.001707773079227523
3.5085085085085086	0.002123763119476732	0.0016602245814551547
3.5185185185185186	0.002011717594596315	0.0016184928250387585
3.5285285285285286	0.0019096076212155918	0.0015821847243494142
3.5385385385385386	0.001816346917816896	0.0015509719061913934
3.5485485485485486	0.0017309964049273055	0.0015245838763131008
3.5585585585585586	0.0016527410729841202	0.0015028026056296791
3.5685685685685686	0.0015808709953431647	0.0014854583407320618
3.5785785785785786	0.0015147656599561385	0.001472426493179158
3.5885885885885886	0.0014538809740605627	0.0014636255038829441
3.5985985985985987	0.0013977384343680473	0.001459015615338825
3.6086086086086087	0.001345916061277854	0.0014585985174616512
3.6186186186186187	0.0012980407775230322	0.0014624178641930432
3.6286286286286287	0.0012537819755381956	0.0014705606898740467
3.6386386386386387	0.0012128460678328494	0.0014831597878935876
3.6486486486486487	0.0011749718539921725	0.0015003971518970907
3.6586586586586587	0.0011399265690601604	0.0015225086235899122
3.6686686686686687	0.0011075025030830143	0.0015497899442193114
3.6786786786786787	0.0010775141013095839	0.0015826044726573497
3.6886886886886887	0.0010497954706517483	0.0016213929162516244
3.6986986986986987	0.0010241982309528751	0.001666685528489515
3.7087087087087087	0.001000589660143098	0.0017191173682926128
3.7187187187187187	0.0009788510909021523	0.0017794474027307478
3.7287287287287287	0.0009588765235731037	0.0018485824854334398
3.7387387387387387	0.0009405714258472874	0.0019276075827276348
3.7487487487487487	0.000923851694557439	0.0020178240852731693
3.7587587587587588	0.0009086427589035018	0.002120798688687509
3.7687687687687688	0.0008948788078716264	0.0022384262320437054
3.7787787787787788	0.0008825021273555804	0.002373011169465432
3.7887887887887888	0.0008714625348816575	0.002527374199779537
3.798798798798799	0.0008617169020553952	0.0027049932791462284
3.808808808808809	0.0008532287563364449	0.002910192239938643
3.818818818818819	0.0008459679556548596	0.003148396260221447
3.828828828828829	0.0008399104303922678	0.003426482656040648
3.838838838838839	0.000835037988844682	0.0037532698888888515
3.848848848848849	0.000831338183101339	0.004140210698144518
3.858858858858859	0.0008288042336230376	0.004602392878495497
3.868868868868869	0.0008274350115829646	0.00516001428958092
3.878878878878879	0.0008272350793036052	0.0058406075343161255
3.888888888888889	0.000828214789862272	0.00668248378303656
3.898898898898899	0.0008303904483076808	0.007740223991335059
3.908908908908909	0.0008337845378285148	0.00909373727857064
3.918918918918919	0.0008384260156416848	0.010863804437934534
3.928928928928929	0.0008443506845915435	0.013240013500012072
3.938938938938939	0.0008516016482479734	0.016533817786580203
3.948948948948949	0.0008602298588405446	0.021286303200638564
3.958958958958959	0.0008702947697515448	0.028506123656816297
3.968968968968969	0.0008818651065353766	0.040254109617127394
3.978978978978979	0.0008950197736470074	0.06130000748880086
3.988988988988989	0.0009098489173391648	0.10486959565828141
3.998998998998999	0.0009264551696916287	0.21997309108690663
4.009009009009009	0.0009449551038410833	0.7271186220423521
4.019019019019019	0.0009654809367537828	20.246789302979522
4.029029029029029	0.000988182523762813	1.696386150217783
4.039039039039039	0.0010132296986846744	0.3319565528896212
4.049049049049049	0.0010408150250709632	0.13640380567383484
4.059059059059059	0.0010711570392593875	0.07377326363094498
4.069069069069069	0.0011045040842597507	0.046103697385514904
4.079079079079079	0.001141138857073085	0.031505907910812155
4.089089089089089	0.0011813838218668186	0.022880452783044198
4.099099099099099	0.0012256076792083344	0.01736564263721343
4.109109109109109	0.0012742331304445448	0.013628520827400773
4.119119119119119	0.001327746239190996	0.01098027447473317
4.129129129129129	0.0013867077737779948	0.009035905835986908
4.1391391391391394	0.0014517670217425182	0.007566580058829462
4.1491491491491495	0.0015236787091649883	0.006429371085154916
4.1591591591591595	0.001603323846125889	0.005531289387205539
4.1691691691691695	0.0016917355723221916	0.004809727249673225
4.1791791791791795	0.001790131419714132	0.004221285914919694
4.1891891891891895	0.0018999538771813241	0.0037351170905417087
4.1991991991991995	0.0020229217891182803	0.003328808782726308
4.2092092092092095	0.0021610960231295043	0.0029857622663718056
4.2192192192192195	0.0023169641178686726	0.00269347317472676
4.2292292292292295	0.00249355044710905	0.002442377399833359
4.2392392392392395	0.0026945610819336645	0.0022250592910062505
4.2492492492492495	0.0029245764244628944	0.002035697798326956
4.2592592592592595	0.003189310500607246	0.0018696722360805442
4.2692692692692695	0.0034959646357563207	0.001723277191616511
4.2792792792792795	0.0038537169161548847	0.0015935133730891487
4.2892892892892895	0.004274410450892237	0.0014779321352799382
4.2992992992992995	0.004773538362850062	0.0013745185023964904
4.3093093093093096	0.005371681244660977	0.001281602170250743
4.31931931931932	0.006096651184422907	0.0011977890952619055
4.32932932932933	0.006986769044696592	0.0011219084040913641
4.33933933933934	0.008096015039984266	0.0010529708256021419
4.34934934934935	0.009502384259009474	0.0009901358742718076
4.35935935935936	0.011321946623200406	0.000932685741382671
4.36936936936937	0.013733538236256105	0.000880004371933288
4.37937937937938	0.017024371283464488	0.0008315605828614189
4.38938938938939	0.021679568829261604	0.0007868943544569119
4.3993993993994	0.02857156471609064	0.0007456056311107188
4.40940940940941	0.03940035660323984	0.0007073451196503982
4.41941941941942	0.057850918635279754	0.000671806688013219
4.42942942942943	0.09319567372754832	0.0006387210535408453
4.43943943943944	0.17468491481691642	0.0006078505164454788
4.44944944944945	0.43907944514743547	0.0005789845448390503
4.45945945945946	2.536794847527856	0.0005519360570358915
4.46946946946947	12.925709868414263	0.0005265382776331523
4.47947947947948	0.7535625634558647	0.0005026420677527025
4.48948948948949	0.24150353686131534	0.0004801136488744256
4.4994994994995	0.11745915321669224	0.0004588326547365154
4.50950950950951	0.06925922935977877	0.0004386904576233724
4.51951951951952	0.04564928247205382	0.0004195887250420159
4.52952952952953	0.03235707815054363	0.00040143817046940693
4.53953953953954	0.024141686701481705	0.00038415746806440726
4.54954954954955	0.018711915344057375	0.00036767230626985023
4.55955955955956	0.01493710080829804	0.0003519145594575166
4.56956956956957	0.012207038929288535	0.00033682155993194977
4.57957957957958	0.010168884125102709	0.00032233545561404875
4.58958958958959	0.008607089490997984	0.0003084026407582768
4.5995995995996	0.007383950719689	0.0002949732491256597
4.60960960960961	0.006408155682315191	0.0002820007004605885
4.61961961961962	0.005617218763157581	0.00026944129242199107
4.62962962962963	0.004967211937981183	0.0002572538312426814
4.63963963963964	0.004426523434990873	0.0002453992951876075
4.64964964964965	0.00397193483441124	0.00023384052561671551
4.65965965965966	0.00358608215117002	0.00022254194112177058
4.66966966966967	0.003255769760008308	0.00021146927060089823
4.67967967967968	0.002970824806600889	0.0002005893015797238
4.68968968968969	0.0027233027961254446	0.0001898696403178188
4.6996996996997	0.0025069265064416903	0.00017927848064897808
4.70970970970971	0.0023166830702967857	0.00016878437836851195
4.71971971971972	0.002148530248202267	0.0001583560284335198
4.72972972972973	0.001999179337765689	0.0001479620419356725
4.73973973973974	0.001865932691559633	0.0001375707201108964
4.74974974974975	0.0017465606902317516	0.00012714982229601262
4.75975975975976	0.001639207589589544	0.00011666632478866547
4.76976976976977	0.0015423187486898107	0.00010608616726694379
4.77977977977978	0.0014545838648798676	9.537398321606558e-5
4.78978978978979	0.0013748923146871313	8.449281034446223e-5
4.7997997997998	0.0013022977375999163	7.34037766325384e-5
4.80980980980981	0.0012359897394183942	6.20657570089824e-5
4.81981981981982	0.001175271125325061	5.043499499118483e-5
4.82982982982983	0.0011195394613705931	3.846468281411493e-5
4.83983983983984	0.0010682720488849413	2.6104492436003784e-5
4.84984984984985	0.0010210136086304545	1.3300048747536213e-5
4.85985985985986	0.0009773661301356973	-7.665378130093925e-9
4.86986986986987	0.0009369804622366927	-1.3882984297836935e-5
4.87987987987988	0.0008995493115207731	-2.8396329361293983e-5
4.88988988988989	0.0008648013857570915	-4.362509034911386e-5
4.8998998998999	0.0008324964733775862	-5.965463892111187e-5
4.90990990990991	0.000802421291878859	-7.657949853500332e-5
4.91991991991992	0.0007743859709625488	-9.450470031870197e-5
4.92992992992993	0.0007482210620231658	-0.00011354736053894592
4.93993993993994	0.0007237749859104951	-0.00013383852306246232
4.94994994994995	0.000700911847262559	-0.00015552531973729022
4.95995995995996	0.0006795095564969416	-0.00017877351371405967
4.96996996996997	0.0006594582112175803	-0.00020377050580389815
4.97997997997998	0.0006406586968660589	-0.00023072890313201983
4.98998998998999	0.0006230214735873998	-0.0002598907737861331
5.0	0.0006064655217007694	-0.0002915327422210312
