-5.0	0.0032871025020982532	0.008472690830280735
-4.98998998998999	0.0033100956984670597	0.008497261155016875
-4.97997997997998	0.003334628985264516	0.008525713299194009
-4.96996996996997	0.0033607428871374537	0.008558092214311114
-4.95995995995996	0.0033884812659817323	0.00859445006199936
-4.94994994994995	0.003417891489254273	0.008634846405770051
-4.93993993993994	0.0034490246146199393	0.008679348430642777
-4.92992992992993	0.0034819355921333617	0.00872803119213501
-4.91991991991992	0.0035166834854275016	0.008780977896153463
-4.90990990990991	0.0035533317134253013	0.008838280211670392
-4.8998998998999	0.0035919483143593564	0.008900038618157724
-4.88988988988989	0.0036326062340112466	0.008966362790097559
-4.87987987987988	0.0036753836403721446	0.009037372021091141
-4.86986986986987	0.0037203642670804297	0.009113195690363786
-4.85985985985986	0.003767637788353279	0.009193973774841489
-4.84984984984985	0.0038173002283793654	0.00927985741028738
-4.83983983983984	0.0038694544085119253	0.009371009505330066
-4.82982982982983	0.0039242104359670845	0.009467605412737857
-4.81981981981982	0.00398168623817253	0.009569833662677203
-4.80980980980981	0.004042008147412079	0.009677896763263931
-4.7997997997998	0.0041053115409690555	0.0097920120742847
-4.78978978978979	0.004171741542548473	0.009912412760626437
-4.77977977977978	0.004241453791541443	0.010039348832658428
-4.76976976976977	0.00431461528746253	0.010173088281608594
-4.75975975975976	0.004391405317753298	0.010313918318974819
-4.74974974974975	0.004472016478351325	0.010462146729857345
-4.73973973973974	0.004556655797371677	0.010618103351407478
-4.72972972972973	0.004645545973864237	0.010782141688767318
-4.71971971971972	0.004738926744981913	0.010954640682345064
-4.70970970970971	0.004837056396759389	0.011136006641893877
-4.6996996996997	0.004940213435774539	0.011326675364697864
-4.68968968968969	0.005048698441290955	0.01152711445725003
-4.67967967967968	0.005162836120230785	0.011737825882109091
-4.66966966966967	0.005282977590513508	0.011959348754384156
-4.65965965965966	0.005409502921918824	0.012192262415198708
-4.64964964964965	0.005542823967933744	0.01243718981300911
-4.63963963963964	0.005683387526975485	0.0126948012275646
-4.62962962962963	0.005831678877169355	0.012965818375735757
-4.61961961961962	0.0059882257356570785	0.013251018943596963
-4.60960960960961	0.006153602701297766	0.013551241594967763
-4.5995995995996	0.006328436249015395	0.013867391513392873
-4.58958958958959	0.006513410354977993	0.014200446542196096
-4.57957957957958	0.006709272844861511	0.014551463996219325
-4.56956956956957	0.00691684257278789	0.014921588229035311
-4.55955955955956	0.007137017556869465	0.015312059051351667
-4.54954954954955	0.0073707842191389605	0.0157242211099863
-4.53953953953954	0.007619227903663279	0.01615953435276728
-4.52952952952953	0.0078835448780445	0.016619585723170745
-4.51951951951952	0.008165056061139497	0.017106102250159915
-4.50950950950951	0.008465222765299618	0.017620965723726026
-4.4994994994995	0.008785664796715555	0.01816622917617785
-4.48948948948949	0.009128181324373002	0.01874413542374501
-4.47947947947948	0.009494775010288534	0.019357137963514542
-4.46946946946947	0.009887679993929718	0.020007924568651674
-4.45945945945946	0.010309394447628484	0.02069944398109233
-4.44944944944945	0.010762718572654713	0.021434936167738377
-4.43943943943944	0.011250799095596266	0.02221796668537339
-4.42942942942943	0.011777181561910158	0.0230524657935174
-4.41941941941942	0.012345872020743167	0.02394277306694845
-4.40940940940941	0.012961410070075239	0.02489368839363
-4.3993993993994	0.013628955706286423	0.02591053040476207
-4.38938938938939	0.014354393027680427	0.026999203576965416
-4.37937937937938	0.015144454617750606	0.02816627547975052
-4.36936936936937	0.016006871435238174	0.029419065922784444
-4.35935935935936	0.016950554337995635	0.030765750099031302
-4.34934934934935	0.01798581506697115	0.032215478234337305
-4.33933933933934	0.019124636754003544	0.03377851475960367
-4.32932932932933	0.020381006985021488	0.03546640063933879
-4.31931931931932	0.021771330419006953	0.03729214324731647
-4.3093093093093096	0.023314943314967997	0.03927043911032229
-4.2992992992992995	0.02503475960041948	0.04141793598662966
-4.2892892892892895	0.026958088115452646	0.04375354216120088
-4.2792792792792795	0.0291176745393004	0.04629879259103565
-4.2692692692692695	0.031553040956790214	0.049078283706213414
-4.2592592592592595	0.03431222360165832	0.05212019137045329
-4.2492492492492495	0.037454048893706904	0.05545688985966923
-4.2392392392392395	0.04105114542100627	0.05912569388983252
-4.2292292292292295	0.045193974304603125	0.06316975091242027
-4.2192192192192195	0.04999628717039863	0.0676391173296935
-4.2092092092092095	0.05560261353792661	0.07259206023331118
-4.1991991991991995	0.06219867690206647	0.07809663602869901
-4.1891891891891895	0.07002610654956466	0.08423260915923159
-4.1791791791791795	0.07940356190563866	0.09109378829203026
-4.1691691691691695	0.09075761262770055	0.09879087375626683
-4.1591591591591595	0.10466876738249739	0.10745492823186002
-4.1491491491491495	0.12194154765379407	0.11724160117932309
-4.1391391391391394	0.14371362955987896	0.1283362528939811
-4.129129129129129	0.1716300317246364	0.14096012945186212
-4.119119119119119	0.20812829927641663	0.15537772189961035
-4.109109109109109	0.25691746893018075	0.17190537718077478
-4.099099099099099	0.3238009946707632	0.1909210700432953
-4.089089089089089	0.41810978697544643	0.21287491638611622
-4.079079079079079	0.5551656267318573	0.23829937549932248
-4.069069069069069	0.7601373047443833	0.2678169309517848
-4.059059059059059	1.0718128862345926	0.302141013334976
-4.049049049049049	1.5340831245157456	0.34206254454099605
-4.039039039039039	2.126733107189665	0.3884091781354435
-4.029029029029029	2.5908937963383343	0.4419567815619793
-4.019019019019019	2.5195132862442486	0.5032639138479706
-4.009009009009009	1.9975523503150814	0.5723944984133758
-3.998998998998999	1.4397801187330452	0.6485035153208901
-3.988988988988989	1.024569135137258	0.7293081463236889
-3.978978978978979	0.7450543617671195	0.8105795834042581
-3.968968968968969	0.5586377600430592	0.8859642310653829
-3.958958958958959	0.4316725270106549	0.9475687058707575
-3.948948948948949	0.3426461215225963	0.9875789891439352
-3.938938938938939	0.2783653957372052	1.0005625806824063
-3.928928928928929	0.2306842620055151	0.9853582841842776
-3.918918918918919	0.19445822273861174	0.9454074348500668
-3.908908908908909	0.16634952985745471	0.887344411680791
-3.898898898898899	0.14413316288642744	0.8187833944688375
-3.888888888888889	0.12628742401786847	0.7464726794739975
-3.878878878878879	0.11174683136019369	0.6753815465132592
-3.868868868868869	0.09974919936336814	0.6086114451031684
-3.858858858858859	0.08973863355115132	0.5477488875283703
-3.848848848848849	0.08130252612082127	0.49333268957909576
-3.838838838838839	0.07412972282742387	0.44526257686474674
-3.828828828828829	0.06798217415290739	0.40309600755094516
-3.818818818818819	0.06267535925578217	0.3662402084549421
-3.808808808808809	0.058064531568702636	0.3340656764351604
-3.798798798798799	0.05403489931709766	0.30596740316219484
-3.7887887887887888	0.050494511381607474	0.2813939369656603
-3.7787787787787788	0.04736903272621983	0.25985788375950153
-3.7687687687687688	0.044597859058000934	0.2409363845848265
-3.7587587587587588	0.04213119364838544	0.22426665134351403
-3.7487487487487487	0.03992782419692721	0.20953944977012268
-3.7387387387387387	0.03795341505215564	0.19649209249175648
-3.7287287287287287	0.0361791830138859	0.18490173155782566
-3.7187187187187187	0.034580861579702915	0.17457930364209084
-3.7087087087087087	0.033137884188816503	0.16536424441276698
-3.6986986986986987	0.031832735243071605	0.15711996683696144
-3.6886886886886887	0.03065043075967106	0.14973004106856358
-3.6786786786786787	0.02957809998724095	0.14309499167016762
-3.6686686686686687	0.028604646253794812	0.13712962440273324
-3.6586586586586587	0.027720470440020885	0.13176080022469058
-3.6486486486486487	0.026917244290585358	0.1269255832936446
-3.6386386386386387	0.026187723646274117	0.12256969992005944
-3.6286286286286287	0.025525593853668673	0.11864625521852809
-3.6186186186186187	0.024925341267911072	0.11511466303017466
-3.6086086086086087	0.02438214603912921	0.11193975234609992
-3.5985985985985987	0.023891792359858718	0.10909101994899283
-3.5885885885885886	0.023450593119571123	0.10654200440652704
-3.5785785785785786	0.02305532651514701	0.10426976103104742
-3.5685685685685686	0.022703182641827916	0.10225442110547601
-3.5585585585585586	0.022391718466957103	0.10047882169756497
-3.5485485485485486	0.022118819890585097	0.09892819485897779
-3.5385385385385386	0.021882669840129466	0.0975899070323939
-3.5285285285285286	0.021681721542847258	0.09645324115150547
-3.5185185185185186	0.021514676280858524	0.09550921528481539
-3.5085085085085086	0.021380465065689826	0.09475043280048093
-3.4984984984984986	0.021278233779706442	0.09417095996255652
-3.4884884884884886	0.02120733142457258	0.09376622764562635
-3.4784784784784786	0.021167301196380207	0.09353295450577485
-3.4684684684684686	0.021157874176302906	0.0934690894948177
-3.4584584584584586	0.02117896548704994	0.09357377207208799
-3.4484484484484486	0.021230672821726717	0.0938473088682243
-3.4384384384384385	0.021313277304296597	0.09429116590177261
-3.4284284284284285	0.0214272466920836	0.0949079757499101
-3.4184184184184185	0.02157324098197784	0.09570155933613647
-3.4084084084084085	0.021752120535029264	0.09667696222373429
-3.3983983983983985	0.021964956890885196	0.09784050549415546
-3.3883883883883885	0.022213046505627408	0.09919985144154295
-3.3783783783783785	0.022497927716663306	0.10076408442035024
-3.3683683683683685	0.022821401318565044	0.10254380722959158
-3.3583583583583585	0.02318555522750412	0.10455125338345898
-3.3483483483483485	0.023592793822838475	0.10680041547379801
-3.3383383383383385	0.02404587268705609	0.10930718952982395
-3.3283283283283285	0.024547939625503345	0.11208953476298814
-3.3183183183183185	0.025102583042583858	0.11516764726070926
-3.3083083083083085	0.02571388899031248	0.11856414494184005
-3.2982982982982985	0.026386508500765394	0.1223042592414328
-3.2882882882882885	0.027125737180761132	0.1264160263282215
-3.2782782782782784	0.027937609505839983	0.13093046687159215
-3.2682682682682684	0.02882901082664087	0.13588173806623585
-3.2582582582582584	0.029807810829097517	0.14130723427284683
-3.2482482482482484	0.03088302311564611	0.1472476025840653
-3.2382382382382384	0.03206499675873722	0.15374662607444317
-3.2282282282282284	0.03336564720177129	0.1608509095138073
-3.2182182182182184	0.03479873585621196	0.16860927894429728
-3.2082082082082084	0.036380210317283286	0.17707177691461068
-3.1981981981981984	0.03812862049974659	0.186288099025876
-3.1881881881881884	0.04006563046552764	0.19630527567910735
-3.1781781781781784	0.04221665167336487	0.20716435880789624
-3.1681681681681684	0.04461163138839951	0.21889583441528856
-3.1581581581581584	0.047286040842894096	0.23151346221154412
-3.1481481481481484	0.05028212258301765	0.24500626797457742
-3.1381381381381384	0.05365047693154538	0.259328520154553
-3.1281281281281283	0.05745209607935527	0.2743877618706907
-3.118118118118118	0.06176099460743489	0.2900314042506763
-3.108108108108108	0.06666764266992625	0.30603306969807736
-3.098098098098098	0.07228349090701851	0.32208080895209934
-3.088088088088088	0.07874699715481447	0.3377703968755586
-3.078078078078078	0.08623174411120486	0.35260784434569675
-3.068068068068068	0.09495750591717225	0.3660255233881221
-3.058058058058058	0.10520553100137377	0.37741521386671556
-3.048048048048048	0.1173399416199081	0.38617840309583595
-3.038038038038038	0.1318381450360874	0.39178939252387834
-3.028028028028028	0.14933473859005825	0.39386135957500007
-3.018018018018018	0.1706859640217813	0.39220170158707696
-3.008008008008008	0.19706599724249096	0.38684310591513943
-2.997997997997998	0.23011339334038938	0.37804183793200397
-2.987987987987988	0.27215774848823193	0.36624328641500375
-2.977977977977978	0.3265760361664849	0.35202344098476374
-2.967967967967968	0.3983587049276524	0.3360201958336085
-2.957957957957958	0.49500751346092386	0.31886856604307107
-2.947947947947948	0.6279160792705696	0.3011499567173455
-2.937937937937938	0.8142668220706184	0.2833599471118283
-2.9279279279279278	1.078659083048749	0.26589399872622016
-2.9179179179179178	1.450261029957341	0.2490473578413357
-2.9079079079079078	1.9410253760686857	0.23302431980736477
-2.8978978978978978	2.4783717527248506	0.217952375645284
-2.8878878878878878	2.8283711571213623	0.20389783067944564
-2.8778778778778777	2.745494955312382	0.1908806936750253
-2.8678678678678677	2.3039159073580855	0.17888766248181498
-2.8578578578578577	1.7817901209700981	0.16788276720680012
-2.8478478478478477	1.3445281610844173	0.15781568690655015
-2.8378378378378377	1.0211561424113176	0.14862799459939385
-2.8278278278278277	0.7903795759314627	0.14025767949629542
-2.8178178178178177	0.6255105287412861	0.13264230394754162
-2.8078078078078077	0.505915969531936	0.12572111758172122
-2.7977977977977977	0.4174265820617194	0.11943639886986021
-2.7877877877877877	0.35060765800226495	0.11373423980701981
-2.7777777777777777	0.2991739668094135	0.1085649399412758
-2.7677677677677677	0.25888411981863896	0.10388313445357276
-2.7577577577577577	0.22682518958653355	0.09964774780005224
-2.7477477477477477	0.2009584758957944	0.09582183879582934
-2.7377377377377377	0.17983027488914216	0.09237238372974711
-2.7277277277277276	0.16238548740517547	0.08927002988437517
-2.7177177177177176	0.1478455801941282	0.08648884155061183
-2.7077077077077076	0.1356272955391733	0.08400605331834148
-2.6976976976976976	0.12528755878364847	0.08180184033516835
-2.6876876876876876	0.11648550922290853	0.07985911177320494
-2.6776776776776776	0.10895591151760795	0.07816333149212137
-2.6676676676676676	0.10249025541358098	0.07670236851832095
-2.6576576576576576	0.09692313168410724	0.07546637924868017
-2.6476476476476476	0.09212228359763722	0.07444772307837172
-2.6376376376376376	0.08798125550073659	0.07364091334913261
-2.6276276276276276	0.08441390145589116	0.07304260606384429
-2.6176176176176176	0.08135024328489936	0.07265162970406686
-2.6076076076076076	0.07873331968326162	0.07246906074270767
-2.5975975975975976	0.07651677192770374	0.07249835112798117
-2.5875875875875876	0.07466298342067737	0.07274551623454042
-2.5775775775775776	0.07314164043379338	0.07321939469737768
-2.5675675675675675	0.07192861680823603	0.07393199540388898
-2.5575575575575575	0.07100511058871004	0.07489895206476914
-2.5475475475475475	0.07035697863346985	0.07614011271339718
-2.5375375375375375	0.06997422817488161	0.07768030091644536
-2.5275275275275275	0.06985063343517982	0.07955029846811826
-2.5175175175175175	0.06998345157918431	0.08178811744084373
-2.5075075075075075	0.07037321599422378	0.08444065500056032
-2.4974974974974975	0.07102358631133399	0.087565860887505
-2.4874874874874875	0.07194123363143991	0.09123560033352272
-2.4774774774774775	0.07313573571773153	0.09553947290576276
-2.4674674674674675	0.07461944976818263	0.10058996380468385
-2.4574574574574575	0.07640731872812469	0.1065294803176709
-2.4474474474474475	0.07851654947678875	0.11354009848113714
-2.4374374374374375	0.08096607577491563	0.12185727437110322
-2.4274274274274275	0.08377568354790882	0.13178946592992272
-2.4174174174174174	0.08696462921788993	0.14374675106929555
-2.4074074074074074	0.09054952337594394	0.1582834550938956
-2.3973973973973974	0.09454118642389334	0.17616315153810086
-2.3873873873873874	0.09894012350297945	0.19846040841527532
-2.3773773773773774	0.10373024404041163	0.22672479182374272
-2.3673673673673674	0.10887052641109923	0.2632540697950879
-2.3573573573573574	0.11428460087238312	0.31156646790774567
-2.3473473473473474	0.11984883575985374	0.37725145202528215
-2.3373373373373374	0.12538061009492119	0.46957379853405745
-2.3273273273273274	0.1306300782559314	0.6046465327256197
-2.3173173173173174	0.1352805794213976	0.8119904793311274
-2.3073073073073074	0.1389639889233708	1.1483512101462687
-2.2972972972972974	0.1412961218003704	1.7241594005191139
-2.2872872872872874	0.14193212023351923	2.7211941595823297
-2.2772772772772774	0.14063263108558732	4.136836949677474
-2.2672672672672673	0.1373221343691648	4.736378168252406
-2.2572572572572573	0.13211767285930273	3.521252222847277
-2.2472472472472473	0.12531440110698636	2.134810491274829
-2.2372372372372373	0.11733129224656115	1.2948349564601018
-2.2272272272272273	0.1086361328847891	0.8311692988190911
-2.2172172172172173	0.09967415770419157	0.5656175571732919
-2.2072072072072073	0.09081802771737449	0.40429961316619867
-2.1971971971971973	0.08234478872773614	0.30071988302674624
-2.1871871871871873	0.07443550488176243	0.23099969885283728
-2.1771771771771773	0.06718888607050345	0.18218989579278475
-2.1671671671671673	0.06064058823206106	0.14688273831489526
-2.1571571571571573	0.05478245892809286	0.12063265145695591
-2.1471471471471473	0.0495787830617495	0.10065793906525022
-2.1371371371371373	0.04497860936576444	0.08515387830615374
-2.1271271271271273	0.040924376275199334	0.07291223049087023
-2.1171171171171173	0.03735752948504543	0.06310163867417617
-2.1071071071071072	0.034221908970496866	0.055136167199093554
-2.0970970970970972	0.03146558854875009	0.04859401201073904
-2.0870870870870872	0.02904169971235214	0.04316576344135161
-2.0770770770770772	0.026908623870300245	0.038620618878917
-2.067067067067067	0.025029816118566528	0.034783802494109624
-2.057057057057057	0.023373433173522203	0.03152115786512652
-2.047047047047047	0.02191187428993241	0.02872843559249577
-2.037037037037037	0.02062130083567394	0.02632371714584763
-2.027027027027027	0.019481171983876527	0.024241972861442144
-2.017017017017017	0.018473816095545117	0.022431096979959816
-2.007007007007007	0.017584046381820373	0.020848980929009962
-1.996996996996997	0.016798822949678043	0.019461326906264675
-1.986986986986987	0.01610695971328562	0.01823999632177786
-1.976976976976977	0.015498872811649656	0.01716174941309664
-1.966966966966967	0.014966366410640234	0.016207274205843045
-1.956956956956957	0.014502451634854484	0.015360431768459647
-1.946946946946947	0.014101194595698672	0.014607664753554595
-1.936936936936937	0.01375758988341232	0.013937530351676596
-1.926926926926927	0.013467456376060487	0.013340328863855387
-1.916916916916917	0.013227352728856355	0.012807806367303652
-1.906906906906907	0.013034510417292132	0.012332915241479578
-1.896896896896897	0.012886782706757121	0.011909620213656612
-1.8868868868868869	0.012782608411579499	0.011532740470512969
-1.8768768768768769	0.012720989798820874	0.011197820542995845
-1.8668668668668669	0.012701484502997988	0.010901024301979494
-1.8568568568568569	0.012724211872144647	0.010639047642058735
-1.8468468468468469	0.012789874794359413	0.010409046381153083
-1.8368368368368369	0.012899798802330989	0.010208576637381821
-1.8268268268268268	0.013055991177134902	0.01003554551623591
-1.8168168168168168	0.013261223956478727	0.009888170389428404
-1.8068068068068068	0.013519146308399286	0.009764945402316934
-1.7967967967967968	0.013834433826122119	0.009664614130981714
-1.7867867867867868	0.014212985172943702	0.009586147540931797
-1.7767767767767768	0.014662180515873691	0.00952872658901635
-1.7667667667667668	0.015191221871114319	0.0094917289696576
-1.7567567567567568	0.015811583669763835	0.009474719643912931
-1.7467467467467468	0.016537613822531865	0.009477444911803336
-1.7367367367367368	0.01738734335795229	0.00949982990139959
-1.7267267267267268	0.01838358962278102	0.00954197945683901
-1.7167167167167168	0.019555479504126814	0.009604182518294965
-1.7067067067067068	0.02094058433208221	0.009686920203927609
-1.6966966966966968	0.022587962913703307	0.009790877935003165
-1.6866866866866868	0.02456258171560676	0.009916962095930916
-1.6766766766766767	0.02695187313723457	0.01006632190168835
-1.6666666666666667	0.029875701706114248	0.010240377366073881
-1.6566566566566567	0.03350192555678957	0.010440854541045947
-1.6466466466466467	0.03807145926413162	0.010669829549658847
-1.6366366366366367	0.043940107158210215	0.010929783389634472
-1.6266266266266267	0.051651356894645145	0.011223670078626307
-1.6166166166166167	0.06206942870622686	0.011555001496655958
-1.6066066066066067	0.07663723365748644	0.011927953327895285
-1.5965965965965967	0.09791395218285713	0.01234749791548601
-1.5865865865865867	0.13080159892833648	0.012819571765550035
-1.5765765765765767	0.1856927642758748	0.013351288082979203
-1.5665665665665667	0.287947343299	0.013951208405474286
-1.5565565565565564	0.5138836327131513	0.014629692590201132
-1.5465465465465464	1.19056908720931	0.015399353804186649
-1.5365365365365364	5.360737616569254	0.01627565585833619
-1.5265265265265264	77.42922267777449	0.01727770589036743
-1.5165165165165164	2.937122051947418	0.018429318720556837
-1.5065065065065064	0.8446727296006631	0.019760464496797844
-1.4964964964964964	0.3921215728533237	0.021309265642781305
-1.4864864864864864	0.225318327374409	0.02312479464640419
-1.4764764764764764	0.14625234375314555	0.02527106164884665
-1.4664664664664664	0.10278635574784305	0.027832806986604196
-1.4564564564564564	0.07642860982310333	0.030924096192643722
-1.4464464464464464	0.059290328515220335	0.034701380800952565
-1.4364364364364364	0.04755031689834861	0.03938388716587247
-1.4264264264264264	0.039176909432983235	0.04528643723965183
-1.4164164164164164	0.03300988489511566	0.0528741818038625
-1.4064064064064064	0.02834806749972128	0.06285770698361763
-1.3963963963963963	0.024747740610036047	0.07636650422525501
-1.3863863863863863	0.021917186564648507	0.0952842909171346
-1.3763763763763763	0.019658347833566375	0.12294484095280812
-1.3663663663663663	0.017833010102134905	0.16571000312854584
-1.3563563563563563	0.01634240454138782	0.23698366946185426
-1.3463463463463463	0.015114475493041662	0.36913491861982717
-1.3363363363363363	0.0140956923013725	0.657792070226458
-1.3263263263263263	0.013245643652448607	1.4975745364109092
-1.3163163163163163	0.012533385059032972	6.1626274437920765
-1.3063063063063063	0.011934919300968284	97.87899586676944
-1.2962962962962963	0.011431425828805505	4.689560836350769
-1.2862862862862863	0.011007995501786223	1.302325144410834
-1.2762762762762763	0.010652712646720108	0.6005139778153545
-1.2662662662662663	0.010355979889070568	0.34588287362649256
-1.2562562562562563	0.010110015316375488	0.22593356906285464
-1.2462462462462462	0.009908473722168406	0.16011398774212604
-1.2362362362362362	0.00974615837257426	0.12018312363346946
-1.2262262262262262	0.009618799629885315	0.09417418532602545
-1.2162162162162162	0.009522883529202057	0.07631365914669677
-1.2062062062062062	0.009455518091468546	0.06353866018732829
-1.1961961961961962	0.009414328449777428	0.05410186719352259
-1.1861861861861862	0.009397374207575627	0.0469474919057463
-1.1761761761761762	0.009403084134079356	0.0414071297130068
-1.1661661661661662	0.00943020452967823	0.03704095726757367
-1.1561561561561562	0.009477758498606196	0.0335499976816217
-1.1461461461461462	0.009545014040485694	0.03072530160714828
-1.1361361361361362	0.009631459380786625	0.028417304322013535
-1.1261261261261262	0.009736784350127172	0.026516698580306475
-1.1161161161161162	0.009860866925520812	0.02494213121125041
-1.1061061061061062	0.010003764287811528	0.02363207769932537
-1.0960960960960962	0.010165707946453443	0.02253934973664769
-1.0860860860860861	0.010347102648635571	0.02162730526156816
-1.0760760760760761	0.010548528935994669	0.020867185015791323
-1.0660660660660661	0.010770749346851434	0.020236210242390713
-1.0560560560560561	0.011014718392897738	0.019716204564442952
-1.0460460460460461	0.011281596574259138	0.019292583263353043
-1.0360360360360361	0.011572768842249856	0.018953604316067036
-1.026026026026026	0.011889868083082662	0.018689808807222985
-1.016016016016016	0.012234804387732532	0.01849360034385895
-1.006006006006006	0.012609801102790507	0.01835892790974063
-0.995995995995996	0.01301743893883147	0.01828104671877958
-0.985985985985986	0.013460709763556684	0.018256338658752876
-0.975975975975976	0.013943082148444105	0.018282178893927078
-0.965965965965966	0.01446858129997116	0.018356838802649884
-0.955955955955956	0.015041886728333847	0.018479418125379465
-0.9459459459459459	0.015668451941200895	0.018649801304666157
-0.9359359359359359	0.016354651668080433	0.01886863472985483
-0.9259259259259259	0.017107963722395283	0.01913732310715455
-0.9159159159159159	0.017937194729029386	0.019458044568032067
-0.9059059059059059	0.018852761777717494	0.019833785486733285
-0.8958958958958959	0.019867045883403357	0.02026839737330844
-0.8858858858858859	0.020994838339989372	0.020766679716392657
-0.8758758758758759	0.02225390823442217	0.021334494369713963
-0.8658658658658659	0.023665729426510417	0.02197891914586094
-0.8558558558558559	0.02525641955617262	0.02270845090036739
-0.8458458458458459	0.027057964247293734	0.023533271848652285
-0.8358358358358359	0.029109830052130237	0.024465597579970685
-0.8258258258258259	0.03146111542759085	0.02552013183061487
-0.8158158158158159	0.03417345950369867	0.026714662466798208
-0.8058058058058059	0.037325039541724295	0.028070846678446875
-0.7957957957957958	0.041016167423576916	0.029615253215535233
-0.7857857857857858	0.04537729217024843	0.03138075892639503
-0.7757757757757757	0.050580717685163944	0.0334084412054414
-0.7657657657657657	0.05685821644550084	0.03575017593874432
-0.7557557557557557	0.06452827436906644	0.03847225673512678
-0.7457457457457457	0.07403956484137103	0.04166052065939258
-0.7357357357357357	0.08604272876367988	0.04542774234821411
-0.7257257257257257	0.10151352334366683	0.04992452198766329
-0.7157157157157157	0.12197369522659146	0.055355692142757
-0.7057057057057057	0.1499087013335993	0.062005692456711434
-0.6956956956956957	0.18961073837491527	0.07027899163797757
-0.6856856856856857	0.24902434837120888	0.08076670053570575
-0.6756756756756757	0.34423215784972744	0.0943607466507645
-0.6656656656656657	0.5119861277818678	0.1124588081707199
-0.6556556556556556	0.8522965106290941	0.1373529439340007
-0.6456456456456456	1.7243081347882006	0.17301744504718647
-0.6356356356356356	5.319386150076832	0.22684408394391692
-0.6256256256256256	90.36595568811022	0.313891926060301
-0.6156156156156156	16.804535073594312	0.4688770523077663
-0.6056056056056056	2.9574307000347635	0.7874846561534476
-0.5955955955955956	1.1848594428886874	1.6205701539572284
-0.5855855855855856	0.6392173796584347	5.2063387883281855
-0.5755755755755756	0.40390268155328607	117.0531331687918
-0.5655655655655656	0.28220337753420466	13.540820155869213
-0.5555555555555556	0.21174363969181573	2.586143042593244
-0.5455455455455456	0.16776326020683383	1.0698345423140665
-0.5355355355355356	0.13886641699255686	0.5906526060949302
-0.5255255255255256	0.11922758857537667	0.38117334220762916
-0.5155155155155156	0.1056280760110663	0.2720543707011327
-0.5055055055055055	0.09618249485889199	0.20875636087683622
-0.4954954954954955	0.08973803774435775	0.16940938281209128
-0.4854854854854855	0.0855697306666147	0.14388109714286865
-0.4754754754754755	0.08321686370131899	0.12697552396956133
-0.46546546546546547	0.08239152334595896	0.11582686054479362
-0.45545545545545546	0.08292633222616137	0.1087737637226936
-0.44544544544544545	0.08474495778453313	0.1048275510379157
-0.43543543543543545	0.08784698264180038	0.10340400372066551
-0.42542542542542544	0.0923029766889759	0.10418270886285652
-0.41541541541541543	0.09825814428100563	0.10703358138773819
-0.40540540540540543	0.10594477373091145	0.11198267713689442
-0.3953953953953954	0.11570553493477166	0.1192048588180108
-0.38538538538538536	0.12803204520695743	0.12903949273617202
-0.37537537537537535	0.14362687285253786	0.14203174517144065
-0.36536536536536535	0.16350373845024924	0.15900907573597026
-0.35535535535535534	0.18915307017340416	0.1812132512785135
-0.34534534534534533	0.2228247312228675	0.2105278661636312
-0.3353353353353353	0.26803168279229844	0.24988121529882823
-0.3253253253253253	0.3304950272420401	0.30399150319524215
-0.3153153153153153	0.4200336390761175	0.38082686148698885
-0.3053053053053053	0.5546530781650874	0.494681607142424
-0.2952952952952953	0.7703301481041889	0.6732862678261862
-0.2852852852852853	1.1477571040980978	0.9763540482675485
-0.2752752752752753	1.9003360498328818	1.5526700984707038
-0.2652652652652653	3.7578321133957853	2.864265025057645
-0.2552552552552553	10.72628122072864	7.007881959178309
-0.24524524524524524	109.7369515235787	37.08789223362274
-0.23523523523523523	68.78498441657965	315.3704715498086
-0.22522522522522523	9.132028628849646	13.96181394283089
-0.21521521521521522	3.410632172550194	4.31610177893274
-0.20520520520520522	1.7732020713824	2.0756294284028165
-0.19519519519519518	1.0879562365152058	1.2205423379316884
-0.18518518518518517	0.7378949975159913	0.8060464691429172
-0.17517517517517517	0.5354972770456915	0.574396596851239
-0.16516516516516516	0.4081692711861806	0.4320873066216446
-0.15515515515515516	0.32302232041238715	0.33857305535426335
-0.14514514514514515	0.26340271622541195	0.2739646097487219
-0.13513513513513514	0.22014648365308995	0.2275783526135377
-0.12512512512512514	0.18787478246444572	0.19326119123364163
-0.11511511511511512	0.16326364291799011	0.16726832894323831
-0.10510510510510511	0.14417111784494582	0.1472167384607675
-0.09509509509509509	0.12916860723029724	0.13153357036803118
-0.08508508508508508	0.11727588237920451	0.11914908600318314
-0.07507507507507508	0.10780466186878909	0.1093177395403424
-0.06506506506506507	0.10026284416445078	0.10150985493673714
-0.055055055055055056	0.09429405695569318	0.09534390251239244
-0.04504504504504504	0.08963853497647832	0.09054303042125464
-0.035035035035035036	0.08610732041927019	0.0869066009581705
-0.025025025025025027	0.08356506469485127	0.08429132966113409
-0.015015015015015015	0.08191858369221477	0.08259879595038942
-0.005005005005005005	0.08110942883349868	0.08176736755998373
0.005005005005005005	0.08110942368565197	0.08176736228595723
0.015015015015015015	0.08191856806788993	0.0825987799431238
0.025025025025025027	0.08356503803920769	0.08429130235223521
0.035035035035035036	0.08610728176456255	0.08690656135581204
0.04504504504504504	0.08963848287214746	0.09054297703781748
0.055055055055055056	0.09429398935899962	0.09534383325104548
0.06506506506506507	0.10026275827731844	0.10150976692178026
0.07507507507507508	0.10780455389833664	0.10931762886744568
0.08508508508508508	0.11727574718569314	0.1191489473706189
0.09509509509509509	0.12916843780391182	0.13153339652617285
0.10510510510510511	0.14417090451471667	0.14721651937469726
0.11511511511511512	0.16326337212832803	0.16726805048843188
0.12512512512512514	0.18787443482917218	0.19326083310420986
0.13513513513513514	0.2201460307578279	0.22757788484878008
0.14514514514514515	0.26340211516104667	0.2739639867203777
0.15515515515515516	0.3230215039778796	0.33857220482153455
0.16516516516516516	0.40816812929005225	0.43208610854253926
0.17517517517517517	0.5354956187822075	0.5743948390739044
0.18518518518518517	0.7378924664178766	0.806043745023365
0.19519519519519518	1.0879520967116185	1.2205377757357538
0.20520520520520522	1.7731945678786893	2.0756208242858074
0.21521521521521522	3.410616051933923	4.316081832695051
0.22522522522522523	9.131979964471778	13.96174108556779
0.23523523523523523	68.7845613083966	315.3687202888703
0.24524524524524524	109.73645514308356	37.08770033521885
0.2552552552552553	10.72621083773945	7.007837343321182
0.2652652652652653	3.7578036220427142	2.8642442509532136
0.2752752752752753	1.9003196915045475	1.5526574063983727
0.2852852852852853	1.1477459249965458	0.9763450733086951
0.2952952952952953	0.7703216589363273	0.6732793070456351
0.3053053053053053	0.554646154291466	0.4946758491783506
0.3153153153153153	0.42002768950339053	0.3808218637869082
0.3253253253253253	0.33048970522373444	0.30398699840334886
0.3353353353353353	0.2680267660339102	0.2498770275205555
0.34534534534534533	0.22282006566987303	0.21052387027748373
0.35535535535535534	0.1891485409037073	0.1812093511748718
0.36536536536536535	0.16349925327094078	0.15900519158160717
0.37537537537537535	0.1436223522727098	0.1420278051927472
0.38538538538538536	0.12802741574711216	0.12903542725409847
0.3953953953953954	0.11570072418661044	0.11920059525150674
0.40540540540540543	0.10593970626445241	0.11197813511576808
0.41541541541541543	0.09825273782186666	0.10702866724729454
0.42542542542542544	0.09229713813995843	0.10417730871906249
0.43543543543543545	0.08784060357197744	0.10339797404832018
0.44544544544544545	0.08473790899002649	0.10482070510126977
0.45545545545545546	0.08291845688983016	0.10876585112645004
0.46546546546546547	0.082382628179949	0.11581753511506004
0.4754754754754755	0.08320670722801629	0.12696429111420965
0.4854854854854855	0.08555800744216005	0.14386722340170727
0.4954954954954955	0.0897243567929977	0.16939173158052823
0.5055055055055055	0.09616634976474125	0.2087330732426306
0.5155155155155156	0.10560880285516022	0.27202219054033766
0.5255255255255256	0.1192043059958162	0.38112602228765835
0.5355355355355356	0.1388379398892723	0.590576529315051
0.5455455455455456	0.16772797533274325	1.0696937043790402
0.5555555555555556	0.2116993308872126	2.585804873202046
0.5655655655655656	0.282147009307182	13.539287554568185
0.5755755755755756	0.40383029308984403	117.03180904382293
0.5855855855855856	0.6391251254333145	5.2054555690063316
0.5955955955955956	1.1847533320843833	1.6203037351545702
0.6056056056056056	2.9574273721161934	0.7873568275282761
0.6156156156156156	16.807881099102257	0.468801631247942
0.6256256256256256	90.32418701937276	0.31384192720064497
0.6356356356356356	5.319482700932272	0.22680839349822568
0.6456456456456456	1.7246297239812223	0.17299065676758532
0.6556556556556556	0.852577565397734	0.13733211616604124
0.6656656656656657	0.5122251929976962	0.11244220699232574
0.6756756756756757	0.34443789554018955	0.09434728794122957
0.6856856856856857	0.24920293527809056	0.08075567608439888
0.6956956956956957	0.18976611965603643	0.07026992381499157
0.7057057057057057	0.15004351897695073	0.06199825216813216
0.7157157157157157	0.12208993680250002	0.05534965010700286
0.7257257257257257	0.10161290424221202	0.049919718546227676
0.7357357357357357	0.08612688736677224	0.045424068061766715
0.7457457457457457	0.07411013508717962	0.041657903415770026
0.7557557557557557	0.06458688538869914	0.038470652903121176
0.7657657657657657	0.05690645696523543	0.03574956408740017
0.7757757757757757	0.05062009146648794	0.03340881746751172
0.7857857857857858	0.045409180066068394	0.03138213341220402
0.7957957957957958	0.041041802887929885	0.029617647085461416
0.8058058058058059	0.037345498448421006	0.02807428960930476
0.8158158158158159	0.03418966186448809	0.026719190334751775
0.8258258258258259	0.031473835421063065	0.02552578449439951
0.8358358358358359	0.029119710874269907	0.024472416697368143
0.8458458458458459	0.027065534992085662	0.023541298699202677
0.8558558558558559	0.025262112180524474	0.02271772422175448
0.8658658658658659	0.0236698946079299	0.021989473022254916
0.8758758758758759	0.022256829507711795	0.021346356234679172
0.8858858858858859	0.020996744292578418	0.020779868550843614
0.8958958958958959	0.019868120432879964	0.020282922188589056
0.9059059059059059	0.018853152687238674	0.019849644181081313
0.9159159159159159	0.01793702057636171	0.019475223233479715
0.9259259259259259	0.01710731955260504	0.01915579584073667
0.9359359359359359	0.016353613548850492	0.0188883639735629
0.9459459459459459	0.015667080617129722	0.018670738702541947
0.955955955955956	0.015040230542600194	0.018501505851133304
0.965965965965966	0.014466678525032046	0.018380011278829655
0.975975975975976	0.01394096284149117	0.018306364800010733
0.985985985985986	0.013458397241322435	0.01828146311118377
0.995995995995996	0.01301495094727904	0.018307033503439603
1.006006006006006	0.012607150742110936	0.01838570165486041
1.016016016016016	0.012232000840550787	0.018521088537775288
1.026026026026026	0.011886917183739375	0.018717943586688112
1.0360360360360361	0.011569673516698189	0.018982323974797728
1.0460460460460461	0.011278357173708975	0.01932183345317685
1.0560560560560561	0.01101133293916289	0.01974593918092155
1.0660660660660661	0.010767213702959895	0.02026639200004454
1.0760760760760761	0.010544836912132682	0.020897785724980907
1.0860860860860861	0.010343246050802305	0.02165830581648226
1.0960960960960962	0.010161676572561566	0.022570739812311037
1.1061061061061062	0.00999954587378732	0.023663855129588907
1.1161161161161162	0.00985644704224674	0.024974300976680328
1.1261261261261262	0.009732146249879387	0.02654927126321837
1.1361361361361362	0.009626583790046122	0.028450293768327303
1.1461461461461462	0.009539878894087883	0.030758721337860846
1.1561561561561562	0.009472338607692497	0.03358385525749708
1.1661661661661662	0.009424471173447751	0.03707524520688035
1.1761761761761762	0.009397004562206211	0.04144181045063902
1.1861861861861862	0.0093909110362258	0.046982472156646235
1.1961961961961962	0.009407438929414173	0.05413695283978326
1.2062062062062062	0.009448153218342727	0.06357347391163655
1.2162162162162162	0.009514986964706868	0.07634748327167731
1.2262262262262262	0.009610306381456843	0.09420564528740197
1.2362362362362362	0.009736993176204333	0.12020950579812614
1.2462462462462462	0.009898549048690952	0.16012963561164692
1.2562562562562563	0.010099228898972025	0.22592565336271073
1.2662662662662663	0.01034421163669467	0.3458183193425002
1.2762762762762763	0.010639820762380368	0.6002884623693091
1.2862862862862863	0.010993811561562044	1.3014720364481907
1.2962962962962963	0.011415748488713675	4.68367806532534
1.3063063063063063	0.011917506171927949	97.74093467789636
1.3163163163163163	0.01251394210723764	6.168895050777931
1.3263263263263263	0.013223811213783949	1.4979884559883503
1.3363363363363363	0.014071026397296613	0.6577781874235644
1.3463463463463463	0.015086422525726995	0.3690598840817019
1.3563563563563563	0.01631026650009488	0.23690362896637143
1.3663663663663663	0.01779589591313714	0.16563592985492662
1.3763763763763763	0.019615104048038227	0.12287836909403227
1.3863863863863863	0.021866296506787168	0.09522487500283364
1.3963963963963963	0.024687174089917337	0.07631316590909548
1.4064064064064064	0.028275050673259774	0.0628094929036922
1.4164164164164164	0.032920536595281234	0.052830271440035895
1.4264264264264264	0.03906564505539682	0.04524615107700486
1.4364364364364364	0.04740882804166462	0.03934666849043992
1.4464464464464464	0.05910574327247267	0.03466677337043403
1.4564564564564564	0.07617995786855516	0.030891724179620546
1.4664664664664664	0.10243721176343343	0.027802358541371187
1.4764764764764764	0.14573385035743713	0.025242275880058267
1.4864864864864864	0.2244841412380232	0.023097451431623915
1.4964964964964964	0.3906016787755258	0.021283177668663337
1.5065065065065064	0.8412204665942988	0.019735471021710468
1.5165165165165164	2.9242167936166723	0.018405280658962818
1.5265265265265264	77.2996723214859	0.017254501911401845
1.5365365365365364	5.345233263025562	0.016253179265276252
1.5465465465465464	1.1861277363844962	0.015377510017994051
1.5565565565565564	0.511811594204158	0.014608397103233696
1.5665665665665667	0.28672969377921653	0.01393038510323991
1.5765765765765767	0.18487809648634304	0.013330867855664725
1.5865865865865867	0.13020939145508373	0.012799491349050505
1.5965965965965967	0.09745787212750988	0.012327698914735376
1.6066066066066067	0.07627070630853953	0.011908381385972675
1.6166166166166167	0.06176504662992709	0.011535605580334231
1.6266266266266267	0.05139189452409796	0.01120440185710227
1.6366366366366367	0.04371416343134961	0.010910596687868243
1.6466466466466467	0.03787116545634	0.010650679860829265
1.6566566566566567	0.033321658792429765	0.010421698585629132
1.6666666666666667	0.029711323693739924	0.010221172686885237
1.6766766766766767	0.02680025940674142	0.01004702648593628
1.6866866866866868	0.024421319424477415	0.0098975340163276
1.6966966966966968	0.02245515052821595	0.00977127500309938
1.7067067067067068	0.020814695065427734	0.009667099629234309
1.7167167167167168	0.01943526588209183	0.009584100567250758
1.7267267267267268	0.01826801529080332	0.00952159110590458
1.7367367367367368	0.01727553335539106	0.009479088478562802
1.7467467467467468	0.016428817633980117	0.009456301720734951
1.7567567567567568	0.015705147276014655	0.009453123564511301
1.7667667667667668	0.015086566238201855	0.009469626028641596
1.7767767767767768	0.014558784750772132	0.00950605949313605
1.7867867867867868	0.014110373098518373	0.009562855164963892
1.7967967967967968	0.013732163081352488	0.009640630951279499
1.8068068068068068	0.013416799322471492	0.009740200865527064
1.8168168168168168	0.013158400313917474	0.009862588204313122
1.8268268268268268	0.01295230101000832	0.010009042854354626
1.8368368368368369	0.012794856929915537	0.010181063226190506
1.8468468468468469	0.012683295391557282	0.010380423469570077
1.8568568568568569	0.012615603491677141	0.010609206815129618
1.8668668668668669	0.0125904453086856	0.010869846116344842
1.8768768768768769	0.0126071028906354	0.011165172949154317
1.8868868868868869	0.012665437141111154	0.011498476980593988
1.896896896896897	0.01276586589525203	0.0118735777644732
1.906906906906907	0.012909357400193926	0.012294911691261637
1.916916916916917	0.01309743816152703	0.012767637550245004
1.926926926926927	0.013332214747039288	0.013297765108615486
1.936936936936937	0.013616409696319201	0.013892312346837835
1.946946946946947	0.013953412201158933	0.01455949861354872
1.956956956956957	0.014347344722483122	0.015308983115198722
1.966966966966967	0.014803147213695538	0.016152161031770862
1.976976976976977	0.01532668113938732	0.017102533426119167
1.986986986986987	0.01592485601768686	0.018176172386890246
1.996996996996997	0.01660578176775606	0.01939231008412684
2.007007007007007	0.017378950689592255	0.02077409045835734
2.017017017017017	0.018255453393133957	0.022349536342657034
2.027027027027027	0.019248233337810186	0.0241528047843358
2.037037037037037	0.020372384688002447	0.026225831999996136
2.047047047047047	0.021645497673608433	0.028620511100271834
2.057057057057057	0.02308805414698568	0.0314016072477089
2.067067067067067	0.024723872875823134	0.03465070707828088
2.0770770770770772	0.0265805982580041	0.03847163956705709
2.0870870870870872	0.028690215982577507	0.04299802307387003
2.0970970970970972	0.03108956229404361	0.048403937108667396
2.1071071071071072	0.03382076646962384	0.05491927221349666
2.1171171171171173	0.03693152408727571	0.06285222762951446
2.1271271271271273	0.040475035452747506	0.07262297805633587
2.1371371371371373	0.04450935218290874	0.08481523199997364
2.1471471471471473	0.049095749729623384	0.10025725179637254
2.1571571571571573	0.05429558541923563	0.12015290144357246
2.1671671671671673	0.060164928550763	0.14630061066631428
2.1771771771771773	0.06674611600656467	0.18147287527959413
2.1871871871871873	0.07405541341500979	0.2301016659675773
2.1971971971971973	0.0820663616952558	0.299574649442287
2.2072072072072073	0.0906894666074832	0.4028126097216597
2.2172172172172173	0.09975093680646323	0.5636609943266644
2.2272272272272273	0.10897617166397883	0.8286120713438123
2.2372372372372373	0.1179867904413247	1.291762872009235
2.2472472472472473	0.12632106458180542	2.1326161830966894
2.2572572572572573	0.13348375811782973	3.52597251907652
2.2672672672672673	0.13902109875207122	4.753973066138959
2.2772772772772774	0.1426029587668266	4.149804527987498
2.2872872872872874	0.1440855290419498	2.723693403638152
2.2972972972972974	0.14353187079925014	1.7228614958134318
2.3073073073073074	0.14118455438251434	1.1463367349332552
2.3173173173173174	0.13740403226018452	0.8100789931204996
2.3273273273273274	0.13259666967750514	0.6029958811090164
2.3373373373373374	0.12715368029852486	0.4681760136145799
2.3473473473473474	0.12141180410183046	0.3760649787579242
2.3573573573573574	0.11563614940857776	0.3105497600388857
2.3673673673673674	0.11001960833705565	0.26237275648544
2.3773773773773774	0.10469182911333962	0.22595191711897927
2.3873873873873874	0.09973200037496718	0.1977751225449494
2.3973973973973974	0.09518178554520128	0.1755493105396906
2.4074074074074074	0.09105656794845365	0.15772846777951388
2.4174174174174174	0.08735438942839398	0.14324070056991003
2.4274274274274275	0.08406263627576238	0.13132445786728983
2.4374374374374375	0.08116281784794288	0.12142695631298309
2.4474474474474475	0.0786338573234282	0.11313930480318653
2.4574574574574575	0.07645428345727001	0.10615396798830283
2.4674674674674675	0.07460364313725068	0.10023621410800145
2.4774774774774775	0.07306338052001393	0.095204541232606
2.4874874874874875	0.07181736378400651	0.09091700128418256
2.4974974974974975	0.07085218923313825	0.08726147954719016
2.5075075075075075	0.0701573541973692	0.08414867779843828
2.5175175175175175	0.06972536280756585	0.0815069778043936
2.5275275275275275	0.0695518098873719	0.07927863376422609
2.5375375375375375	0.06963547580758231	0.07741691808650206
2.5475475475475475	0.06997845754835974	0.07588396067106584
2.5575575575575575	0.07058635723408097	0.07464909940713903
2.5675675675675675	0.07146854827278433	0.07368761234154038
2.5775775775775776	0.07263854051722451	0.07297973837320103
2.5875875875875876	0.07411446944113985	0.07250991879991832
2.5975975975975976	0.07591974034635125	0.07226621009700765
2.6076076076076076	0.07808386754243798	0.07223983126294854
2.6176176176176176	0.08064356108884554	0.07242481847586525
2.6276276276276276	0.08364413135492364	0.07281776671596836
2.6376376376376376	0.08714130630234833	0.0734176431423414
2.6476476476476476	0.09120359097726383	0.07422566086405404
2.6576576576576576	0.0959153476493415	0.07524520466046876
2.6676676676676676	0.10138084506739453	0.07648180242353018
2.6776776776776776	0.10772962669400458	0.07794313777885105
2.6876876876876876	0.1151236964704041	0.07963910060108498
2.6976976976976976	0.12376724168607398	0.08158187303412566
2.7077077077077076	0.13391994579719443	0.08378604918357403
2.7177177177177176	0.14591545410288098	0.0862687868542544
2.7277277277277276	0.1601873479741171	0.08904998950761815
2.7377377377377377	0.17730623508528576	0.09215251591488373
2.7477477477477477	0.19803357067979782	0.09560241362610382
2.7577577577577577	0.2234010926551132	0.09942917013661212
2.7677677677677677	0.2548301393466644	0.10366597218902356
2.7777777777777777	0.2943140643551049	0.10834995856192217
2.7877877877877877	0.3447017768489095	0.11352244437580507
2.7977977977977977	0.41014433178638243	0.11922908462457453
2.8078078078078077	0.49680184885454653	0.12551993034531161
2.8178178178178177	0.6139464412403322	0.13244931140276067
2.8278278278278277	0.7755757584000335	0.14007545398062857
2.8378378378378377	1.0022864791512625	0.14845970727428884
2.8478478478478477	1.3213724045524637	0.1576652117271143
2.8578578578578577	1.7567494475714374	0.16775479076567745
2.8678678678678677	2.286050890881179	0.1787877921482305
2.8778778778778777	2.7510524956046063	0.19081555107604717
2.8878878878878878	2.8634572479209033	0.20387511010852608
2.8978978978978978	2.5243493326540736	0.2179808373344506
2.9079079079079078	1.9784347055002038	0.23311367672566022
2.9179179179179178	1.4747901333665243	0.2492080036188467
2.9279279279279278	1.0933926159212237	0.26613651734582633
2.937937937937938	0.8228293881954594	0.28369434879083105
2.947947947947948	0.6328040445058575	0.3015846081682397
2.957957957957958	0.497725528927536	0.31940883682100124
2.967967967967968	0.3997840817976424	0.3366669306705861
2.977977977977978	0.32722143032564677	0.3527714822380815
2.987987987987988	0.2723272850735618	0.36708038004821997
2.997997997997998	0.22999092304376187	0.37894830679045766
3.008008008008008	0.196764748600627	0.3877926057533242
3.018018018018018	0.17027682970107205	0.3931631600336724
3.028028028028028	0.14886270182165423	0.3948018776297463
3.038038038038038	0.131332023237225	0.39267757902278183
3.048048048048048	0.11681828925663765	0.38698745563228215
3.058058058058058	0.10468028792530903	0.37812513542765375
3.068068068068068	0.0944362942896354	0.36662413799756766
3.078078078078078	0.08571933890907231	0.35309061952724613
3.088088088088088	0.07824628177426342	0.33813935508094606
3.098098098098098	0.07179608637766326	0.3223429355046366
3.108108108108108	0.0661943266873191	0.30619860523109654
3.118118118118118	0.061301983266007457	0.2901123018893583
3.1281281281281283	0.05700723475105466	0.2743964586332763
3.1381381381381384	0.053219370326856225	0.259277062678638
3.1481481481481484	0.049864223683374814	0.24490576212728435
3.1581581581581584	0.046880711771026956	0.231373782469869
3.1681681681681684	0.04421818498597617	0.21872552151322702
3.1781781781781784	0.04183437973144621	0.20697064155261546
3.1881881881881884	0.039693822675883374	0.19609416626778883
3.1981981981981984	0.03776657693297073	0.18606452529138287
3.2082082082082084	0.03602724937703227	0.17683972708486995
3.2182182182182184	0.034454199071961074	0.16837194387090468
3.2282282282282284	0.03302890181705475	0.1606108139994365
3.2382382382382384	0.031735436789652405	0.15350574538095485
3.2482482482482484	0.03056006935659096	0.14700746299115067
3.2582582582582584	0.02949091014334716	0.14106899817895316
3.2682682682682684	0.028517634960425118	0.13564627497212697
3.2782782782782784	0.02763125359418163	0.1306984119480939
3.2882882882882885	0.026823918063019245	0.12618782834096237
3.2982982982982985	0.02608876292761039	0.12208021951632726
3.3083083083083085	0.025419771777847332	0.11834444888761528
3.3183183183183185	0.02481166521057872	0.11495238976866286
3.3283283283283285	0.02425980654304226	0.11187874060712616
3.3383383383383385	0.023760122239073794	0.1091008297078468
3.3483483483483485	0.023309034603851232	0.10659842026714224
3.3583583583583585	0.022903404763482942	0.10435352277526523
3.3683683683683685	0.02254048431410271	0.10235021920172564
3.3783783783783785	0.02221787432151712	0.10057450155316629
3.3883883883883885	0.0219334905925465	0.09901412615952679
3.3983983983983985	0.021685534334704822	0.09765848423551952
3.4084084084084085	0.021472467481468045	0.09649848875888943
3.4184184184184185	0.021292992093089044	0.09552647741756838
3.4284284284284285	0.02114603335395119	0.09473613124195168
3.4384384384384385	0.021030725781046224	0.0941224085117316
3.4484484484484486	0.020946402338295873	0.09368149357909349
3.4584584584584586	0.02089258622136635	0.09341076036058807
3.4684684684684686	0.020868985139365383	0.09330875040586875
3.4784784784784786	0.020875487976288652	0.09337516564532002
3.4884884884884886	0.020912163767582346	0.09361087614725835
3.4984984984984986	0.020979262977975126	0.09401794347943675
3.5085085085085086	0.021077221117135187	0.0945996605725921
3.5185185185185186	0.02120666478174317	0.09536060933197764
3.5285285285285286	0.02136842026770422	0.09630673764557178
3.5385385385385386	0.021563524956623406	0.09744545790712797
3.5485485485485486	0.021793241748470405	0.09878576972391909
3.5585585585585586	0.022059076890004917	0.1003384101329447
3.5685685685685686	0.02236280163941117	0.10211603542958575
3.5785785785785786	0.022706478315237356	0.10413343965013185
3.5885885885885886	0.023092491406931828	0.10640781588127715
3.5985985985985987	0.023523584581162757	0.10895906794243522
3.6086086086086087	0.02400290460999084	0.1118101816568676
3.6186186186186187	0.024534053483789398	0.11498766696503857
3.6286286286286287	0.025121150265977856	0.11852208462187339
3.6386386386386387	0.025768904614830588	0.12244867425916256
3.6486486486486487	0.02648270436077267	0.12680810430264342
3.6586586586586587	0.02726872011488417	0.1316473687430659
3.6686686686686687	0.028134030632793093	0.13702086121433216
3.6786786786786787	0.029086773618868016	0.14299166336663252
3.6886886886886887	0.03013632789680883	0.14963309223920682
3.6986986986986987	0.03129353448720694	0.1570305602412661
3.7087087087087087	0.03257096624809899	0.1652838112393164
3.7187187187187187	0.033983258526828986	0.1745096065174849
3.7287287287287287	0.035547516986970285	0.1848449436564804
3.7387387387387387	0.03728382375846609	0.19645089691653791
3.7487487487487487	0.0392158698049678	0.20951716430046305
3.7587587587587588	0.04137175061690946	0.22426738459623952
3.7687687687687688	0.043784975049698076	0.24096523039196885
3.7787787787787788	0.0464957548430995	0.2599211606837964
3.7887887887887888	0.049552667326648446	0.2814994784392781
3.798798798798799	0.05301481942183085	0.3061248990135912
3.808808808808809	0.056954692466414616	0.3342870553817252
3.818818818818819	0.06146192262971932	0.36654002789420914
3.828828828828829	0.0666483833887505	0.40349177238721473
3.838838838838839	0.07265510491458045	0.4457748290060196
3.848848848848849	0.07966182322327592	0.49398457591243167
3.858858858858859	0.08790035426510637	0.5485647121996859
3.868868868868869	0.09767362733510986	0.6096134575030752
3.878878878878879	0.10938324823999528	0.6765840188975932
3.888888888888889	0.12357017784500592	0.7478725015855834
3.898898898898899	0.14097601496123177	0.8203475669794469
3.908908908908909	0.16263740107529015	0.8889976456168586
3.918918918918919	0.19003497488367538	0.9470272679899984
3.928928928928929	0.22533442913538282	0.9867875778602108
3.938938938938939	0.2717868587853712	1.001644066566275
3.948948948948949	0.334410148278542	0.9882016264050932
3.958958958958959	0.42117014716449236	0.9477017803563328
3.968968968968969	0.5450286542817886	0.8856593557055756
3.978978978978979	0.7273111998859453	0.8099426199343791
3.988988988988989	1.0020061804577307	0.7284609758396164
3.998998998998999	1.414382375816366	0.6475547252239223
4.009009009009009	1.9805598261188793	0.5714257475485272
4.019019019019019	2.53538750434947	0.5023287347394122
4.029029029029029	2.644354072847627	0.4410856634462926
4.039039039039039	2.1805064380757058	0.38761623103233384
4.049049049049049	1.5672684129994834	0.341351378821473
4.059059059059059	1.0885730745303497	0.3015091103038777
4.069069069069069	0.7678581277152969	0.26725857734852926
4.079079079079079	0.5583705378253526	0.237807494808729
4.089089089089089	0.4190995043835062	0.21244214038701068
4.099099099099099	0.32370763510429806	0.1905403217150791
4.109109109109109	0.25630369718624735	0.1715701547982185
4.119119119119119	0.20727917975741805	0.15508220842645384
4.129129129129129	0.17069219938673114	0.14069920478224865
4.1391391391391394	0.14276279797156258	0.12810545574519414
4.1491491491491495	0.12101619676659355	0.11703706800043671
4.1591591591591595	0.10378746371351501	0.10727332456683847
4.1691691691691695	0.08992816210469266	0.09862932635693772
4.1791791791791795	0.07862796090571915	0.09094982209393945
4.1891891891891895	0.06930326943457911	0.08410409084813372
4.1991991991991995	0.06152595725765777	0.07798172461166393
4.2092092092092095	0.054976656977952676	0.07248916434431807
4.2192192192192195	0.049413507352935655	0.06754685867731926
4.2292292292292295	0.04465081383880329	0.06308693315819057
4.2392392392392395	0.04054421301573467	0.059051276236132474
4.2492492492492495	0.03698018518573038	0.05538996467134268
4.2592592592592595	0.03386852614220843	0.05205996522376399
4.2692692692692695	0.03113686622874848	0.04902406133516106
4.2792792792792795	0.02872662753377347	0.046249963275766415
4.2892892892892895	0.026590005667081057	0.04370956817141618
4.2992992992992995	0.02468769110456939	0.041378342753454714
4.3093093093093096	0.022987130907703494	0.03923480685230554
4.31931931931932	0.02146118977505485	0.0372600998207354
4.32932932932933	0.02008710933430028	0.035437615420618976
4.33933933933934	0.0188456923878534	0.033752693399194206
4.34934934934935	0.017720658412409166	0.03219235814753905
4.35935935935936	0.016698130569308745	0.03074509658146143
4.36936936936937	0.015766224533525473	0.029400668796178423
4.37937937937938	0.014914716761353516	0.02814994618910574
4.38938938938939	0.01413477518647995	0.026984772672580083
4.3993993993994	0.013418739313618087	0.025897845353269205
4.40940940940941	0.012759939652444582	0.024882611670876614
4.41941941941942	0.012152548674798975	0.023933180492785
4.42942942942943	0.01159145717861371	0.023044245074816873
4.43943943943944	0.011072171242063956	0.022211016138567213
4.44944944944945	0.010590725952267475	0.021429163596505894
4.45945945945946	0.010143612868403333	0.020694765688437314
4.46946946946947	0.009727718783623558	0.020004264485609543
4.47947947947948	0.00934027382438078	0.01935442687925558
4.48948948948949	0.008978807299724164	0.01874231030413871
4.4994994994995	0.008641110009760153	0.018165232559508648
4.50950950950951	0.008325201958696904	0.017620745183956794
4.51951951951952	0.008029304607464509	0.017106609919417256
4.52952952952953	0.00775181695299578	0.016620777866231826
4.53953953953954	0.007491294844690482	0.01616137098731406
4.54954954954955	0.007246433048470855	0.015726665667207727
4.55955955955956	0.007016049650402944	0.015315078072154547
4.56956956956957	0.0067990724586840835	0.014925151091808687
4.57957957957958	0.006594527117571043	0.0145555426725063
4.58958958958959	0.006401526692163184	0.014205015377180665
4.5995995995996	0.00621926252036047	0.013872427028426533
4.60960960960961	0.0060469961594306785	0.0135567223097499
4.61961961961962	0.005884052280597193	0.013256925215868182
4.62962962962963	0.005729812386709693	0.012972132256639016
4.63963963963964	0.005583709246217697	0.012701506331011683
4.64964964964965	0.005445221952021628	0.012444271197627569
4.65965965965966	0.005313871526650184	0.012199706477549477
4.66966966966967	0.005189217006099357	0.011967143132330675
4.67967967967968	0.005070851943990354	0.011745959367323436
4.68968968968969	0.004958401285510663	0.01153557691598081
4.6996996996997	0.004851518567405828	0.0113354576659799
4.70970970970971	0.004749883405907923	0.011145100592517216
4.71971971971972	0.0046531992395333855	0.01096403896793694
4.72972972972973	0.004561191297788683	0.010791837820450385
4.73973973973974	0.004473604770583654	0.01062809161750238
4.74974974974975	0.0043902031561351244	0.010472422152225326
4.75975975975976	0.004310766768010997	0.01032447661355369
4.76976976976977	0.004235091384184309	0.010183925822837578
4.77977977977978	0.004162987023093265	0.01005046262142622
4.78978978978979	0.004094276833422363	0.009923800395511781
4.7997997997998	0.004028796085905655	0.009803671725764337
4.80980980980981	0.0039663912567349455	0.009689827150741225
4.81981981981982	0.003906919193435569	0.009582034034063052
4.82982982982983	0.0038502463550041375	0.009480075526435771
4.83983983983984	0.0037962481190828372	0.00938374961446034
4.84984984984985	0.003744808149698191	0.009292868249000868
4.85985985985986	0.0036958178198054524	0.009207256546596541
4.86986986986987	0.0036491756835326885	0.009126752058049168
4.87987987987988	0.003604786993500584	0.009051204098914726
4.88988988988989	0.0035625632591481902	0.00898047313711115
4.8998998998999	0.0035224218423543247	0.008914430233390495
4.90990990990991	0.003484285587119047	0.008852956530776305
4.91991991991992	0.0034480824802833356	0.008795942789506354
4.92992992992993	0.003413745340707292	0.00874328896433374
4.93993993993994	0.003381211534465786	0.008694903821408521
4.94994994994995	0.0033504227139863527	0.008650704592142726
4.95995995995996	0.00332132457913753	0.008610616661865593
4.96996996996997	0.0032938666586135204	0.008574573291198177
4.97997997997998	0.003268002110005751	0.008542515368344166
4.98998998998999	0.0032436875371913117	0.008514391190704169
5.0	0.0032208828237972236	0.008490156274384812
