0.0	0.9999999999999969
0.0025	0.8789314970216886
0.005	0.776346348224278
0.0075	0.6889600770707386
0.01	0.6141308220690066
0.0125	0.5497240420800507
0.015	0.4940078198811785
0.017499999999999998	0.4455712650353672
0.02	0.4032605285089945
0.0225	0.3661283607935062
0.025	0.3333941622468926
0.027500000000000004	0.3044122135696742
0.03	0.278646318763014
0.0325	0.25564949869932907
0.034999999999999996	0.23504767909070862
0.0375	0.21652654901771415
0.04	0.1998209442760241
0.042499999999999996	0.1847062472423842
0.045	0.17099140166853646
0.0475	0.15851322408234464
0.05	0.1471317587447013
0.052500000000000005	0.13672647446679734
0.05500000000000001	0.1271931421361018
0.057499999999999996	0.11844126390180089
0.06	0.1103919504558914
0.0625	0.10297616312674093
0.065	0.09613325367591505
0.0675	0.08980974761430854
0.06999999999999999	0.08395832720252475
0.0725	0.07853697860189851
0.075	0.0735082743135821
0.0775	0.06883876741342675
0.08	0.06449847842118744
0.08249999999999999	0.06046045914125128
0.08499999999999999	0.05670042064352826
0.0875	0.05319641484875998
0.09	0.049928561047113636
0.0925	0.04687881019632242
0.095	0.044030741082853986
0.0975	0.04136938344037763
0.1	0.03888106394728784
0.1025	0.036553271703896134
0.10500000000000001	0.03437454034802751
0.1075	0.03233434442764748
0.11000000000000001	0.03042300802895669
0.1125	0.028631623972804252
0.11499999999999999	0.02695198215317294
0.11750000000000001	0.02537650580852156
0.12	0.023898194697759466
0.12250000000000001	0.02251057430395029
0.125	0.02120765031568503
0.1275	0.019983867742672783
0.13	0.018834074111933316
0.1325	0.017753486266888125
0.135	0.016737660355959676
0.1375	0.015782464651931536
0.13999999999999999	0.014884054889868945
0.14250000000000002	0.014038851851162033
0.145	0.013243520955311915
0.14750000000000002	0.012494953650331072
0.15	0.011790250417820298
0.1525	0.011126705230535414
0.155	0.010501791319088051
0.1575	0.009913148120770213
0.16	0.009358569297715792
0.1625	0.0088359917240211
0.16499999999999998	0.00834348535229869
0.1675	0.007879243879651963
0.16999999999999998	0.007441576141418178
0.17250000000000001	0.007028898168389853
0.175	0.006639725849724357
0.1775	0.006272668149500723
0.18	0.005926420829980159
0.1825	0.005599760639154752
0.185	0.005291539924199541
0.1875	0.005000681636038058
0.19	0.004726174693443246
0.1925	0.004467069677971333
0.195	0.0042224748336044445
0.1975	0.003991552347293875
0.2	0.0037735148886800505
0.20249999999999999	0.0035676223891428203
0.205	0.0033731790420309087
0.20750000000000002	0.003189530507451254
0.21000000000000002	0.003016061306385762
0.2125	0.002852192390159759
0.215	0.002697378872427539
0.21749999999999997	0.002551107911876839
0.22000000000000003	0.0024128967347975608
0.2225	0.002282290787519346
0.225	0.0021588620095061672
0.22749999999999998	0.0020422072186119236
0.22999999999999998	0.0019319466006545998
0.2325	0.0018277222960651751
0.23500000000000001	0.0017291970769152535
0.2375	0.0016360531081296386
0.24	0.001547990787151022
0.2425	0.0014647276567470195
0.24500000000000002	0.0013859973860388102
0.2475	0.0013115488151884058
0.25	0.001241145059510841
0.2525	0.001174562669081122
0.255	0.0011115908401853835
0.2575	0.0010520306752238302
0.26	0.0009956944879113384
0.2625	0.0009424051508416026
0.265	0.0008919954826843143
0.26749999999999996	0.0008443076724729896
0.27	0.0007991927386152837
0.2725	0.0007565100204189976
0.275	0.0007161267000763944
0.27749999999999997	0.0006779173531881092
0.27999999999999997	0.0006417635260364249
0.28250000000000003	0.0006075533379370266
0.28500000000000003	0.0005751811071091281
0.2875	0.0005445469986067441
0.29	0.0005155566929495658
0.2925	0.0004881210741808001
0.29500000000000004	0.00046215593616207506
0.2975	0.00043758170599251953
0.3	0.0004143231835107695
0.3025	0.00039230929590546487
0.305	0.0003714728665219729
0.3075	0.00035175039701108445
0.31	0.00033308186201950194
0.3125	0.0003154105156723637
0.315	0.00029868270914515355
0.3175	0.00028284771866624904
0.32	0.000267857583332431
0.3225	0.00025366695215798147
0.325	0.00024023293981383317
0.3275	0.00022751499054671378
0.32999999999999996	0.00021547474979952526
0.3325	0.00020407594308349797
0.335	0.00019328426168004458
0.3375	0.000183067254775883
0.33999999999999997	0.00017339422765901195
0.34249999999999997	0.00016423614562558917
0.34500000000000003	0.00015556554326882682
0.34750000000000003	0.00014735643884075114
0.35	0.00013958425339615237
0.3525	0.00013222573444540288
0.355	0.0001252588838590595
0.35750000000000004	0.00011866288978242635
0.36	0.00011241806233255266
0.3625	0.00010650577286356322
0.365	0.00010090839659882656
0.3675	9.560925844028976e-5
0.37	9.059258177642433e-5
0.3725	8.584344012066578e-5
0.375	8.134771142203117e-5
0.3775	7.709203489882294e-5
0.38	7.306377025498607e-5
0.3825	6.92509591468357e-5
0.385	6.564228877552998e-5
0.3875	6.222705748787819e-5
0.39	5.899514227484689e-5
0.39249999999999996	5.593696806351809e-5
0.395	5.3043478704258505e-5
0.3975	5.030610956051643e-5
0.4	4.77167616139973e-5
0.4025	4.526777700298383e-5
0.40499999999999997	4.295191591630459e-5
0.40750000000000003	4.0762334769909846e-5
0.41	3.8692565597224e-5
0.4125	3.6736496588407136e-5
0.41500000000000004	3.488835371740338e-5
0.4175	3.314268339918399e-5
0.42000000000000004	3.1494336122929654e-5
0.4225	2.9938451010044737e-5
0.425	2.847044124887235e-5
0.42750000000000005	2.7085980360792013e-5
0.43	2.5780989255040075e-5
0.4325	2.455162403211054e-5
0.43499999999999994	2.339426449797433e-5
0.4375	2.230550335361041e-5
0.44000000000000006	2.128213602647938e-5
0.4425	2.032115111259545e-5
0.445	1.9419721399776235e-5
0.44749999999999995	1.8575195444473662e-5
0.45	1.7785089676324434e-5
0.4525	1.704708100620761e-5
0.45499999999999996	1.6358999915166486e-5
0.4575	1.571882400304902e-5
0.45999999999999996	1.5124671977147257e-5
0.4625	1.4574798062479862e-5
0.465	1.4067586816665035e-5
0.46749999999999997	1.3601548333579372e-5
0.47000000000000003	1.3175313821195606e-5
0.4725	1.2787631540141961e-5
0.475	1.2437363090632684e-5
0.47750000000000004	1.2123480036486204e-5
0.48	1.1845060855978166e-5
0.48250000000000004	1.1601288210274446e-5
0.485	1.1391446521157541e-5
0.4875	1.121491985070136e-5
0.49000000000000005	1.1071190076467652e-5
0.4925	1.0959835356695237e-5
0.495	1.0880528880833069e-5
0.49749999999999994	1.083303790163363e-5
0.5	1.081722304587622e-5
0.5025000000000001	1.0833037901633613e-5
0.505	1.0880528880833037e-5
0.5075000000000001	1.0959835356695187e-5
0.51	1.1071190076467582e-5
0.5125	1.1214919850701276e-5
0.515	1.1391446521157443e-5
0.5175	1.1601288210274326e-5
0.52	1.1845060855978029e-5
0.5225	1.2123480036486046e-5
0.525	1.2437363090632513e-5
0.5275000000000001	1.278763154014177e-5
0.53	1.3175313821195393e-5
0.5325	1.3601548333579138e-5
0.5349999999999999	1.406758681666478e-5
0.5375	1.4574798062479584e-5
0.54	1.5124671977146954e-5
0.5425	1.5718824003048693e-5
0.545	1.6358999915166134e-5
0.5475	1.7047081006207233e-5
0.55	1.7785089676324038e-5
0.5525	1.8575195444473235e-5
0.5549999999999999	1.941972139977578e-5
0.5575	2.0321151112594965e-5
0.5599999999999999	2.1282136026478852e-5
0.5625	2.230550335360986e-5
0.5650000000000001	2.339426449797374e-5
0.5675	2.455162403210991e-5
0.5700000000000001	2.578098925503941e-5
0.5725	2.708598036079131e-5
0.575	2.8470441248871605e-5
0.5775	2.9938451010043945e-5
0.58	3.149433612292883e-5
0.5825	3.314268339918311e-5
0.585	3.4888353717402436e-5
0.5875	3.673649658840615e-5
0.5900000000000001	3.869256559722295e-5
0.5925	4.0762334769908735e-5
0.595	4.295191591630341e-5
0.5974999999999999	4.526777700298259e-5
0.6	4.771676161399598e-5
0.6025	5.030610956051512e-5
0.605	5.304347870425704e-5
0.6075	5.593696806351653e-5
0.61	5.8995142274845144e-5
0.6125	6.222705748787645e-5
0.615	6.564228877552828e-5
0.6174999999999999	6.925095914683378e-5
0.62	7.306377025498405e-5
0.6224999999999999	7.709203489882064e-5
0.625	8.13477114220289e-5
0.6275000000000001	8.584344012066354e-5
0.63	9.059258177642187e-5
0.6325000000000001	9.560925844028699e-5
0.635	0.00010090839659882365
0.6375	0.00010650577286356023
0.64	0.00011241806233254962
0.6425	0.00011866288978242313
0.645	0.00012525888385905582
0.6475	0.000132225734445399
0.65	0.00013958425339614846
0.6525000000000001	0.0001473564388407471
0.655	0.00015556554326882257
0.6575	0.00016423614562558438
0.6599999999999999	0.0001733942276590069
0.6625	0.00018306725477587786
0.665	0.0001932842616800393
0.6675	0.00020407594308349242
0.67	0.000215474749799519
0.6725	0.00022751499054670716
0.675	0.00024023293981382643
0.6775	0.00025366695215797453
0.6799999999999999	0.00026785758333242363
0.6825	0.00028284771866624085
0.6849999999999999	0.0002986827091451448
0.6875	0.0003154105156723549
0.6900000000000001	0.0003330818620194929
0.6925	0.0003517503970110749
0.6950000000000001	0.0003714728665219621
0.6975	0.00039230929590545343
0.7	0.000414323183510758
0.7025	0.0004375817059925077
0.705	0.00046215593616206254
0.7075	0.0004881210741807859
0.71	0.0005155566929495511
0.7125	0.0005445469986067289
0.7150000000000001	0.0005751811071091126
0.7175	0.0006075533379370101
0.72	0.0006417635260364062
0.7224999999999999	0.0006779173531880898
0.725	0.0007161267000763746
0.7275	0.0007565100204189772
0.73	0.0007991927386152624
0.7325	0.0008443076724729655
0.735	0.0008919954826842887
0.7375	0.0009424051508415763
0.74	0.000995694487911312
0.7424999999999999	0.0010520306752238018
0.745	0.0011115908401853536
0.7474999999999999	0.0011745626690810886
0.75	0.0012411450595108068
0.7525000000000001	0.0013115488151883706
0.755	0.0013859973860387708
0.7575000000000001	0.0014647276567469774
0.76	0.0015479907871509809
0.7625	0.0016360531081295907
0.765	0.0017291970769152047
0.7675	0.0018277222960651263
0.77	0.0019319466006545484
0.7725	0.002042207218611866
0.775	0.0021588620095061087
0.7775000000000001	0.0022822907875192856
0.78	0.0024128967347974936
0.7825	0.002551107911876767
0.7849999999999999	0.0026973788724274674
0.7875	0.0028521923901596866
0.79	0.0030160613063856785
0.7925	0.003189530507451171
0.795	0.0033731790420308203
0.7975	0.0035676223891427205
0.8	0.003773514888679949
0.8025	0.003991552347293772
0.805	0.004222474833604339
0.8074999999999999	0.004467069677971212
0.8099999999999999	0.004726174693443123
0.8125	0.005000681636037917
0.8150000000000001	0.005291539924199398
0.8175000000000001	0.005599760639154606
0.82	0.005926420829979988
0.8225	0.006272668149500547
0.825	0.006639725849724182
0.8275	0.007028898168389673
0.8300000000000001	0.007441576141417999
0.8324999999999999	0.007879243879651754
0.835	0.008343485352298473
0.8375	0.008835991724020881
0.8400000000000001	0.009358569297715546
0.8425	0.00991314812076996
0.845	0.010501791319087753
0.8474999999999999	0.01112670523053511
0.85	0.011790250417819996
0.8525	0.012494953650330763
0.8550000000000001	0.013243520955311606
0.8574999999999999	0.014038851851161667
0.86	0.014884054889868565
0.8625	0.01578246465193111
0.865	0.016737660355959246
0.8675	0.017753486266887688
0.8699999999999999	0.018834074111932792
0.8724999999999999	0.019983867742672263
0.875	0.021207650315684497
0.8775000000000001	0.02251057430394976
0.8800000000000001	0.02389819469775892
0.8825	0.025376505808520907
0.885	0.02695198215317228
0.8875	0.028631623972803597
0.89	0.03042300802895594
0.8925000000000001	0.032334344427646725
0.8949999999999999	0.0343745403480266
0.8975	0.0365532717038952
0.9	0.038881063947286916
0.9025000000000001	0.04136938344037671
0.905	0.044030741082853035
0.9075	0.04687881019632129
0.9099999999999999	0.04992856104711248
0.9125	0.053196414848758665
0.915	0.05670042064352695
0.9175000000000001	0.06046045914124998
0.9199999999999999	0.06449847842118586
0.9225	0.06883876741342511
0.925	0.07350827431358051
0.9275	0.07853697860189685
0.93	0.0839583272025231
0.9324999999999999	0.08980974761430655
0.9349999999999999	0.09613325367591298
0.9375	0.10297616312673893
0.9400000000000001	0.1103919504558891
0.9425000000000001	0.11844126390179852
0.945	0.12719314213609892
0.9475	0.1367264744667944
0.95	0.14713175874469822
0.9525	0.1585132240823418
0.9550000000000001	0.17099140166853358
0.9574999999999999	0.18470624724238016
0.96	0.19982094427602046
0.9625	0.21652654901770976
0.9650000000000001	0.2350476790907042
0.9675	0.2556494986993251
0.97	0.27864631876300816
0.9724999999999999	0.304412213569668
0.975	0.33339416224688695
0.9775	0.36612836079350025
0.9800000000000001	0.4032605285089889
0.9824999999999999	0.4455712650353588
0.985	0.4940078198811701
0.9875	0.5497240420800422
0.99	0.6141308220689985
0.9925	0.688960077070729
0.9949999999999999	0.7763463482242626
0.9974999999999999	0.8789314970216733
1.0	0.9999999999999851
