0.0	0.9999999999999992
0.0025	0.8316641676025488
0.005	0.6950738282517167
0.0075	0.5836711830439496
0.01	0.4923494126298514
0.0125	0.4171137235651585
0.015	0.35482567701690004
0.017499999999999998	0.3030091291465247
0.02	0.2597021782396254
0.0225	0.22334371852351792
0.025	0.1926861777223934
0.027500000000000004	0.1667281598273964
0.03	0.14466228052765526
0.0325	0.12583463867833
0.034999999999999996	0.10971322764165707
0.0375	0.09586323507722924
0.04	0.08392766537471195
0.042499999999999996	0.07361208621736148
0.045	0.06467257952402045
0.0475	0.05690618920037519
0.05	0.05014332005199806
0.052500000000000005	0.04424166606605717
0.05500000000000001	0.039081341212686506
0.057499999999999996	0.034560958853396155
0.06	0.030594461991498387
0.0625	0.027108549914423463
0.065	0.024040580265406286
0.0675	0.02133685152996005
0.06999999999999999	0.018951191075221644
0.0725	0.01684378957006062
0.075	0.014980234860201024
0.0775	0.013330707956714764
0.08	0.011869311317758317
0.08249999999999999	0.010573505523409845
0.08499999999999999	0.009423635117057225
0.0875	0.008402528088026925
0.09	0.007495156410891427
0.0925	0.0066883474012722
0.095	0.005970537523370473
0.0975	0.00533156179003116
0.1	0.0047624731091702776
0.1025	0.004255386911293813
0.10500000000000001	0.0038033471889569767
0.1075	0.003400210727561813
0.11000000000000001	0.0030405468371855807
0.1125	0.0027195503303363883
0.11499999999999999	0.002432965849006393
0.11750000000000001	0.0021770219407323513
0.12	0.0019483735292181916
0.12250000000000001	0.0017440516297378783
0.125	0.001561419330494769
0.1275	0.0013981332043869722
0.13	0.001252109436083099
0.1325	0.001121494050894838
0.135	0.001004636717852872
0.1375	0.0009000676722724204
0.13999999999999999	0.0008064773650816021
0.14250000000000002	0.0007226984990457783
0.145	0.0006476901572099231
0.14750000000000002	0.0005805237676040666
0.15	0.0005203706815142837
0.1525	0.00046649117124642283
0.155	0.0004182246779979059
0.1575	0.00037498116178717977
0.16	0.0003362334238607449
0.1625	0.0003015102880167745
0.16499999999999998	0.0002703905412007434
0.1675	0.00024249754583759866
0.16999999999999998	0.0002174944469174472
0.17250000000000001	0.00019507990606096936
0.175	0.00017498430283879735
0.1775	0.00015696635066154017
0.18	0.00014081008072735097
0.1825	0.00012632215292633823
0.185	0.0001133294573541841
0.1875	0.00010167697426587098
0.19	9.122586397764866e-5
0.1925	8.18517614646322e-5
0.195	7.344325325751364e-5
0.1975	6.590051676239274e-5
0.2	5.913410435399169e-5
0.20249999999999999	5.306385656046051e-5
0.205	4.76179303989388e-5
0.20750000000000002	4.2731930462318116e-5
0.21000000000000002	3.834813172311952e-5
0.2125	3.4414784230923723e-5
0.215	3.0885490953641565e-5
0.21749999999999997	2.771865096609391e-5
0.22000000000000003	2.4876961035944418e-5
0.2225	2.232696940932477e-5
0.225	2.0038676267370754e-5
0.22749999999999998	1.7985175919892512e-5
0.22999999999999998	1.6142336331945237e-5
0.2325	1.4488512050566694e-5
0.23500000000000001	1.3004287018947337e-5
0.2375	1.1672244139575888e-5
0.24	1.0476758781568847e-5
0.2425	9.403813724960653e-6
0.24500000000000002	8.44083330020292e-6
0.2475	7.576534718038148e-6
0.25	6.800794796412606e-6
0.2525	6.104530479961037e-6
0.255	5.479591716300472e-6
0.2575	4.9186654041070475e-6
0.26	4.415189262665932e-6
0.2625	3.9632745930125245e-6
0.265	3.5576370084640585e-6
0.26749999999999996	3.193534308643974e-6
0.27	2.866710757248381e-6
0.2725	2.5733471008796426e-6
0.275	2.310015735245781e-6
0.27749999999999997	2.0736404867579806e-6
0.27999999999999997	1.8614605328212968e-6
0.28250000000000003	1.670998033592093e-6
0.28500000000000003	1.5000290922816487e-6
0.2875	1.3465577007651353e-6
0.29	1.2087923627968083e-6
0.2925	1.0851251189710871e-6
0.29500000000000004	9.741127260945737e-7
0.2975	8.744597691938067e-7
0.3	7.850035072881224e-7
0.3025	7.047002745847185e-7
0.305	6.326132771518966e-7
0.3075	5.679016416190756e-7
0.31	5.09810587237115e-7
0.3125	4.576626058876783e-7
0.315	4.108495465150657e-7
0.3175	3.6882551111047774e-7
0.32	3.311004789347668e-7
0.3225	2.972345842354257e-7
0.325	2.6683298039925525e-7
0.3275	2.395412303753637e-7
0.32999999999999996	2.1504116938592997e-7
0.3325	1.9304719148804458e-7
0.335	1.7330291652474195e-7
0.3375	1.555781984660726e-7
0.33999999999999997	1.3966644014463051e-7
0.34249999999999997	1.2538218298170574e-7
0.34500000000000003	1.1255894352268153e-7
0.34750000000000003	1.0104727149151508e-7
0.35	9.071300666824479e-8
0.3525	8.14357142210901e-8
0.355	7.310728021326442e-8
0.35750000000000004	6.563065087873412e-8
0.36	5.891870094288024e-8
0.3625	5.289321777314308e-8
0.365	4.748398949900806e-8
0.3675	4.262798645602417e-8
0.37	3.826862639923316e-8
0.3725	3.435511491021082e-8
0.375	3.084185330038892e-8
0.3775	2.76879071017297e-8
0.38	2.4856528943415626e-8
0.3825	2.23147302482841e-8
0.385	2.0032896752733188e-8
0.3875	1.7984443365407446e-8
0.39	1.614550433915441e-8
0.39249999999999996	1.4494655142882194e-8
0.395	1.3012662789874676e-8
0.3975	1.168226171116683e-8
0.4	1.048795256062119e-8
0.4025	9.415821605874037e-9
0.40499999999999997	8.453378599457268e-9
0.40750000000000003	7.589411239956685e-9
0.41	6.813854526563744e-9
0.4125	6.117673484068469e-9
0.41500000000000004	5.492757891263781e-9
0.4175	4.9318277856995755e-9
0.42000000000000004	4.428348643379347e-9
0.4225	3.976455244796072e-9
0.425	3.5708833399756734e-9
0.42750000000000005	3.20690831611954e-9
0.43	2.8802901530700224e-9
0.4325	2.587224025121311e-9
0.43499999999999994	2.3242959735144253e-9
0.4375	2.0884431330595165e-9
0.44000000000000006	1.8769180494101164e-9
0.4425	1.6872566711909077e-9
0.445	1.5172496440106309e-9
0.44749999999999995	1.36491657187319e-9
0.45	1.2284829460820892e-9
0.4525	1.1063594728198893e-9
0.45499999999999996	9.971235585367658e-10
0.4575	8.995027374276373e-10
0.45999999999999996	8.123598479080815e-10
0.4625	7.346797853794394e-10
0.465	6.655576769410526e-10
0.46749999999999997	6.041883402759995e-10
0.47000000000000003	5.498569038997537e-10
0.4725	5.019304794928896e-10
0.475	4.598507892971406e-10
0.47750000000000004	4.231276626818163e-10
0.48	3.9133332611422315e-10
0.48250000000000004	3.640974200115479e-10
0.485	3.4110268442033887e-10
0.4875	3.2208126326182634e-10
0.49000000000000005	3.0681158408788777e-10
0.4925	2.9511577699722786e-10
0.495	2.868576026426342e-10
0.49749999999999994	2.8194086519105684e-10
0.5	2.803082917478883e-10
0.5025000000000001	2.819408651910564e-10
0.505	2.8685760264263334e-10
0.5075000000000001	2.951157769972265e-10
0.51	3.06811584087886e-10
0.5125	3.2208126326182407e-10
0.515	3.4110268442033603e-10
0.5175	3.6409742001154454e-10
0.52	3.913333261142193e-10
0.5225	4.231276626818118e-10
0.525	4.598507892971354e-10
0.5275000000000001	5.019304794928836e-10
0.53	5.49856903899747e-10
0.5325	6.041883402759918e-10
0.5349999999999999	6.655576769410439e-10
0.5375	7.346797853794297e-10
0.54	8.123598479080706e-10
0.5425	8.995027374276251e-10
0.545	9.971235585367521e-10
0.5475	1.106359472819874e-9
0.55	1.2284829460820718e-9
0.5525	1.3649165718731713e-9
0.5549999999999999	1.51724964401061e-9
0.5575	1.6872566711908837e-9
0.5599999999999999	1.8769180494100903e-9
0.5625	2.088443133059487e-9
0.5650000000000001	2.324295973514393e-9
0.5675	2.5872240251212743e-9
0.5700000000000001	2.8802901530699822e-9
0.5725	3.2069083161194947e-9
0.575	3.5708833399756225e-9
0.5775	3.976455244796015e-9
0.58	4.428348643379284e-9
0.5825	4.931827785699506e-9
0.585	5.4927578912637035e-9
0.5875	6.117673484068382e-9
0.5900000000000001	6.813854526563646e-9
0.5925	7.589411239956579e-9
0.595	8.45337859945715e-9
0.5974999999999999	9.415821605873906e-9
0.6	1.048795256062104e-8
0.6025	1.1682261711166709e-8
0.605	1.3012662789874491e-8
0.6075	1.4494655142881987e-8
0.61	1.614550433915418e-8
0.6125	1.7984443365407187e-8
0.615	2.0032896752732976e-8
0.6174999999999999	2.231473024828378e-8
0.62	2.485652894341527e-8
0.6224999999999999	2.7687907101729305e-8
0.625	3.084185330038848e-8
0.6275000000000001	3.435511491021033e-8
0.63	3.826862639923254e-8
0.6325000000000001	4.262798645602349e-8
0.635	4.748398949900721e-8
0.6375	5.2893217773142335e-8
0.64	5.8918700942879506e-8
0.6425	6.563065087873322e-8
0.645	7.310728021326339e-8
0.6475	8.143571422108878e-8
0.65	9.071300666824349e-8
0.6525000000000001	1.0104727149151384e-7
0.655	1.1255894352267992e-7
0.6575	1.25382182981704e-7
0.6599999999999999	1.3966644014462826e-7
0.6625	1.5557819846607037e-7
0.665	1.7330291652474007e-7
0.6675	1.930471914880422e-7
0.67	2.1504116938592727e-7
0.6725	2.395412303753604e-7
0.675	2.66832980399251e-7
0.6775	2.972345842354215e-7
0.6799999999999999	3.3110047893476145e-7
0.6825	3.688255111104719e-7
0.6849999999999999	4.1084954651505844e-7
0.6875	4.5766260588767185e-7
0.6900000000000001	5.098105872371087e-7
0.6925	5.679016416190676e-7
0.6950000000000001	6.326132771518877e-7
0.6975	7.047002745847073e-7
0.7	7.850035072881112e-7
0.7025	8.744597691937958e-7
0.705	9.741127260945601e-7
0.7075	1.0851251189710719e-6
0.71	1.208792362796789e-6
0.7125	1.3465577007651164e-6
0.7150000000000001	1.5000290922816324e-6
0.7175	1.6709980335920724e-6
0.72	1.8614605328212737e-6
0.7224999999999999	2.073640486757951e-6
0.725	2.3100157352457513e-6
0.7275	2.5733471008796058e-6
0.73	2.8667107572483348e-6
0.7325	3.193534308643923e-6
0.735	3.5576370084639958e-6
0.7375	3.963274593012469e-6
0.74	4.415189262665876e-6
0.7424999999999999	4.918665404106996e-6
0.745	5.4795917163003935e-6
0.7474999999999999	6.10453047996094e-6
0.75	6.800794796412487e-6
0.7525000000000001	7.576534718038052e-6
0.755	8.440833300202799e-6
0.7575000000000001	9.403813724960485e-6
0.76	1.047675878156864e-5
0.7625	1.167224413957572e-5
0.765	1.3004287018947153e-5
0.7675	1.4488512050566464e-5
0.77	1.614233633194504e-5
0.7725	1.7985175919892255e-5
0.775	2.0038676267370435e-5
0.7775000000000001	2.232696940932453e-5
0.78	2.487696103594411e-5
0.7825	2.7718650966093466e-5
0.7849999999999999	3.0885490953641016e-5
0.7875	3.441478423092335e-5
0.79	3.8348131723119045e-5
0.7925	4.27319304623175e-5
0.795	4.761793039893829e-5
0.7975	5.306385656045983e-5
0.8	5.913410435399085e-5
0.8025	6.590051676239168e-5
0.805	7.344325325751286e-5
0.8074999999999999	8.185176146463061e-5
0.8099999999999999	9.122586397764718e-5
0.8125	0.00010167697426586916
0.8150000000000001	0.00011332945735418279
0.8175000000000001	0.00012632215292633642
0.82	0.00014081008072734877
0.8225	0.00015696635066153738
0.825	0.00017498430283879513
0.8275	0.00019507990606096654
0.8300000000000001	0.00021749444691744507
0.8324999999999999	0.00024249754583759433
0.835	0.0002703905412007398
0.8375	0.00030151028801676994
0.8400000000000001	0.0003362334238607415
0.8425	0.000374981161787175
0.845	0.0004182246779979002
0.8474999999999999	0.00046649117124641524
0.85	0.000520370681514278
0.8525	0.0005805237676040592
0.8550000000000001	0.0006476901572099133
0.8574999999999999	0.0007226984990457663
0.86	0.0008064773650815869
0.8625	0.0009000676722724082
0.865	0.0010046367178528567
0.8675	0.0011214940508948257
0.8699999999999999	0.0012521094360830752
0.8724999999999999	0.0013981332043869516
0.875	0.0015614193304947436
0.8775000000000001	0.0017440516297378588
0.8800000000000001	0.0019483735292181652
0.8825	0.0021770219407323188
0.885	0.00243296584900635
0.8875	0.0027195503303363545
0.89	0.0030405468371855386
0.8925000000000001	0.0034002107275617807
0.8949999999999999	0.0038033471889569103
0.8975	0.004255386911293757
0.9	0.0047624731091702064
0.9025000000000001	0.0053315617900310695
0.905	0.0059705375233704
0.9075	0.006688347401272064
0.9099999999999999	0.0074951564108913125
0.9125	0.008402528088026781
0.915	0.009423635117057108
0.9175000000000001	0.010573505523409693
0.9199999999999999	0.011869311317758119
0.9225	0.013330707956714524
0.925	0.014980234860200824
0.9275	0.016843789570060375
0.93	0.018951191075221453
0.9324999999999999	0.02133685152995964
0.9349999999999999	0.02404058026540594
0.9375	0.027108549914423026
0.9400000000000001	0.030594461991498033
0.9425000000000001	0.03456095885339574
0.945	0.03908134121268587
0.9475	0.044241666066056416
0.95	0.05014332005199714
0.9525	0.05690618920037441
0.9550000000000001	0.06467257952401952
0.9574999999999999	0.07361208621735991
0.96	0.08392766537471015
0.9625	0.09586323507722759
0.9650000000000001	0.10971322764165513
0.9675	0.1258346386783284
0.97	0.1446622805276518
0.9724999999999999	0.16672815982739297
0.975	0.1926861777223896
0.9775	0.22334371852351448
0.9800000000000001	0.25970217823962133
0.9824999999999999	0.303009129146519
0.985	0.3548256770168923
0.9875	0.41711372356515036
0.99	0.4923494126298429
0.9925	0.583671183043942
0.9949999999999999	0.6950738282517018
0.9974999999999999	0.8316641676025337
1.0	0.9999999999999808
