0.0	1.0
0.0025	0.8316641637438233
0.005	0.6950738112263638
0.0075	0.5836711466237756
0.01	0.4923493689585141
0.0125	0.41711370406672144
0.015	0.3548257218333629
0.017499999999999998	0.30300927292301066
0.02	0.2597024382415622
0.0225	0.22334408800587635
0.025	0.19268662501564102
0.027500000000000004	0.16672863213631056
0.03	0.14466271081409934
0.0325	0.125834953944473
0.034999999999999996	0.10971335719364732
0.0375	0.09586311774439774
0.04	0.08392725506662375
0.042499999999999996	0.07361135555492718
0.045	0.06467152155346513
0.0475	0.05690481738588328
0.05	0.050141666853113956
0.052500000000000005	0.044239780454143916
0.05500000000000001	0.039079285483044734
0.057499999999999996	0.03455880506097986
0.06	0.030592288291111474
0.0625	0.027106437030657793
0.065	0.02403860826052146
0.0675	0.02133509698422451
0.06999999999999999	0.018949724746840473
0.0725	0.016842674562177803
0.075	0.0149795252909926
0.0775	0.01333044810498864
0.08	0.011869535200002798
0.08249999999999999	0.010574236847908258
0.08499999999999999	0.009424887555439753
0.0875	0.008404305803403135
0.09	0.0074974547835168675
0.0925	0.006691153896677782
0.095	0.005973832653286853
0.0975	0.005335320122662294
0.1	0.004766664291932099
0.1025	0.004259976675668627
0.10500000000000001	0.0038082983133550753
0.1075	0.00340548393984813
0.11000000000000001	0.0030461016437066165
0.1125	0.002725345762813497
0.11499999999999999	0.0024389611245290016
0.11750000000000001	0.002183177033303381
0.12	0.001954649653910212
0.12250000000000001	0.0017504116425629938
0.125	0.0015678280486329645
0.1275	0.0014045576525193353
0.13	0.001258519025301021
0.1325	0.0011278606970647198
0.135	0.0010109349064649578
0.1375	0.0009062744767439438
0.13999999999999999	0.0008125724252647829
0.14250000000000002	0.000728663966350861
0.145	0.0006535106123272212
0.14750000000000002	0.0005861861163262171
0.15	0.0005258640336449304
0.1525	0.000471806707054063
0.155	0.00042335550614925135
0.1575	0.0003799221721851536
0.16	0.00034098113832713216
0.1625	0.0003060627113048922
0.16499999999999998	0.0002747470144034878
0.1675	0.0002466586038732534
0.16999999999999998	0.00022146168143064677
0.17250000000000001	0.000198855834769052
0.175	0.0001785722460834138
0.1775	0.00016037031569014214
0.18	0.00014403465402695268
0.1825	0.000129372400760303
0.185	0.00011621083450915895
0.1875	0.00010439524089772295
0.19	9.378701034969929e-5
0.1925	8.426194029606937e-5
0.195	7.570871934212882e-5
0.1975	6.802757347541831e-5
0.2	6.112905663565506e-5
0.20249999999999999	5.4932969946952206e-5
0.205	4.936739566301144e-5
0.20750000000000002	4.4367833425082044e-5
0.21000000000000002	3.9876427804336134e-5
0.2125	3.584127731595276e-5
0.215	3.221581617005333e-5
0.21749999999999997	2.8958260980855446e-5
0.22000000000000003	2.603111550418986e-5
0.2225	2.3400727227326508e-5
0.225	2.103689030483878e-5
0.22749999999999998	1.8912489929649944e-5
0.22999999999999998	1.7003183757953064e-5
0.2325	1.5287116477868557e-5
0.23500000000000001	1.3744664031114645e-5
0.2375	1.235820437045424e-5
0.24	1.1111911968402868e-5
0.2425	9.99157358920064e-6
0.24500000000000002	8.984423100398403e-6
0.2475	8.078993336158702e-6
0.25	7.264983234688779e-6
0.2525	6.5331386599098e-6
0.255	5.875145485011245e-6
0.2575	5.283533665147457e-6
0.26	4.751591160163647e-6
0.2625	4.273286687630776e-6
0.265	3.8432003931676295e-6
0.26749999999999996	3.4564616204084884e-6
0.27	3.1086930482575312e-6
0.2725	2.795960539343853e-6
0.275	2.51472811182109e-6
0.27749999999999997	2.2618175077046833e-6
0.27999999999999997	2.0343718855752657e-6
0.28250000000000003	1.8298232143822604e-6
0.28500000000000003	1.6458629888670426e-6
0.2875	1.4804159263337678e-6
0.29	1.3316163396124658e-6
0.2925	1.1977869125164838e-6
0.29500000000000004	1.077419632280407e-6
0.2975	9.691586587202193e-7
0.3	8.717849324924734e-7
0.3025	7.842023451185215e-7
0.305	7.054253116293271e-7
0.3075	6.345676029954818e-7
0.31	5.708323101322799e-7
0.3125	5.135028243865708e-7
0.315	4.6193473117762177e-7
0.3175	4.1554852401896055e-7
0.32	3.7382305561772664e-7
0.3225	3.36289651245056e-7
0.325	3.025268171961023e-7
0.3275	2.7215548400165727e-7
0.32999999999999996	2.448347301957323e-7
0.3325	2.2025793795721547e-7
0.335	1.9814933689362448e-7
0.3375	1.782608966791014e-7
0.33999999999999997	1.6036953324913124e-7
0.34249999999999997	1.4427459683767676e-7
0.34500000000000003	1.297956133602676e-7
0.34750000000000003	1.1677025353655826e-7
0.35	1.050525067415643e-7
0.3525	9.451103890632329e-8
0.355	8.502771588314071e-8
0.35750000000000004	7.649627557210046e-8
0.36	6.882113379589248e-8
0.3625	6.19163104287527e-8
0.365	5.570446364991286e-8
0.3675	5.011602141815e-8
0.37	4.508840036588678e-8
0.3725	4.0565303301495925e-8
0.375	3.649608739835649e-8
0.3775	3.283519594899577e-8
0.38	2.9541647281488872e-8
0.3825	2.657857508139486e-8
0.385	2.3912814943273506e-8
0.3875	2.151453249787008e-8
0.39	1.9356888930349153e-8
0.39249999999999996	1.7415740126826033e-8
0.395	1.566936606571651e-8
0.3975	1.4098227411399596e-8
0.4	1.2684746574244963e-8
0.4025	1.1413110776689931e-8
0.40499999999999997	1.0269094912871851e-8
0.40750000000000003	9.239902212160929e-9
0.41	8.31402091731115e-9
0.4125	7.481095368126031e-9
0.41500000000000004	6.731810043568752e-9
0.4175	6.057785260955781e-9
0.42000000000000004	5.451483361919097e-9
0.4225	4.906124332679355e-9
0.425	4.41560991217443e-9
0.42750000000000005	3.97445533693566e-9
0.43	3.5777279573683102e-9
0.4325	3.2209920372475127e-9
0.43499999999999994	2.9002591176527595e-9
0.4375	2.6119433890164194e-9
0.44000000000000006	2.352821571160996e-9
0.4425	2.1199968517754373e-9
0.445	1.9108664793063008e-9
0.44749999999999995	1.723092647225121e-9
0.45	1.5545763435409785e-9
0.4525	1.4034338726734197e-9
0.45499999999999996	1.2679757867574955e-9
0.4575	1.1466879904588493e-9
0.45999999999999996	1.0382148077347183e-9
0.4625	9.4134382096051e-10
0.465	8.54992312699072e-10
0.46749999999999997	7.781951583426386e-10
0.47000000000000003	7.100940341086935e-10
0.4725	6.499278196022916e-10
0.475	5.970240875342351e-10
0.47750000000000004	5.507915853575349e-10
0.48	5.107136246895913e-10
0.48250000000000004	4.763423045498803e-10
0.485	4.472935037761217e-10
0.4875	4.2324258659070333e-10
0.49000000000000005	4.039207732702977e-10
0.4925	3.8911213531420684e-10
0.495	3.7865118149481795e-10
0.49749999999999994	3.7242100778470495e-10
0.5	3.7035199046352766e-10
0.5025000000000001	3.7242100778470495e-10
0.505	3.7865118149481795e-10
0.5075000000000001	3.8911213531420684e-10
0.51	4.039207732702977e-10
0.5125	4.2324258659070333e-10
0.515	4.472935037761217e-10
0.5175	4.763423045498803e-10
0.52	5.107136246895911e-10
0.5225	5.507915853575348e-10
0.525	5.97024087534235e-10
0.5275000000000001	6.499278196022915e-10
0.53	7.100940341086934e-10
0.5325	7.781951583426387e-10
0.5349999999999999	8.549923126990719e-10
0.5375	9.413438209605095e-10
0.54	1.0382148077347185e-9
0.5425	1.1466879904588493e-9
0.545	1.2679757867574955e-9
0.5475	1.4034338726734197e-9
0.55	1.5545763435409787e-9
0.5525	1.7230926472251212e-9
0.5549999999999999	1.9108664793063008e-9
0.5575	2.1199968517754373e-9
0.5599999999999999	2.3528215711609955e-9
0.5625	2.6119433890164194e-9
0.5650000000000001	2.9002591176527603e-9
0.5675	3.2209920372475127e-9
0.5700000000000001	3.5777279573683106e-9
0.5725	3.974455336935661e-9
0.575	4.41560991217443e-9
0.5775	4.906124332679356e-9
0.58	5.451483361919097e-9
0.5825	6.057785260955781e-9
0.585	6.731810043568752e-9
0.5875	7.481095368126033e-9
0.5900000000000001	8.314020917311149e-9
0.5925	9.239902212160929e-9
0.595	1.026909491287185e-8
0.5974999999999999	1.141311077668993e-8
0.6	1.2684746574244963e-8
0.6025	1.4098227411399596e-8
0.605	1.566936606571651e-8
0.6075	1.741574012682603e-8
0.61	1.9356888930349153e-8
0.6125	2.151453249787008e-8
0.615	2.3912814943273506e-8
0.6174999999999999	2.6578575081394856e-8
0.62	2.9541647281488872e-8
0.6224999999999999	3.283519594899572e-8
0.625	3.6496087398356494e-8
0.6275000000000001	4.0565303301496e-8
0.63	4.5088400365886716e-8
0.6325000000000001	5.011602141815009e-8
0.635	5.570446364991276e-8
0.6375	6.19163104287527e-8
0.64	6.88211337958926e-8
0.6425	7.649627557210032e-8
0.645	8.502771588314089e-8
0.6475	9.451103890632312e-8
0.65	1.0505250674156431e-7
0.6525000000000001	1.1677025353655846e-7
0.655	1.2979561336026736e-7
0.6575	1.4427459683767697e-7
0.6599999999999999	1.6036953324913097e-7
0.6625	1.782608966791014e-7
0.665	1.9814933689362485e-7
0.6675	2.2025793795721507e-7
0.67	2.4483473019573265e-7
0.6725	2.7215548400165674e-7
0.675	3.0252681719610236e-7
0.6775	3.3628965124505654e-7
0.6799999999999999	3.7382305561772595e-7
0.6825	4.1554852401896113e-7
0.6849999999999999	4.6193473117762097e-7
0.6875	5.135028243865707e-7
0.6900000000000001	5.708323101322808e-7
0.6925	6.345676029954806e-7
0.6950000000000001	7.054253116293284e-7
0.6975	7.842023451185201e-7
0.7	8.717849324924734e-7
0.7025	9.691586587202217e-7
0.705	1.0774196322804057e-6
0.7075	1.1977869125164861e-6
0.71	1.3316163396124639e-6
0.7125	1.4804159263337678e-6
0.7150000000000001	1.6458629888670458e-6
0.7175	1.8298232143822573e-6
0.72	2.03437188557527e-6
0.7224999999999999	2.261817507704679e-6
0.725	2.5147281118210903e-6
0.7275	2.795960539343858e-6
0.73	3.1086930482575266e-6
0.7325	3.4564616204084943e-6
0.735	3.8432003931676235e-6
0.7375	4.273286687630776e-6
0.74	4.751591160163657e-6
0.7424999999999999	5.283533665147449e-6
0.745	5.875145485011256e-6
0.7474999999999999	6.533138659909788e-6
0.75	7.264983234688781e-6
0.7525000000000001	8.07899333615872e-6
0.755	8.984423100398388e-6
0.7575000000000001	9.99157358920066e-6
0.76	1.1111911968402814e-5
0.7625	1.2358204370454282e-5
0.765	1.374466403111472e-5
0.7675	1.5287116477868537e-5
0.77	1.7003183757953047e-5
0.7725	1.891248992964992e-5
0.775	2.1036890304838794e-5
0.7775000000000001	2.340072722732655e-5
0.78	2.6031115504189914e-5
0.7825	2.8958260980855504e-5
0.7849999999999999	3.221581617005317e-5
0.7875	3.584127731595264e-5
0.79	3.987642780433636e-5
0.7925	4.436783342508198e-5
0.795	4.936739566301137e-5
0.7975	5.493296994695212e-5
0.8	6.112905663565509e-5
0.8025	6.802757347541846e-5
0.805	7.5708719342129e-5
0.8074999999999999	8.426194029606897e-5
0.8099999999999999	9.378701034969886e-5
0.8125	0.00010439524089772339
0.8150000000000001	0.00011621083450915949
0.8175000000000001	0.00012937240076030365
0.82	0.00014403465402695255
0.8225	0.00016037031569014212
0.825	0.00017857224608341387
0.8275	0.00019885583476905234
0.8300000000000001	0.0002214616814306471
0.8324999999999999	0.0002466586038732525
0.835	0.0002747470144034868
0.8375	0.00030606271130489146
0.8400000000000001	0.0003409811383271339
0.8425	0.00037992217218515555
0.845	0.00042335550614925124
0.8474999999999999	0.00047180670705406294
0.85	0.0005258640336449308
0.8525	0.0005861861163262182
0.8550000000000001	0.0006535106123272227
0.8574999999999999	0.0007286639663508585
0.86	0.0008125724252647807
0.8625	0.0009062744767439477
0.865	0.0010109349064649634
0.8675	0.0011278606970647259
0.8699999999999999	0.0012585190253010217
0.8724999999999999	0.0014045576525193355
0.875	0.0015678280486329669
0.8775000000000001	0.0017504116425629984
0.8800000000000001	0.001954649653910218
0.8825	0.002183177033303374
0.885	0.0024389611245289964
0.8875	0.002725345762813492
0.89	0.0030461016437066347
0.8925000000000001	0.0034054839398481524
0.8949999999999999	0.0038082983133550775
0.8975	0.004259976675668629
0.9	0.004766664291932109
0.9025000000000001	0.005335320122662313
0.905	0.005973832653286876
0.9075	0.006691153896677764
0.9099999999999999	0.00749745478351686
0.9125	0.008404305803403185
0.915	0.009424887555439809
0.9175000000000001	0.010574236847908342
0.9199999999999999	0.011869535200002808
0.9225	0.013330448104988676
0.925	0.014979525290992642
0.9275	0.016842674562177876
0.93	0.018949724746840563
0.9324999999999999	0.021335096984224488
0.9349999999999999	0.024038608260521448
0.9375	0.02710643703065783
0.9400000000000001	0.030592288291111675
0.9425000000000001	0.03455880506098015
0.945	0.03907928548304479
0.9475	0.044239780454144055
0.95	0.050141666853114206
0.9525	0.05690481738588355
0.9550000000000001	0.0646715215534656
0.9574999999999999	0.07361135555492718
0.96	0.08392725506662391
0.9625	0.09586311774439829
0.9650000000000001	0.10971335719364822
0.9675	0.12583495394447405
0.97	0.14466271081409968
0.9724999999999999	0.16672863213631092
0.975	0.19268662501564177
0.9775	0.22334408800587727
0.9800000000000001	0.25970243824156397
0.9824999999999999	0.30300927292300983
0.985	0.35482572183336286
0.9875	0.41711370406672116
0.99	0.4923493689585165
0.9925	0.58367114662378
0.9949999999999999	0.6950738112263615
0.9974999999999999	0.8316641637438212
1.0	0.9999999999999986
