0.0	0.999999999999995
0.0025	0.9410523592795151
0.005	0.8904113999014294
0.0075	0.8466764438479458
0.01	0.8087070495180023
0.0125	0.7755709767414319
0.015	0.7465032554190149
0.017499999999999998	0.7208738402210536
0.02	0.6981619378295453
0.0225	0.6779355446462652
0.025	0.6598350720826661
0.027500000000000004	0.6435601927519842
0.03	0.6288592354074437
0.0325	0.6155206049110554
0.034999999999999996	0.6033658173521476
0.0375	0.592243828150034
0.04	0.5820263988789929
0.042499999999999996	0.5726043013565081
0.045	0.5638841987739046
0.0475	0.5557860759890183
0.05	0.5482411165640425
0.052500000000000005	0.541189944258009
0.05500000000000001	0.5345811626484204
0.057499999999999996	0.5283701392658207
0.06	0.5225179907756599
0.0625	0.5169907338749022
0.065	0.5117585731071994
0.0675	0.5067953020686427
0.06999999999999999	0.5020777987340875
0.0725	0.4975855990845705
0.075	0.49330053601957985
0.0775	0.48920643282094173
0.08	0.48528884229865804
0.08249999999999999	0.4815348242736864
0.08499999999999999	0.4779327553027738
0.0875	0.474472165577561
0.09	0.47114359877578516
0.0925	0.46793849134005905
0.095	0.46484906823625904
0.0975	0.4618682527210906
0.1	0.45898958804445944
0.1025	0.4562071693416591
0.10500000000000001	0.4535155842444182
0.1075	0.4509098609686685
0.11000000000000001	0.44838542282790383
0.1125	0.4459380482810556
0.11499999999999999	0.44356383575789843
0.11750000000000001	0.44125917261771946
0.12	0.4390207076918461
0.12250000000000001	0.4368453269405011
0.125	0.4347301318220367
0.1275	0.43267242002966155
0.13	0.4306696682991766
0.1325	0.4287195170323702
0.135	0.42681975651559556
0.1375	0.42496831454291595
0.13999999999999999	0.4231632452785235
0.14250000000000002	0.4214027192149688
0.145	0.4196850141022936
0.14750000000000002	0.41800850673915907
0.15	0.41637166553081795
0.1525	0.4147730437306238
0.155	0.41321127329195423
0.1575	0.41168505926632015
0.16	0.41019317469104455
0.1625	0.4087344559165711
0.16499999999999998	0.4073077983292359
0.1675	0.405912152430379
0.16999999999999998	0.40454652023706145
0.17250000000000001	0.40320995197351844
0.175	0.40190154302584014
0.1775	0.40062043113534324
0.18	0.39936579380867604
0.1825	0.39813684592503773
0.185	0.3969328375228825
0.1875	0.395753051750279
0.19	0.3945968029647032
0.1925	0.3934634349694253
0.195	0.3923523193749226
0.1975	0.39126285407486017
0.2	0.39019446182716894
0.20249999999999999	0.38914658893166226
0.205	0.3881187039963938
0.20750000000000002	0.3871102967857084
0.21000000000000002	0.38612087714354754
0.2125	0.3851499739861643
0.215	0.3841971343589234
0.21749999999999997	0.38326192255229546
0.22000000000000003	0.3823439192726317
0.2225	0.38144272086362546
0.225	0.38055793857476106
0.22749999999999998	0.37968919787332556
0.22999999999999998	0.3788361377968649
0.2325	0.3779984103432127
0.23500000000000001	0.377175679895454
0.2375	0.3763676226793977
0.24	0.3755739262513351
0.2425	0.37479428901400674
0.24500000000000002	0.37402841975891704
0.2475	0.37327603723321645
0.25	0.3725368697295561
0.2525	0.37181065469741875
0.255	0.37109713837454494
0.2575	0.37039607543718356
0.26	0.36970722866798067
0.2625	0.3690303686404169
0.265	0.3683652734187706
0.26749999999999996	0.36771172827267884
0.27	0.3670695254054039
0.2725	0.3664384636950055
0.275	0.3658183484476592
0.27749999999999997	0.3652089911624181
0.27999999999999997	0.36461020930676175
0.28250000000000003	0.36402182610232325
0.28500000000000003	0.3634436703202286
0.2875	0.3628755760855111
0.29	0.36231738269011604
0.2925	0.36176893441402
0.29500000000000004	0.3612300803540454
0.2975	0.36070067425995483
0.3	0.3601805743774558
0.3025	0.35966964329775314
0.305	0.359167747813324
0.3075	0.35867475877959976
0.31	0.35819055098226044
0.3125	0.3577150030098754
0.315	0.3572479971316235
0.3175	0.35678941917985474
0.32	0.3563391584372641
0.3225	0.35589710752846326
0.325	0.3554631623157506
0.3275	0.3550372217988812
0.32999999999999996	0.35461918801866815
0.3325	0.3542089659642331
0.335	0.35380646348376066
0.3375	0.3534115911985887
0.33999999999999997	0.35302426242050805
0.34249999999999997	0.3526443930721223
0.34500000000000003	0.35227190161015165
0.34750000000000003	0.35190670895154874
0.35	0.3515487384023229
0.3525	0.35119791558895214
0.355	0.3508541683922916
0.35750000000000004	0.350517426883872
0.36	0.3501876232644979
0.3625	0.34986469180506086
0.365	0.34954856878947504
0.3675	0.3492391924596686
0.37	0.3489365029625421
0.3725	0.34864044229883007
0.375	0.34835095427379403
0.3775	0.3480679844496834
0.38	0.3477914800998992
0.3825	0.34752139016480504
0.385	0.3472576652091262
0.3875	0.3470002573808834
0.39	0.34674912037181166
0.39249999999999996	0.3465042093792144
0.395	0.34626548106920224
0.3975	0.3460328935412807
0.4	0.3458064062942365
0.4025	0.3455859801932834
0.40499999999999997	0.3453715774384314
0.40750000000000003	0.34516316153404303
0.41	0.3449606972595341
0.4125	0.34476415064119603
0.41500000000000004	0.3445734889250981
0.4175	0.3443886805510464
0.42000000000000004	0.34420969512756333
0.4225	0.34403650340786557
0.425	0.34386907726681165
0.42750000000000005	0.34370738967879094
0.43	0.34355141469653644
0.4325	0.3434011274308308
0.43499999999999994	0.3432565040310899
0.4375	0.34311752166679943
0.44000000000000006	0.34298415850978364
0.4425	0.3428563937172933
0.445	0.34273420741588795
0.44749999999999995	0.342617580686098
0.45	0.34250649554785545
0.4525	0.3424009349466657
0.45499999999999996	0.3423008827405241
0.4575	0.34220632368754217
0.45999999999999996	0.3421172434342918
0.4625	0.34203362850483915
0.465	0.34195546629046547
0.46749999999999997	0.3418827450400635
0.47000000000000003	0.34181545385119544
0.4725	0.3417535826618088
0.475	0.3416971222425974
0.47750000000000004	0.3416460641900032
0.48	0.3416004009198474
0.48250000000000004	0.3415601256615908
0.485	0.34152523245320976
0.4875	0.3414957161366919
0.49000000000000005	0.3414715723541359
0.4925	0.34145279754446306
0.495	0.34143938894072795
0.49749999999999994	0.34143134456802965
0.5	0.3414286632420246
0.5025000000000001	0.34143134456802965
0.505	0.3414393889407282
0.5075000000000001	0.34145279754446306
0.51	0.34147157235413583
0.5125	0.34149571613669205
0.515	0.34152523245320976
0.5175	0.3415601256615906
0.52	0.34160040091984767
0.5225	0.34164606419000343
0.525	0.3416971222425976
0.5275000000000001	0.3417535826618089
0.53	0.34181545385119544
0.5325	0.3418827450400636
0.5349999999999999	0.3419554662904657
0.5375	0.3420336285048393
0.54	0.3421172434342918
0.5425	0.3422063236875425
0.545	0.34230088274052445
0.5475	0.3424009349466658
0.55	0.34250649554785556
0.5525	0.34261758068609816
0.5549999999999999	0.34273420741588795
0.5575	0.34285639371729354
0.5599999999999999	0.3429841585097837
0.5625	0.3431175216667996
0.5650000000000001	0.3432565040310901
0.5675	0.34340112743083084
0.5700000000000001	0.34355141469653655
0.5725	0.343707389678791
0.575	0.3438690772668118
0.5775	0.34403650340786585
0.58	0.3442096951275636
0.5825	0.34438868055104654
0.585	0.34457348892509837
0.5875	0.3447641506411963
0.5900000000000001	0.34496069725953454
0.5925	0.3451631615340434
0.595	0.3453715774384318
0.5974999999999999	0.3455859801932836
0.6	0.34580640629423687
0.6025	0.34603289354128114
0.605	0.34626548106920263
0.6075	0.3465042093792148
0.61	0.34674912037181216
0.6125	0.3470002573808838
0.615	0.34725766520912665
0.6174999999999999	0.3475213901648055
0.62	0.3477914800998997
0.6224999999999999	0.34806798444968384
0.625	0.3483509542737945
0.6275000000000001	0.34864044229883046
0.63	0.3489365029625426
0.6325000000000001	0.3492391924596691
0.635	0.3495485687894755
0.6375	0.34986469180506125
0.64	0.3501876232644985
0.6425	0.35051742688387255
0.645	0.35085416839229217
0.6475	0.3511979155889527
0.65	0.3515487384023234
0.6525000000000001	0.35190670895154935
0.655	0.35227190161015215
0.6575	0.3526443930721229
0.6599999999999999	0.3530242624205087
0.6625	0.35341159119858934
0.665	0.35380646348376144
0.6675	0.35420896596423374
0.67	0.3546191880186688
0.6725	0.3550372217988818
0.675	0.35546316231575126
0.6775	0.3558971075284639
0.6799999999999999	0.3563391584372648
0.6825	0.3567894191798554
0.6849999999999999	0.3572479971316242
0.6875	0.3577150030098761
0.6900000000000001	0.3581905509822611
0.6925	0.3586747587796004
0.6950000000000001	0.3591677478133248
0.6975	0.3596696432977538
0.7	0.36018057437745665
0.7025	0.3607006742599556
0.705	0.36123008035404613
0.7075	0.3617689344140208
0.71	0.3623173826901168
0.7125	0.3628755760855119
0.7150000000000001	0.36344367032022934
0.7175	0.3640218261023241
0.72	0.36461020930676247
0.7224999999999999	0.365208991162419
0.725	0.36581834844766
0.7275	0.3664384636950065
0.73	0.3670695254054047
0.7325	0.36771172827267967
0.735	0.36836527341877146
0.7375	0.36903036864041766
0.74	0.3697072286679816
0.7424999999999999	0.3703960754371844
0.745	0.3710971383745457
0.7474999999999999	0.37181065469741975
0.75	0.3725368697295571
0.7525000000000001	0.3732760372332174
0.755	0.37402841975891793
0.7575000000000001	0.3747942890140078
0.76	0.37557392625133607
0.7625	0.37636762267939883
0.765	0.37717567989545486
0.7675	0.3779984103432137
0.77	0.3788361377968659
0.7725	0.3796891978733265
0.775	0.38055793857476206
0.7775000000000001	0.3814427208636265
0.78	0.3823439192726328
0.7825	0.3832619225522964
0.7849999999999999	0.38419713435892444
0.7875	0.38514997398616546
0.79	0.38612087714354854
0.7925	0.3871102967857094
0.795	0.388118703996395
0.7975	0.3891465889316634
0.8	0.3901944618271701
0.8025	0.39126285407486144
0.805	0.39235231937492376
0.8074999999999999	0.39346343496942643
0.8099999999999999	0.39459680296470445
0.8125	0.39575305175028025
0.8150000000000001	0.39693283752288366
0.8175000000000001	0.39813684592503923
0.82	0.3993657938086771
0.8225	0.4006204311353443
0.825	0.40190154302584113
0.8275	0.4032099519735195
0.8300000000000001	0.40454652023706283
0.8324999999999999	0.4059121524303802
0.835	0.40730779832923714
0.8375	0.4087344559165725
0.8400000000000001	0.4101931746910462
0.8425	0.4116850592663219
0.845	0.413211273291956
0.8474999999999999	0.4147730437306247
0.85	0.4163716655308195
0.8525	0.41800850673916073
0.8550000000000001	0.41968501410229536
0.8574999999999999	0.42140271921496947
0.86	0.4231632452785249
0.8625	0.42496831454291756
0.865	0.42681975651559667
0.8675	0.428719517032372
0.8699999999999999	0.430669668299178
0.8724999999999999	0.4326724200296629
0.875	0.4347301318220378
0.8775000000000001	0.4368453269405026
0.8800000000000001	0.439020707691847
0.8825	0.4412591726177208
0.885	0.4435638357578999
0.8875	0.4459380482810569
0.89	0.4483854228279055
0.8925000000000001	0.4509098609686693
0.8949999999999999	0.4535155842444201
0.8975	0.4562071693416609
0.9	0.4589895880444616
0.9025000000000001	0.4618682527210915
0.905	0.4648490682362609
0.9075	0.46793849134006016
0.9099999999999999	0.4711435987757861
0.9125	0.47447216557756217
0.915	0.47793275530277546
0.9175000000000001	0.48153482427368727
0.9199999999999999	0.4852888422986598
0.9225	0.4892064328209438
0.925	0.4933005360195809
0.9275	0.49758559908457306
0.93	0.5020777987340893
0.9324999999999999	0.506795302068644
0.9349999999999999	0.5117585731072012
0.9375	0.5169907338749044
0.9400000000000001	0.5225179907756624
0.9425000000000001	0.5283701392658231
0.945	0.5345811626484226
0.9475	0.5411899442580116
0.95	0.548241116564045
0.9525	0.5557860759890211
0.9550000000000001	0.5638841987739076
0.9574999999999999	0.5726043013565103
0.96	0.5820263988789955
0.9625	0.5922438281500367
0.9650000000000001	0.6033658173521506
0.9675	0.6155206049110589
0.97	0.6288592354074461
0.9724999999999999	0.643560192751987
0.975	0.6598350720826696
0.9775	0.6779355446462689
0.9800000000000001	0.6981619378295494
0.9824999999999999	0.7208738402210565
0.985	0.7465032554190185
0.9875	0.7755709767414363
0.99	0.8087070495180085
0.9925	0.8466764438479544
0.9949999999999999	0.8904113999014338
0.9974999999999999	0.941052359279519
1.0	0.9999999999999997
