5.497787143782138 0 0 -0.719186070495378516601 0.0393786481211422991226 0 0 1 0 
5.183627878423159 -0.0294117647058823226522 0 -0.719186070495378516601 0.0393786481211422991226 0.0211525314851581698813 0.00115819553297477231087 1 0 
4.869468613064179 -0.0606060606060606440592 0 -0.719186070495378516601 0.0393786481211422991226 0.0435870345754775131826 0.00238658473461468629164 1 0 
4.5553093477052 -0.0937500000000000062172 0 -0.719186070495378516601 0.0393786481211422991226 0.0674236941089417404026 0.00369174826135709078757 1 0 
4.241150082346221 -0.129032258064516099218 0 -0.719186070495378516601 0.0393786481211422991226 0.0927982026445649484419 0.00508111588659900516435 1 0 
3.9269908169872414 -0.166666666666666670199 0 -0.719186070495378516601 0.0393786481211422991226 0.119864345082563088641 0.00656310802019038332621 1 0 
3.612831551628262 -0.206896551724137946172 0 -0.719186070495378516601 0.0393786481211422991226 0.148797118033526600528 0.00814730650782254524215 1 0 
3.2986722862692828 -0.249999999999999999995 0 -0.719186070495378516601 0.0393786481211422991226 0.179796517623844629147 0.00984466203028557478046 1 0 
2.9845130209103035 -0.296296296296296294108 0 -0.719186070495378516601 0.0393786481211422991226 0.213092169035667707049 0.0116677475914495700242 1 0 
2.670353755551324 -0.346153846153846182099 0 -0.719186070495378516601 0.0393786481211422991226 0.248949024402246429912 0.0136310705034723354242 1 0 
2.356194490192345 -0.399999999999999974536 0 -0.719186070495378516601 0.0393786481211422991226 0.287674428198151388327 0.0157514592484569186463 1 0 
2.0420352248333655 -0.45833333333333334162 0 -0.719186070495378516601 0.0393786481211422991226 0.329626948977048492735 0.0180485470555235540908 1 0 
1.727875959474386 -0.521739130434782656827 0 -0.719186070495378516601 0.0393786481211422991226 0.375227515041067086755 0.0205453816284220710028 1 0 
1.413716694115407 -0.590909090909090889354 0 -0.719186070495378516601 0.0393786481211422991226 0.424973587110905472888 0.023269201162493175977 1 0 
1.0995574287564276 -0.666666666666666666664 0 -0.719186070495378516601 0.0393786481211422991226 0.479457380330252344399 0.0262524320807615327483 1 0 
0.7853981633974483 -0.749999999999999996018 0 -0.719186070495378516601 0.0393786481211422991226 0.539389552871533884587 0.0295339860908567241851 1 0 
0.47123889803846897 -0.84210526315789473729 0 -0.719186070495378516601 0.0393786481211422991226 0.60563037515400296167 0.033160966838856672963 1 0 
