6.126105674500097 0 0 -0.837700407614282895341 0.0264063675575875488162 0 0 1 0 
5.811946409141117 -0.0263157894736842678398 0 -0.837700407614282895341 0.0264063675575875488162 0.02204474756879696631 0.0006949044094102001665 1 0 
5.497787143782138 -0.0540540540540540842809 0 -0.837700407614282895341 0.0264063675575875488162 0.0452811031142855872314 0.00142737121932905749095 1 0 
5.183627878423159 -0.0833333333333333333337 0 -0.837700407614282895341 0.0264063675575875488162 0.0698083673011902412787 0.00220053062979896240136 1 0 
4.869468613064179 -0.114285714285714353272 0 -0.837700407614282895341 0.0264063675575875488162 0.0957371894416323874894 0.00301787057801000736296 1 0 
4.5553093477052 -0.1470588235294118005 0 -0.837700407614282895341 0.0264063675575875488162 0.123191236413865161653 0.00388328934670405224171 1 0 
4.241150082346221 -0.18181818181818181818 0 -0.837700407614282895341 0.0264063675575875488162 0.152309165020778708243 0.00480115773774319069382 1 0 
3.9269908169872414 -0.218750000000000032327 0 -0.837700407614282895341 0.0264063675575875488162 0.183246964165624410436 0.00577639290322227715718 1 0 
3.612831551628262 -0.258064516129032301125 0 -0.837700407614282895341 0.0264063675575875488162 0.216180750352073041321 0.00681454646647420728319 1 0 
3.2986722862692828 -0.300000000000000027585 0 -0.837700407614282895341 0.0264063675575875488162 0.251310122284284891711 0.0079219102672762653733 1 0 
2.9845130209103035 -0.344827586206896576325 0 -0.837700407614282895341 0.0264063675575875488162 0.288862209522166536243 0.00910564398537501748279 1 0 
2.670353755551324 -0.392857142857142909922 0 -0.837700407614282895341 0.0264063675575875488162 0.329096588705611181669 0.0103739301119093955715 1 0 
2.356194490192345 -0.444444444444444444443 0 -0.837700407614282895341 0.0264063675575875488162 0.37231129227301462015 0.0117361633589277994738 1 0 
2.0420352248333655 -0.500000000000000030609 0 -0.837700407614282895341 0.0264063675575875488162 0.418850203807141473312 0.0132031837787937752164 1 0 
1.727875959474386 -0.560000000000000066207 0 -0.837700407614282895341 0.0264063675575875488162 0.469112228263998476853 0.0147875658322490290854 1 0 
1.413716694115407 -0.624999999999999999999 0 -0.837700407614282895341 0.0264063675575875488162 0.523562754758926809588 0.0165039797234922180101 1 0 
1.0995574287564276 -0.695652173913043493909 0 -0.837700407614282895341 0.0264063675575875488162 0.582748109644718548998 0.018369646996582643068 1 0 
0.7853981633974483 -0.772727272727272735826 0 -0.837700407614282895341 0.0264063675575875488162 0.647313951338309517202 0.0204049203854085606748 1 0 
0.47123889803846897 -0.857142857142857151308 0 -0.837700407614282895341 0.0264063675575875488162 0.7180289208122424888 0.0226340293350750420656 1 0 
