6.440264939859075 0 0 -0.910100676240808999432 0.0155745759836028619399 0 0 1 0 
6.126105674500097 -0.0249999999999998965494 0 -0.910100676240808999432 0.0155745759836028619399 0.0227525169060201308353 0.000389364399590069937299 1 0 
5.811946409141117 -0.0512820512820512360104 0 -0.910100676240808999432 0.0155745759836028619399 0.0466718295508106760178 0.000798696204287325536264 1 0 
5.497787143782138 -0.078947368421052558835 0 -0.910100676240808999432 0.0155745759836028619399 0.0718500533874322232246 0.00122957178817917217809 1 0 
5.183627878423159 -0.108108108108108005798 0 -0.910100676240808999432 0.0155745759836028619399 0.0983892622963035825018 0.00168373794417328077845 1 0 
4.869468613064179 -0.1388888888888888545 0 -0.910100676240808999432 0.0155745759836028619399 0.126402871700112329735 0.00216313555327817473385 1 0 
4.5553093477052 -0.171428571428571363607 0 -0.910100676240808999432 0.0155745759836028619399 0.156017258784138626493 0.00266992731147477532077 1 0 
4.241150082346221 -0.205882352941176371457 0 -0.910100676240808999432 0.0155745759836028619399 0.187373668637813527311 0.00320653034956529356136 1 0 
3.9269908169872414 -0.242424242424242358765 0 -0.910100676240808999432 0.0155745759836028619399 0.220630466967468788756 0.00377565478390372308686 1 0 
3.612831551628262 -0.281249999999999947154 0 -0.910100676240808999432 0.0155745759836028619399 0.255965815192727482995 0.00438034949538830409755 1 0 
3.2986722862692828 -0.322580645161290256994 0 -0.910100676240808999432 0.0155745759836028619399 0.29358086330348671432 0.00502405676890414799139 1 0 
2.9845130209103035 -0.366666666666666601232 0 -0.910100676240808999432 0.0155745759836028619399 0.333703581288296573573 0.0057106778606543816922 1 0 
2.670353755551324 -0.413793103448275828006 0 -0.910100676240808999432 0.0155745759836028619399 0.376593383272058865316 0.0064446521311460113067 1 0 
2.356194490192345 -0.464285714285714204514 0 -0.910100676240808999432 0.0155745759836028619399 0.422546742540375532979 0.00723105313524418463603 1 0 
2.0420352248333655 -0.518518518518518472669 0 -0.910100676240808999432 0.0155745759836028619399 0.471904054347086106127 0.00807570606557185362515 1 0 
1.727875959474386 -0.576923076923076918363 0 -0.910100676240808999432 0.0155745759836028619399 0.525058082446620572305 0.00898533229823242027654 1 0 
1.413716694115407 -0.639999999999999938879 0 -0.910100676240808999432 0.0155745759836028619399 0.58246443279411770401 0.00996772862950583068962 1 0 
1.0995574287564276 -0.708333333333333296858 0 -0.910100676240808999432 0.0155745759836028619399 0.644654645670573008069 0.011031991321718693306 1 0 
0.7853981633974483 -0.78260869565217388115 0 -0.910100676240808999432 0.0155745759836028619399 0.712252703144980927051 0.0121887985958631088476 1 0 
0.47123889803846897 -0.863636363636363618153 0 -0.910100676240808999432 0.0155745759836028619399 0.785996038571607755663 0.0134507701676570168463 1 0 
