3.9269908169872414 0 0 -0.48598215861662541674 0.0459920257753862369976 0 0 1 0 
3.612831551628262 -0.0416666666666666788246 0 -0.48598215861662541674 0.0459920257753862369976 0.0202492566090260649394 0.00191633440730776043407 1 0 
3.2986722862692828 -0.0869565217391304311726 0 -0.48598215861662541674 0.0459920257753862369976 0.0422593181405761214404 0.00399930658916402044246 1 0 
2.9845130209103035 -0.136363636363636357718 0 -0.48598215861662541674 0.0459920257753862369976 0.0662702943568125539519 0.00627163987846175931838 1 0 
2.670353755551324 -0.190476190476190503617 0 -0.48598215861662541674 0.0459920257753862369976 0.0925680302126905688981 0.00876038586197833211807 1 0 
2.356194490192345 -0.249999999999999968168 0 -0.48598215861662541674 0.0459920257753862369976 0.121495539654156338715 0.0114980064438465577854 1 0 
2.0420352248333655 -0.315789473684210532483 0 -0.48598215861662541674 0.0459920257753862369976 0.153468050089460660915 0.0145237976132798645987 1 0 
1.727875959474386 -0.38888888888888894194 0 -0.48598215861662541674 0.0459920257753862369976 0.188993061684243243403 0.0178857878015390946057 1 0 
1.413716694115407 -0.470588235294117620625 0 -0.48598215861662541674 0.0459920257753862369976 0.228697486407823712678 0.0216433062472405809008 1 0 
1.0995574287564276 -0.562499999999999997508 0 -0.48598215861662541674 0.0459920257753862369976 0.273364964221851795705 0.0258705144986547581965 1 0 
0.7853981633974483 -0.666666666666666659588 0 -0.48598215861662541674 0.0459920257753862369976 0.323988105744416941053 0.0306613505169241576728 1 0 
0.47123889803846897 -0.785714285714285713482 0 -0.48598215861662541674 0.0459920257753862369976 0.381843124627348541333 0.0361365916806606147469 1 0 
