3.612831551628262 0 0 -0.437401544398134457536 0.044541218047079741738 0 0 1 0 
3.2986722862692828 -0.0454545454545454387618 0 -0.437401544398134457536 0.044541218047079741738 0.0198818883817333775297 0.00202460082032180573961 1 0 
2.9845130209103035 -0.0952380952380952200511 0 -0.437401544398134457536 0.044541218047079741738 0.0416572899426794642538 0.00424202076638854602849 1 0 
2.670353755551324 -0.150000000000000015917 0 -0.437401544398134457536 0.044541218047079741738 0.0656102316597201755927 0.00668118270706196196968 1 0 
2.356194490192345 -0.210526315789473640119 0 -0.437401544398134457536 0.044541218047079741738 0.0920845356627651296695 0.00937709853622731208624 1 0 
2.0420352248333655 -0.277777777777777772867 0 -0.437401544398134457536 0.044541218047079741738 0.121500428999481791612 0.0123725605686332613752 1 0 
1.727875959474386 -0.352941176470588279348 0 -0.437401544398134457536 0.044541218047079741738 0.154377015669929827812 0.0157204298989693225757 1 0 
1.413716694115407 -0.437499999999999962696 0 -0.437401544398134457536 0.044541218047079741738 0.191363175674183808855 0.0194867828955973853488 1 0 
1.0995574287564276 -0.53333333333333332202 0 -0.437401544398134457536 0.044541218047079741738 0.233280823679005039071 0.0237553162917758617564 1 0 
0.7853981633974483 -0.642857142857142842532 0 -0.437401544398134457536 0.044541218047079741738 0.281186707113086430597 0.0286336401731226904665 1 0 
0.47123889803846897 -0.769230769230769224938 0 -0.437401544398134457536 0.044541218047079741738 0.336462726460103426324 0.034262475420830570308 1 0 
