5.811946409141117 0 0 -0.775230606851496236054 0.0340270256162552730333 0 0 1 0 
5.497787143782138 -0.0277777777777777507608 0 -0.775230606851496236054 0.0340270256162552730333 0.0215341835236526522793 0.000945195156007089998282 1 0 
5.183627878423159 -0.0571428571428570856913 0 -0.775230606851496236054 0.0340270256162552730333 0.0442988918200854548864 0.00194440146378601365672 1 0 
4.869468613064179 -0.0882352941176470698379 0 -0.775230606851496236054 0.0340270256162552730333 0.0684027006045437940728 0.00300238461319899505419 1 0 
4.5553093477052 -0.121212121212121191657 0 -0.775230606851496236054 0.0340270256162552730333 0.0939673462850298309298 0.00412448795348548694406 1 0 
4.241150082346221 -0.156249999999999944043 0 -0.775230606851496236054 0.0340270256162552730333 0.121129782320546243504 0.00531672275253988450741 1 0 
3.9269908169872414 -0.193548387096774171021 0 -0.775230606851496236054 0.0340270256162552730333 0.150044633584160544353 0.00658587592572682627216 1 0 
3.612831551628262 -0.233333333333333322721 0 -0.775230606851496236054 0.0340270256162552730333 0.180887141598682446852 0.00793963931045956334666 1 0 
3.2986722862692828 -0.275862068965517216395 0 -0.775230606851496236054 0.0340270256162552730333 0.213856719131447218163 0.00938676568724283309006 1 0 
2.9845130209103035 -0.321428571428571402176 0 -0.775230606851496236054 0.0340270256162552730333 0.249181266487980912555 0.0109372582337963368625 1 0 
2.670353755551324 -0.370370370370370374738 0 -0.775230606851496236054 0.0340270256162552730333 0.287122446982035646368 0.0126026020800945457165 1 0 
2.356194490192345 -0.423076923076923029837 0 -0.775230606851496236054 0.0340270256162552730333 0.327982179821786832597 0.0143960492991849216042 1 0 
2.0420352248333655 -0.479999999999999987265 0 -0.775230606851496236054 0.0340270256162552730333 0.372110691288718183434 0.0163329722958025306227 1 0 
1.727875959474386 -0.541666666666666694292 0 -0.775230606851496236054 0.0340270256162552730333 0.419916578711227149278 0.018431305542138273833 1 0 
1.413716694115407 -0.608695652173913007369 0 -0.775230606851496236054 0.0340270256162552730333 0.471879499822649854822 0.0207121025490249475742 1 0 
1.0995574287564276 -0.681818181818181803711 0 -0.775230606851496236054 0.0340270256162552730333 0.528566322853292877 0.0232002447383558674848 1 0 
0.7853981633974483 -0.761904761904761889602 0 -0.775230606851496236054 0.0340270256162552730333 0.590651890934473310955 0.0259253528504802075095 1 0 
0.47123889803846897 -0.849999999999999992924 0 -0.775230606851496236054 0.0340270256162552730333 0.65894601582377179516 0.0289229717738169818375 1 0 
