-5.0	0.022279036405072377
-4.898989898989899	0.025162014254105764
-4.797979797979798	0.028270896501325356
-4.696969696969697	0.03159966955093925
-4.595959595959596	0.03513811169838867
-4.494949494949495	0.038871558637472006
-4.393939393939394	0.0427807692168582
-4.292929292929293	0.04684190731703919
-4.191919191919192	0.05102665292344322
-4.090909090909091	0.055302451791143174
-3.98989898989899	0.059632908620467336
-3.888888888888889	0.06397832353300675
-3.787878787878788	0.06829636604635857
-3.686868686868687	0.07254287492986869
-3.585858585858586	0.07667276655408488
-3.484848484848485	0.0806410289186193
-3.3838383838383836	0.08440377376227164
-3.282828282828283	0.08791931532836549
-3.1818181818181817	0.09114924176444898
-3.080808080808081	0.09405944403910588
-2.9797979797979797	0.09662106788396202
-2.878787878787879	0.09881135679711317
-2.7777777777777777	0.10061435870583717
-2.676767676767677	0.10202147555198131
-2.5757575757575757	0.10303184382547347
-2.474747474747475	0.10365254481384105
-2.3737373737373737	0.1038986557827994
-2.272727272727273	0.10379316694511238
-2.1717171717171717	0.1033668030704128
-2.0707070707070705	0.10265780165323345
-1.9696969696969697	0.1017117098625915
-1.8686868686868687	0.10058126762208941
-1.7676767676767677	0.09932644115153492
-1.6666666666666667	0.09801465685781806
-1.5656565656565657	0.09672125644623204
-1.4646464646464648	0.09553014823682716
-1.3636363636363635	0.0945345664327545
-1.2626262626262625	0.09383777194607613
-1.1616161616161615	0.09355344177699136
-1.0606060606060606	0.09380540999858585
-0.9595959595959596	0.09472635794582547
-0.8585858585858586	0.09645502367761151
-0.7575757575757576	0.0991315318095813
-0.6565656565656566	0.10289055250061489
-0.5555555555555556	0.10785219354069449
-0.45454545454545453	0.11411081068556038
-0.35353535353535354	0.12172227074733205
-0.25252525252525254	0.1306905831804626
-0.15151515151515152	0.14095517560608356
-0.050505050505050504	0.15238036186097675
0.050505050505050504	0.16474867059989684
0.15151515151515152	0.17775961153497524
0.25252525252525254	0.19103512232421563
0.35353535353535354	0.20413236471787163
0.45454545454545453	0.21656376881377962
0.5555555555555556	0.22782334554602587
0.6565656565656566	0.23741741825374782
0.7575757575757576	0.24489719747425243
0.8585858585858586	0.24989016416134713
0.9595959595959596	0.25212712883928107
1.0606060606060606	0.2514621396953895
1.1616161616161615	0.2478831002505862
1.2626262626262625	0.24151194311468496
1.3636363636363635	0.23259435589612276
1.4646464646464648	0.22148020577605335
1.5656565656565657	0.20859679756238972
1.6666666666666667	0.19441779112860524
1.7676767676767677	0.179430913326779
1.8686868686868687	0.1641075048603028
1.9696969696969697	0.1488764854013489
2.0707070707070705	0.1341045934494738
2.1717171717171717	0.12008388608980793
2.272727272727273	0.10702660125899928
2.3737373737373737	0.09506671029602552
2.474747474747475	0.08426690853909076
2.5757575757575757	0.07462945228293374
2.676767676767677	0.06610915504463939
2.7777777777777777	0.05862697261761987
2.878787878787879	0.052082878474083015
2.9797979797979797	0.04636709167159705
3.080808080808081	0.041369103392399124
3.1818181818181817	0.03698430193899458
3.282828282828283	0.03311828276270645
3.3838383838383836	0.029689131636395485
3.484848484848485	0.026628083541533048
3.585858585858586	0.023878997663181894
3.686868686868687	0.021397067831006606
3.787878787878788	0.019147128150438553
3.888888888888889	0.017101834617334517
3.98989898989899	0.01523992081615038
4.090909090909091	0.013544650328860076
4.191919191919192	0.012002526537144136
4.292929292929293	0.010602274450922133
4.393939393939394	0.009334078536697236
4.494949494949495	0.0081890429907438
4.595959595959596	0.0071588334618717725
4.696969696969697	0.006235458766648155
4.797979797979798	0.005411154927771881
4.898989898989899	0.004678339768527619
5.0	0.004029612810099367
