6.754424205218055 -0.9560696643758028746938508479249853439297 -0.0003919979937580593427889007812821230235131 
6.440264939859075 -0.954168248244032453382640258545326715785 -0.0004252420554941586749993541659142539731815 
6.126105674500097 -0.9521024484043476508015009543344438067942 -0.000462712751768973020582729157645069252164 
5.811946409141117 -0.94985097365617074709553522168186507026 -0.0005051259187201050476644092412591092165765 
5.497787143782138 -0.9473888618339437752098213092449752858394 -0.0005533486594773075671826185714087674721385 
5.183627878423159 -0.9446866906933640435026122873273029833461 -0.00060843756705773419426770453523937641342 
4.869468613064179 -0.9417095861472192591432271100405004036435 -0.0006716881436824375264398902869670551376091 
4.5553093477052 -0.9384159675941381349983499630085705730338 -0.0007446991234082559809520629863665211217674 
4.241150082346221 -0.9347559498682106410224500575397615100885 -0.0008294567596336955528614751260691539945428 
3.9269908169872414 -0.9306692936567094655374887886290972033194 -0.0009284460258386317752823150889734343133877 
3.612831551628262 -0.9260827581381165482405336154598577566752 -0.001044798313208018297749873710528504318079 
3.2986722862692828 -0.9209066569409350208012544501457920869527 -0.001182488893448135273915378930321156858079 
2.9845130209103035 -0.9150303455281598759708584944937254489943 -0.0013466025593902261924422026689068535357 
2.670353755551324 -0.9083162667790719524294657606015367611926 -0.001543692999677298109850985640036602751045 
2.356194490192345 -0.9005920410586395832987276716357487012257 -0.001782271270564652405726879632422762396875 
2.0420352248333655 -0.8916398933711711841781357023539296567805 -0.00207347190078820710758195639569645832815 
1.727875959474386 -0.8811824463153162541206501099164288838792 -0.002431962160867748163330888387758510532443 
1.413716694115407 -0.8688635562203130632030333113736395929331 -0.00287718028988417833145763002941892729424 
1.0995574287564276 -0.8542224217821564785351477040019007909451 -0.003435008585657501561728317346069948650648 
0.7853981633974483 -0.8366586700174088109348018724270803010337 -0.004139996770046225840301940514325198073004 
0.47123889803846897 -0.815385623998979038308189168308316605011 -0.005038223413985349371581908984778639496331 
