6.754424205218055 -0.9560696643758028746938508479249853439297 -0.0003919979937580593427889007812821230235131
6.440264939859075 -0.9101006762408090045509110346063226930763 0.01557457598360286191499654460528646503804
6.126105674500097 -0.8377004076142840487082112762192459105436 0.02640636755758754835212134286088494966652
5.811946409141117 -0.7752306068516336951467517376418094743821 0.03402702561625511953005356620978682081372
5.497787143782138 -0.7191860705018359046160527150470346643508 0.0393786481211470501775500617524481946712
5.183627878423159 -0.6676265146264381960550207658735669249284 0.04300863484180635049632405418750861402898
4.869468613064179 -0.6193576360055807946913069507329275683247 0.04527066187083934193026426841146348449502
4.5553093477052 -0.573574136752912535658568457683039266246 0.04641087124914632059222950469090005571701
4.241150082346221 -0.5295767289185133956448736656670106386781 0.04660959760126009487259464335103610405545
3.9269908169872414 -0.4859792610397340154493206981739155345622 0.04599205675525486052389369662810163294803
3.612831551628262 -0.4373755830571801656565831780721579183544 0.04454134007489259872062409373787764511436
3.2986722862692828 -0.3623664682794348163143050883870798423005 0.04157531215271458412928795391675409012625
2.9845130209103035 -0.193413661683892162128106984562650494413 0.03398140178612010460126887236681447766558
2.670353755551324 0.2059821467646278307064953469166260237665 0.01404896489890562421298395790755160433752
2.356194490192345 1.044121705593917627509627196408824381326 -0.02960670171723719263191913253501915339876
2.0420352248333655 24.54638743279907355597040135323982969203 -0.2885986528058044363175173420097901460652
1.727875959474386 -0.9542540009312318910568959588894749622621 -0.004029891140630618490470830255554995514402
1.413716694115407 -0.3267376082425270055773412314516960435943 0.009981950422526073920410730498683200988297
1.0995574287564276 -0.1076946707851293184218276400996853347962 0.01428742089448173788559290370646981936019
0.7853981633974483 0.003257032986439913971195569252916952616332 0.01549627474333988975655776585510886442506
0.47123889803846897 0.04765124513759784028675308295456979642601 0.01337046769827909548010169464817114405572
