3.2986722862692828 0 0 -0.3623664682794348163143050883870798423005 0.04157531215271458412928795391675409012625 0 0 1 0 
2.9845130209103035 -0.04999999999999999761267585362156989624323 0 -0.3623664682794348163143050883870798423005 0.04157531215271458412928795391675409012625 0.01811832341397173995062903485798579970585 0.002078765607635729107210651100441588676443 1 0 
2.670353755551324 -0.1052631578947368738480772925663846348756 0 -0.3623664682794348163143050883870798423005 0.04157531215271458412928795391675409012625 0.03814383876625630795666882895644456030104 0.004376348647654168070168769824759075274125 1 0 
2.356194490192345 -0.1666666666666666371935290570564191496977 0 -0.3623664682794348163143050883870798423005 0.04157531215271458412928795391675409012625 0.06039441137990579203897406335626426357258 0.006929218692119096129526429413334156402259 1 0 
2.0420352248333655 -0.2352941176470588334421763863464226782369 0 -0.3623664682794348163143050883870798423005 0.04157531215271458412928795391675409012625 0.08526269841869054860718411586146460504536 0.009782426388874020207252860833268575608989 1 0 
1.727875959474386 -0.3125000000000000596831036594607554435784 0 -0.3623664682794348163143050883870798423005 0.04157531215271458412928795391675409012625 0.1132395213373234017253758291551682935692 0.01299228504772331002174615048388866738666 1 0 
1.413716694115407 -0.3999999999999999745352091052967459652125 0 -0.3623664682794348163143050883870798423005 0.04157531215271458412928795391675409012625 0.1449465873117739172981356933669046980839 0.01663012486108583259300855121580975071507 1 0 
1.0995574287564276 -0.5 0 -0.3623664682794348163143050883870798423005 0.04157531215271458412928795391675409012625 0.1811832341397174081571525441935399211503 0.02078765607635729206464397695837704506313 1 0 
0.7853981633974483 -0.6153846153846153789649132630096328974342 0 -0.3623664682794348163143050883870798423005 0.04157531215271458412928795391675409012625 0.2229947497104214233766463986254972015339 0.0255848074785935899984878613561182194662 1 0 
0.47123889803846897 -0.7500000000000000006631455962162305861358 0 -0.3623664682794348163143050883870798423005 0.04157531215271458412928795391675409012625 0.2717748512095761124760305439462454913653 0.03118148411453593812453645060295337762056 1 0 
