-12.566370614359172	8.647426473126133e-5
-12.516004399471962	8.711993434371013e-5
-12.46563818458475	8.777286245734472e-5
-12.415271969697539	8.843315827910541e-5
-12.364905754810328	8.910093307750033e-5
-12.314539539923118	8.977630022948297e-5
-12.264173325035905	9.045937526857832e-5
-12.213807110148695	9.11502759342953e-5
-12.163440895261484	9.184912222286523e-5
-12.113074680374272	9.255603643934701e-5
-12.062708465487061	9.327114325114116e-5
-12.01234225059985	9.399456974295668e-5
-11.96197603571264	9.47264454732758e-5
-11.911609820825428	9.546690253236346e-5
-11.861243605938217	9.621607560186994e-5
-11.810877391051006	9.69741020160772e-5
-11.760511176163794	9.774112182484047e-5
-11.710144961276583	9.851727785827907e-5
-11.659778746389373	9.930271579327259e-5
-11.609412531502162	0.00010009758422181969
-11.55904631661495	0.00010090203472131978
-11.50868010172774	0.00010171622192683936
-11.458313886840529	0.00010254030360542788
-11.407947671953316	0.00010337444073254892
-11.357581457066106	0.00010421879757069652
-11.307215242178895	0.00010507354175026833
-11.256849027291684	0.00010593884435276936
-11.206482812404472	0.00010681487999642389
-11.156116597517261	0.0001077018269242754
-11.10575038263005	0.00010859986709485761
-11.055384167742838	0.00010950918627552248
-11.005017952855628	0.0001104299741385146
-10.954651737968417	0.00011136242435988504
-10.904285523081207	0.00011230673472134055
-10.853919308193994	0.00011326310721512826
-10.803553093306784	0.00011423174815205979
-10.753186878419573	0.00011521286827278259
-10.70282066353236	0.00011620668286241042
-10.65245444864515	0.00011721341186862932
-10.60208823375794	0.00011823328002340059
-10.551722018870729	0.0001192665169683857
-10.501355803983516	0.00012031335738422424
-10.450989589096306	0.00012137404112380082
-10.400623374209095	0.00012244881334964213
-10.350257159321883	0.00012353792467559096
-10.299890944434672	0.00012464163131290995
-10.249524729547462	0.00012576019522097487
-10.199158514660251	0.00012689388426272155
-10.148792299773039	0.0001280429723650198
-10.098426084885828	0.00012920773968415306
-10.048059869998617	0.00013038847277659063
-9.997693655111405	0.00013158546477524648
-9.947327440224194	0.00013279901557142738
-9.896961225336984	0.0001340294320026811
-9.846595010449773	0.00013527702804676424
-9.79622879556256	0.0001365421250219587
-9.74586258067535	0.00013782505179397517
-9.69549636578814	0.00013912614498969285
-9.645130150900927	0.00014044574921799437
-9.594763936013717	0.0001417842172979659
-9.544397721126506	0.00014314191049474617
-9.494031506239295	0.00014451919876331637
-9.443665291352083	0.00014591646100054053
-9.393299076464872	0.00014733408530577462
-9.342932861577662	0.00014877246925038137
-9.29256664669045	0.00015023202015649798
-9.242200431803239	0.00015171315538542302
-9.191834216916028	0.0001532163026360036
-9.141468002028818	0.0001547419002534204
-9.091101787141605	0.00015629039754878752
-9.040735572254395	0.0001578622551300013
-8.990369357367184	0.00015945794524429427
-8.940003142479972	0.00016107795213296836
-8.889636927592761	0.0001627227723988055
-8.83927071270555	0.0001643929153866767
-8.78890449781834	0.00016608890357789276
-8.738538282931128	0.0001678112729988679
-8.688172068043917	0.00016956057364469224
-8.637805853156706	0.00017133736991823878
-8.587439638269494	0.0001731422410854585
-8.537073423382283	0.0001749757817475497
-8.486707208495073	0.00017683860233072066
-8.436340993607862	0.00017873132959429747
-8.38597477872065	0.000180654607157968
-8.33560856383344	0.00018260909604898897
-8.285242348946229	0.00018459547527022548
-8.234876134059016	0.0001866144423899341
-8.184509919171806	0.00018866671415424495
-8.134143704284595	0.00019075302712334927
-8.083777489397383	0.0001928741383324436
-8.033411274510172	0.00019503082597853978
-7.983045059622961	0.00019722389013430446
-7.93267884473575	0.00019945415349014868
-7.882312629848539	0.00020172246212585456
-7.831946414961328	0.00020402968631308858
-7.781580200074117	0.0002063767213502247
-7.731213985186906	0.00020876448843097018
-7.680847770299694	0.00021119393554836828
-7.630481555412484	0.00021366603843583584
-7.580115340525272	0.00021618180154697652
-7.5297491256380615	0.0002187422590760093
-7.47938291075085	0.0002213484760207472
-7.429016695863639	0.00022400154929016412
-7.378650480976428	0.00022670260885870367
-7.3282842660892165	0.0002294528189695948
-7.277918051202006	0.0002322533793895679
-7.227551836314794	0.0002351055267174969
-7.177185621427584	0.00023801053574963048
-7.126819406540372	0.00024096972090422757
-7.076453191653162	0.00024398443770857038
-7.02608697676595	0.00024705608435149384
-6.975720761878739	0.00025018610330475256
-6.925354546991528	0.00025337598301673677
-6.874988332104317	0.00025662725968224776
-6.824622117217106	0.0002599415190922634
-6.7742559023298945	0.0002633203985678526
-6.723889687442684	0.00026676558898264014
-6.673523472555472	0.0002702788368784892
-6.623157257668261	0.0002738619466793407
-6.57279104278105	0.00027751678300845224
-6.522424827893839	0.0002812452731145899
-6.472058613006628	0.0002850494094130692
-6.421692398119417	0.00028893125214789905
-6.371326183232206	0.00029289293218167083
-6.320959968344995	0.00029693665392024703
-6.270593753457783	0.0003010646983797428
-6.2202275385705725	0.00030527942640376894
-6.169861323683361	0.00030958328203940945
-6.11949510879615	0.00031397879608094506
-6.069128893908939	0.00031846858979091964
-6.0187626790217275	0.0003230553788087622
-5.968396464134517	0.00032774197725784826
-5.918030249247305	0.00033253130206259884
-5.867664034360095	0.0003374263774879807
-5.817297819472883	0.0003424303399146019
-5.766931604585673	0.0003475464428634771
-5.716565389698461	0.00035277806228549744
-5.66619917481125	0.00035812870213165884
-5.615832959924039	0.00036360200022121094
-5.565466745036828	0.00036920173442607827
-5.515100530149617	0.0003749318291911821
-5.4647343152624055	0.00038079636241167975
-5.414368100375195	0.0003867995726896218
-5.364001885487983	0.00039294586699414197
-5.313635670600772	0.0003992398287510287
-5.263269455713561	0.00040568622638940624
-5.21290324082635	0.00041229002237528587
-5.162537025939139	0.00041905638276394056
-5.112170811051928	0.00042599068730544157
-5.061804596164717	0.00043309854014026713
-5.011438381277506	0.00044038578112469277
-4.961072166390294	0.0004478584978286993
-4.9107059515030835	0.00045552303825243095
-4.860339736615872	0.0004633860243108051
-4.809973521728661	0.00047145436613976424
-4.75960730684145	0.00047973527728188817
-4.709241091954239	0.0004882362908136817
-4.658874877067028	0.0004969652764818727
-4.608508662179816	0.0005059304589215123
-4.558142447292606	0.000515140437034637
-4.507776232405394	0.0005246042046147585
-4.457410017518184	0.0005343311723095613
-4.407043802630972	0.0005443311910219662
-4.356677587743762	0.0005546145768582265
-4.30631137285655	0.0005651921377410596
-4.255945157969339	0.0005760752018160198
-4.205578943082128	0.0005872756477905514
-4.1552127281949165	0.0005988059373574648
-4.104846513307706	0.0006106791498681202
-4.054480298420494	0.0006229090194354932
-4.004114083533284	0.0006355099746636913
-3.9537478686460723	0.0006484971812185679
-3.9033816537588613	0.0006618865874740102
-3.85301543887165	0.0006756949734905002
-3.802649223984439	0.0006899400036068763
-3.7522830090972277	0.0007046402829531562
-3.7019167942100166	0.0007198154182221089
-3.6515505793228056	0.0007354860830703238
-3.6011843644355945	0.000751674088556248
-3.5508181495483835	0.0007684024590634517
-3.5004519346611724	0.0007856955142027522
-3.4500857197739614	0.0008035789572373857
-3.39971950488675	0.0008220799706317676
-3.349353289999539	0.0008412273193873057
-3.298987075112328	0.0008610514628990534
-3.2486208602251168	0.0008815846761457184
-3.1982546453379057	0.0009028611811137386
-3.1478884304506947	0.0009249172894551136
-3.097522215563483	0.0009477915574898962
-3.047156000676272	0.0009715249547893744
-2.996789785789061	0.0009961610477169567
-2.94642357090185	0.0010217461994628497
-2.896057356014639	0.0010483297882883968
-2.845691141127428	0.001075964445899375
-2.795324926240217	0.0011047063180981613
-2.7449587113530054	0.001134615350126481
-2.6945924964657944	0.0011657555994081569
-2.6442262815785833	0.0011981955787403963
-2.5938600666913723	0.0012320086333690661
-2.543493851804161	0.001267273355825689
-2.49312763691695	0.0013040740429103295
-2.442761422029739	0.0013425011997855601
-2.3923952071425276	0.0013826520968145298
-2.3420289922553166	0.001424631385545307
-2.2916627773681055	0.0014685517811313103
-2.2412965624808945	0.0015145348195041125
-2.1909303475936834	0.0015627116988045483
-2.1405641327064724	0.0016132242159598064
-2.0901979178192613	0.0016662258109027168
-2.03983170293205	0.001721882732806442
-1.989465488044839	0.001780375344903263
-1.9390992731576278	0.001841899587030706
-1.8887330582704167	0.0019066686180749743
-1.8383668433832057	0.001974914664049638
-1.7880006284959944	0.0020468911017649705
-1.7376344136087833	0.002122874813042815
-1.6872681987215723	0.002203168850375841
-1.6369019838343613	0.0022881054620184907
-1.58653576894715	0.0023780495329770853
-1.536169554059939	0.002473402508544771
-1.4858033391727279	0.0025746068792850806
-1.4354371242855166	0.002682151321182823
-1.3850709093983056	0.002796576602651976
-1.3347046945110945	0.0029184823919727308
-1.2843384796238833	0.00304853512548083
-1.2339722647366722	0.003187477129670492
-1.1836060498494612	0.003336137230855891
-1.1332398349622501	0.0034954431361700184
-1.0828736200750388	0.0036664359320550586
-1.0325074051878278	0.0038502871243846133
-0.9821411903006166	0.004048318742362124
-0.9317749754134056	0.00426202715216068
-0.8814087605261944	0.004493111383588576
-0.8310425456389834	0.004743506974124503
-0.7806763307517722	0.005015426593222253
-0.7303101158645611	0.005311409044448928
-0.67994390097735	0.005634378679173909
-0.6295776860901389	0.005987717828068069
-0.5792114712029278	0.006375355614011928
-0.5288452563157167	0.006801877519915664
-0.47847904142850556	0.007272661443221967
-0.42811282654129446	0.007794047812328672
-0.37774661165408335	0.008373553866434073
-0.32738039676687225	0.009020145698087286
-0.2770141818796611	0.009744586554139744
-0.22664796699245002	0.010559886826186953
-0.1762817521052389	0.011481891109757478
-0.12591553721802778	0.012530052176161332
-0.07554932233081667	0.013728463042612061
-0.025183107443605555	0.015107250317102293
0.025183107443605555	0.0167044807794592
0.07554932233081667	0.018568808960912595
0.12591553721802778	0.02076321369747735
0.1762817521052389	0.023370366611794296
0.22664796699245002	0.026500499663901056
0.2770141818796611	0.0303031929512874
0.32738039676687225	0.03498548029248067
0.37774661165408335	0.04084045096889114
0.42811282654129446	0.048293903133232584
0.47847904142850556	0.05798329927328836
0.5288452563157167	0.07089724135756785
0.5792114712029278	0.0886346048628104
0.6295776860901389	0.11391588148519147
0.67994390097735	0.15166871699835222
0.7303101158645611	0.2115504076695601
0.7806763307517722	0.31451760965263564
0.8310425456389834	0.5126320868302979
0.8814087605261944	0.9608553256045296
0.9317749754134056	2.2244953220703922
0.9821411903006166	5.645920371975878
1.0325074051878278	4.474752955700688
1.0828736200750388	1.6989145614715766
1.1332398349622501	0.78583959609867
1.1836060498494612	0.43951877933138905
1.2339722647366722	0.27803379563162395
1.2843384796238833	0.19095147414672783
1.3347046945110945	0.1389668985962016
1.3850709093983056	0.10555468878721785
1.4354371242855166	0.08284768110982796
1.4858033391727279	0.06673026572379272
1.536169554059939	0.054885218177309784
1.58653576894715	0.04592895367790317
1.6369019838343613	0.038994788521771524
1.6872681987215723	0.03351776498105831
1.7376344136087833	0.029117018776532933
1.7880006284959944	0.025528305706920516
1.8383668433832057	0.022563680508194343
1.8887330582704167	0.020086534535535803
1.9390992731576278	0.01799565845126455
1.989465488044839	0.016214787637190795
2.03983170293205	0.014685577618040348
2.0901979178192613	0.013362782016224017
2.1405641327064724	0.012210878209022896
2.1909303475936834	0.01120166472725539
2.2412965624808945	0.010312523415577377
2.2916627773681055	0.009525144265254405
2.3420289922553166	0.00882457737742555
2.3923952071425276	0.008198519585300197
2.442761422029739	0.007636771653031098
2.49312763691695	0.007130820997962233
2.543493851804161	0.006673517836639909
2.5938600666913723	0.006258821600130254
2.6442262815785833	0.005881600723836493
2.6945924964657944	0.005537473351861261
2.7449587113530054	0.005222679674402485
2.795324926240217	0.004933978919337354
2.845691141127428	0.004668565704281372
2.896057356014639	0.004424001700372387
2.94642357090185	0.0041981594870432555
2.996789785789061	0.003989176174644901
3.047156000676272	0.0037954149003552092
3.097522215563483	0.003615432706331435
3.1478884304506947	0.003447953619318939
3.1982546453379057	0.00329184599108931
3.2486208602251168	0.0031461033461777435
3.298987075112328	0.003009828130038672
3.349353289999539	0.0028822178663532347
3.39971950488675	0.002762553323875824
3.4500857197739614	0.0026501883662502063
3.5004519346611724	0.0025445412167319882
3.5508181495483835	0.0024450869168432554
3.6011843644355945	0.00235135079606075
3.6515505793228056	0.002262902800562686
3.7019167942100166	0.0021793525542816604
3.7522830090972277	0.0021003450461671565
3.802649223984439	0.002025556854543975
3.85301543887165	0.001954692833468455
3.9033816537588613	0.0018874831975929632
3.9537478686460723	0.0018236809516978488
4.004114083533284	0.0017630596190966964
4.054480298420494	0.0017054112298531391
4.104846513307706	0.0016505445353979513
4.1552127281949165	0.0015982834208919088
4.205578943082128	0.0015484654906959322
4.255945157969339	0.001500940805710383
4.30631137285655	0.001455570754232173
4.356677587743762	0.0014122270404357193
4.407043802630972	0.0013707907766808878
4.457410017518184	0.0013311516676452286
4.507776232405394	0.0012932072758164396
4.558142447292606	0.001256862359203531
4.608508662179816	0.0012220282732646312
4.658874877067028	0.001188622430033117
4.709241091954239	0.0011565678082750114
4.75960730684145	0.0011257925092486058
4.809973521728661	0.001096229353278481
4.860339736615872	0.001067815512914248
4.9107059515030835	0.0010404921789311016
4.961072166390294	0.0010142042558546243
5.011438381277506	0.0009889000840645568
5.061804596164717	0.0009645311858587138
5.112170811051928	0.0009410520331449532
5.162537025939139	0.0009184198346813859
5.21290324082635	0.0008965943410073343
5.263269455713561	0.0008755376654037541
5.313635670600772	0.0008552141193953145
5.364001885487983	0.000835590061459877
5.414368100375195	0.0008166337577472909
5.4647343152624055	0.0007983152537302956
5.515100530149617	0.0007806062558178204
5.565466745036828	0.0007634800220566753
5.615832959924039	0.0007469112611329413
5.66619917481125	0.0007308760389605427
5.716565389698461	0.0007153516922125612
5.766931604585673	0.000700316748211787
5.817297819472883	0.0006857508506515877
5.867664034360095	0.0006716346906671657
5.918030249247305	0.0006579499428212578
5.968396464134517	0.0006446792056078867
6.0187626790217275	0.0006318059461133904
6.069128893908939	0.0006193144485060281
6.11949510879615	0.0006071897660544316
6.169861323683361	0.0005954176764012926
6.2202275385705725	0.0005839846398423277
6.270593753457783	0.0005728777603819442
6.320959968344995	0.0005620847493563981
6.371326183232206	0.0005515938914328129
6.421692398119417	0.0005413940128083608
6.472058613006628	0.0005314744514483928
6.522424827893839	0.0005218250292154775
6.57279104278105	0.000512436025753283
6.623157257668261	0.0005032981540001594
6.673523472555472	0.000494402537217227
6.723889687442684	0.0004857406874248555
6.7742559023298945	0.0004773044851497129
6.824622117217106	0.000469086160392135
6.874988332104317	0.00046107827473050746
6.925354546991528	0.00045327370448568476
6.975720761878739	0.0004456656248742945
7.02608697676595	0.00043824749508509397
7.076453191653162	0.0004310130442174449
7.126819406540372	0.0004239562580254513
7.177185621427584	0.00041707136641543644
7.227551836314794	0.0004103528316482278
7.277918051202006	0.0004037953372012003
7.3282842660892165	0.0003973937772482535
7.378650480976428	0.000391143246718844
7.429016695863639	0.00038503903189993977
7.47938291075085	0.0003790766015472644
7.5297491256380615	0.0003732515984745393
7.580115340525272	0.0003675598315915669
7.630481555412484	0.00036199726836399137
7.680847770299694	0.0003565600276694048
7.731213985186906	0.0003512443730261669
7.781580200074117	0.0003460467061728806
7.831946414961328	0.00034096356097792216
7.882312629848539	0.00033599159765977746
7.93267884473575	0.0003311275973001897
7.983045059622961	0.0003263684566332851
8.033411274510172	0.0003217111830949291
8.083777489397383	0.0003171528901175624
8.134143704284595	0.0003126907926567065
8.184509919171806	0.00030832220293619403
8.234876134059016	0.0003040445263999836
8.285242348946229	0.0002998552578591792
8.33560856383344	0.00029575197782356785
8.38597477872065	0.00029173234900764587
8.436340993607862	0.00028779411300171293
8.486707208495073	0.0002839350870991827
8.537073423382283	0.000280153161271785
8.587439638269494	0.000276446295284836
8.637805853156706	0.0002728125159452113
8.688172068043917	0.0002692499144750909
8.738538282931128	0.00026575664400495
8.78890449781834	0.0002623309171796468
8.83927071270555	0.00025897100387181675
8.889636927592761	0.00025567522899710624
8.940003142479972	0.0002524419704260997
8.990369357367184	0.0002492696569880778
9.040735572254395	0.0002461567665620203
9.091101787141605	0.0002431018242505226
9.141468002028818	0.0002401034006325373
9.191834216916028	0.00023716011009107462
9.242200431803239	0.00023427060921220872
9.29256664669045	0.00023143359525193758
9.342932861577662	0.0002286478046676286
9.393299076464872	0.00022591201171095945
9.443665291352083	0.00022322502707942853
9.494031506239295	0.00022058569662366539
9.544397721126506	0.0002179929001079189
9.594763936013717	0.00021544555002123473
9.645130150900927	0.00021294259043697075
9.69549636578814	0.00021048299591841418
9.74586258067535	0.00020806577046838455
9.79622879556256	0.00020568994652081241
9.846595010449773	0.0002033545839723888
9.896961225336984	0.0002010587692524756
9.947327440224194	0.00019880161442955806
9.997693655111405	0.00019658225635260925
10.048059869998617	0.00019439985582581494
10.098426084885828	0.0001922535968151868
10.148792299773039	0.00019014268568566246
10.199158514660251	0.00018806635046736178
10.249524729547462	0.00018602384014973272
10.299890944434672	0.000184014424002381
10.350257159321883	0.00018203739092143793
10.400623374209095	0.00018009204880037427
10.450989589096306	0.00017817772392422106
10.501355803983516	0.00017629376038620702
10.551722018870729	0.00017443951952587003
10.60208823375794	0.00017261437938774415
10.65245444864515	0.00017081773419976446
10.70282066353236	0.00016904899387057483
10.753186878419573	0.00016730758350495809
10.803553093306784	0.00016559294293664743
10.853919308193994	0.00016390452627780794
10.904285523081207	0.00016224180148451475
10.954651737968417	0.00016060424993757938
11.005017952855628	0.00015899136603810934
11.055384167742838	0.00015740265681721141
11.10575038263005	0.00015583764155927682
11.156116597517261	0.00015429585143831011
11.206482812404472	0.0001527768291667883
11.256849027291684	0.00015128012865655958
11.307215242178895	0.00014980531469131246
11.357581457066106	0.00014835196261016458
11.407947671953316	0.0001469196580019446
11.458313886840529	0.0001455079964097535
11.50868010172774	0.00014411658304541413
11.55904631661495	0.00014274503251343124
11.609412531502162	0.0001413929685441024
11.659778746389373	0.000140060023735435
11.710144961276583	0.00013874583930353774
11.760511176163794	0.0001374500648411712
11.810877391051006	0.0001361723580841537
11.861243605938217	0.00013491238468533152
11.911609820825428	0.00013366981799583494
11.96197603571264	0.00013244433885335324
12.01234225059985	0.00013123563537717213
12.062708465487061	0.0001300434027697277
12.113074680374272	0.00012886734312444182
12.163440895261484	0.00012770716523961216
12.213807110148695	0.00012656258443814007
12.264173325035905	0.000125433322392888
12.314539539923118	0.00012431910695746625
12.364905754810328	0.00012321967200225732
12.415271969697539	0.00012213475725549305
12.46563818458475	0.0001210641081492074
12.516004399471962	0.00012000747566989534
12.566370614359172	0.00011896461621371327
