6.75442 -0.95607 -0.000391998
6.44026 -0.910101 0.0155746
6.12611 -0.8377 0.0264064
5.81195 -0.775231 0.034027
5.49779 -0.719186 0.0393786
5.18363 -0.667627 0.0430086
4.86947 -0.619358 0.0452707
4.55531 -0.573574 0.0464109
4.24115 -0.529577 0.0466096
3.92699 -0.485979 0.0459921
3.61283 -0.437376 0.0445413
3.29867 -0.362366 0.0415753
2.98451 -0.193414 0.0339814
2.67035 0.205982 0.014049
2.35619 1.04412 -0.0296067
2.04204 24.5464 -0.288599
1.72788 -0.954254 -0.00402989
1.41372 -0.326738 0.00998195
1.09956 -0.107695 0.0142874
0.785398 0.00325703 0.0154963
0.471239 0.0476512 0.0133705