4.869468613064179 0 0 -0.6193576360055807946913069507329275683247 0.04527066187083934193026426841146348449502 0 0 1 0 
4.5553093477052 -0.03333333333333330150234471495426376342487 0 -0.6193576360055807946913069507329275683247 0.04527066187083934193026426841146348449502 0.02064525453351934010827770262462202594561 0.001509022062361309956665552856541040069465 1 0 
4.241150082346221 -0.06896551724137924221667120917678556579675 0 -0.6193576360055807946913069507329275683247 0.04527066187083934193026426841146348449502 0.04271431972452277123129280716153978607504 0.003122114611782020497190804524317515537289 1 0 
3.9269908169872414 -0.107142857142857108752512194593854032241 0 -0.6193576360055807946913069507329275683247 0.04527066187083934193026426841146348449502 0.06635974671488363545110517786444699696494 0.004850428057589927948589111518541363252644 1 0 
3.612831551628262 -0.1481481481481481263161943632516667042715 0 -0.6193576360055807946913069507329275683247 0.04527066187083934193026426841146348449502 0.09175668681564158569173967006756051394868 0.006706764721605827445766227174006643517688 1 0 
3.2986722862692828 -0.1923076923076922709642439018703043424131 0 -0.6193576360055807946913069507329275683247 0.04527066187083934193026426841146348449502 0.1191072376933808993082138031411681173717 0.008705896513622948708500909974695582310148 1 0 
2.9845130209103035 -0.2399999999999999618028136579451165161097 0 -0.6193576360055807946913069507329275683247 0.04527066187083934193026426841146348449502 0.1486458326413393670681946332961319447996 0.01086495884900144033405151711014194498236 1 0 
2.670353755551324 -0.2916666666666666611404533648647447197479 0 -0.6193576360055807946913069507329275683247 0.04527066187083934193026426841146348449502 0.1806459771682943950289287872971369616035 0.01320394304566147447948507780800073026284 1 0 
2.356194490192345 -0.3478260869565216789584336136501528745149 0 -0.6193576360055807946913069507329275683247 0.04527066187083934193026426841146348449502 0.2154287429584628478420314112193762805612 0.01574631717246585533867429608796765912349 1 0 
2.0420352248333655 -0.409090909090909067890814015634970019296 0 -0.6193576360055807946913069507329275683247 0.04527066187083934193026426841146348449502 0.2533735783659194017535345545561703432703 0.01851981621988882065669184334805520524363 1 0 
1.727875959474386 -0.4761904761904762121299242301898442294926 0 -0.6193576360055807946913069507329275683247 0.04527066187083934193026426841146348449502 0.2949322076217051537405991346345980185798 0.02155745803373302094707136778584960141976 1 0 
1.413716694115407 -0.5499999999999999522535170724313956451372 0 -0.6193576360055807946913069507329275683247 0.04527066187083934193026426841146348449502 0.3406466998030694075080700293033968230807 0.02489886402896163590013046349054330235171 1 0 
1.0995574287564276 -0.6315789473684210297062131834388968785978 0 -0.6193576360055807946913069507329275683247 0.04527066187083934193026426841146348449502 0.3911732437929983824481408879311830679348 0.02859199697105642544442568775885961700977 1 0 
0.7853981633974483 -0.7222222222222221996261500548543637946146 0 -0.6193576360055807946913069507329275683247 0.04527066187083934193026426841146348449502 0.447313848226252782170894068270212732755 0.03269547801782841259336282893250720785703 1 0 
0.47123889803846897 -0.8235294117647058705677654596312784536859 0 -0.6193576360055807946913069507329275683247 0.04527066187083934193026426841146348449502 0.510059229651654764799484799299851759041 0.03728172154069122223257728078515793684915 1 0 
