6.440264939859075 0 0 -0.9101006762408090045509110346063226930763 0.01557457598360286191499654460528646503804 0 0 1 0 
6.126105674500097 -0.02499999999999989654928699026802389779744 0 -0.9101006762408090045509110346063226930763 0.01557457598360286191499654460528646503804 0.02275251690602013096320890811422881794097 0.000389364399590069936673923287168386404652 1 0 
5.811946409141117 -0.05128205128205123601040436526367057548559 0 -0.9101006762408090045509110346063226930763 0.01557457598360286191499654460528646503804 0.04667182955081067628026408500898126133842 0.0007986962042873255349839569788943733142894 1 0 
5.497787143782138 -0.07894736842105255883499830979852278374243 0 -0.9101006762408090045509110346063226930763 0.01557457598360286191499654460528646503804 0.07185005338743222362864942994748894619813 0.001229571788179172176122512613249094164611 1 0 
5.183627878423159 -0.1081081081081080058025201454580662436099 0 -0.9101006762408090045509110346063226930763 0.01557457598360286191499654460528646503804 0.0983892622963035830592812697739054793917 0.001683737944173280775822662361544556435506 1 0 
4.869468613064179 -0.1388888888888888545035616776769285878961 0 -0.9101006762408090045509110346063226930763 0.01557457598360286191499654460528646503804 0.126402871700112330449072540454270774597 0.002163135553278174730434850934222017374312 1 0 
4.5553093477052 -0.1714285714285713636102273094304673115225 0 -0.9101006762408090045509110346063226930763 0.01557457598360286191499654460528646503804 0.1560172587841386273732086936870282979782 0.002669927311474775316541956891227225411741 1 0 
4.241150082346221 -0.2058823529411763714605890777122382376336 0 -0.9101006762408090045509110346063226930763 0.01557457598360286191499654460528646503804 0.1873736686378135283678732396498905932704 0.003206530349565293556275289345626665239379 1 0 
3.9269908169872414 -0.242424242424242358768214412149569076791 0 -0.9101006762408090045509110346063226930763 0.01557457598360286191499654460528646503804 0.2206304669674687899999770018874431534136 0.00377565478390372308087216696664455928373 1 0 
3.612831551628262 -0.2812499999999999471555853015191196304127 0 -0.9101006762408090045509110346063226930763 0.01557457598360286191499654460528646503804 0.2559658151927274844362061758458319603745 0.00438034949538830409056342613972642726108 1 0 
3.2986722862692828 -0.3225806451612902569975468632772518375028 0 -0.9101006762408090045509110346063226930763 0.01557457598360286191499654460528646503804 0.2935808633034867159743620937225712410878 0.005024056768904147983408647351463275371149 1 0 
2.9845130209103035 -0.366666666666666601236301173331909079555 0 -0.9101006762408090045509110346063226930763 0.01557457598360286191499654460528646503804 0.3337035812882965754537808305217274312826 0.005710677860654381683115200677756099645021 1 0 
2.670353755551324 -0.4137931034482758280048873287263200784388 0 -0.9101006762408090045509110346063226930763 0.01557457598360286191499654460528646503804 0.3765933832720588674331191435704410979249 0.006444652131146011296361547847219055280043 1 0 
2.356194490192345 -0.4642857142857142045127841367880841394032 0 -0.9101006762408090045509110346063226930763 0.01557457598360286191499654460528646503804 0.4225467425403755353542386257603660457419 0.007231053135244184624426582265355648024188 1 0 
2.0420352248333655 -0.5185185185185184726714155702359047838614 0 -0.9101006762408090045509110346063226930763 0.01557457598360286191499654460528646503804 0.4719040543470861087824003988078019304881 0.008075706065571853612245316114058178178429 1 0 
1.727875959474386 -0.5769230769230769183681969499439241586561 0 -0.9101006762408090045509110346063226930763 0.01557457598360286191499654460528646503804 0.5250580824466205752631876875686937489351 0.008985332298232420262238516729360127962327 1 0 
1.413716694115407 -0.6399999999999999388845018527121825350423 0 -0.9101006762408090045509110346063226930763 0.01557457598360286191499654460528646503804 0.5824644327941177072913268695074940106648 0.009967728629505830673749818876709292897084 1 0 
1.0995574287564276 -0.7083333333333332968603255414406465487166 0 -0.9101006762408090045509110346063226930763 0.01557457598360286191499654460528646503804 0.6446546456705730116961195935749816461164 0.01103199132171869328840425455670602370314 1 0 
0.7853981633974483 -0.7826086956521738811523176413215344557143 0 -0.9101006762408090045509110346063226930763 0.01557457598360286191499654460528646503804 0.7122527031449809310591548333022018541873 0.01218879859586310882808860019926832452101 1 0 
0.47123889803846897 -0.8636363636363636181463143651012333170002 0 -0.9101006762408090045509110346063226930763 0.01557457598360286191499654460528646503804 0.7859960385716077600780079142693449454781 0.01345077016765701682467904102062025196206 1 0 
