6.283185307179586	-2.220446049250313e-16
6.251847724600137	0.0020238414052332065
6.220510142020688	0.004049607067002248
6.189172559441238	0.006079226372806279
6.157834976861789	0.008114639002555268
6.12649739428234	0.010157800152378493
6.0951598117028905	0.012210685851937852
6.063822229123441	0.014275298408126968
6.032484646543992	0.01635367200973281
6.001147063964543	0.01844787852915991
5.969809481385093	0.020560033559421542
5.938471898805644	0.022692302727554292
5.907134316226195	0.024846908329010986
5.875796733646745	0.027026136331049222
5.844459151067296	0.029232343798310634
5.813121568487847	0.03146796679845809
5.7817839859083975	0.03373552885232034
5.750446403328948	0.03603765000026227
5.719108820749499	0.0383770565643638
5.68777123817005	0.04075659169614965
5.6564336555906	0.043179226811100035
5.625096073011151	0.045648074023897034
5.593758490431702	0.04816639971369435
5.562420907852252	0.050737639366964904
5.531083325272803	0.053365413866432176
5.499745742693354	0.05605354741889651
5.4684081601139045	0.058806087343968805
5.437070577534455	0.061627325980293524
5.405732994955006	0.06452182500570541
5.374395412375556	0.06749444251660547
5.343057829796107	0.07055036326858022
5.311720247216657	0.07369513254969412
5.280382664637209	0.0769346942401039
5.2490450820577585	0.08027543371155804
5.21770749947831	0.08372422634099269
5.18636991689886	0.08728849255936189
5.1550323343194115	0.09097626053755459
5.123694751739961	0.09479623783198099
5.092357169160513	0.09875789358601805
5.061019586581063	0.10287155322313202
5.029682004001614	0.10714850799129894
4.998344421422164	0.11160114225036191
4.967006838842715	0.1162430820623214
4.935669256263266	0.12108936948863233
4.904331673683816	0.12615666806194803
4.872994091104367	0.13146350623022304
4.841656508524918	0.13703056720299295
4.810318925945468	0.14288103553112794
4.778981343366019	0.14904101266391565
4.74764376078657	0.15554001467583964
4.7163061782071205	0.16241156196515139
4.684968595627671	0.1696938510454228
4.653631013048222	0.17743041621309025
4.622293430468773	0.18567034502600296
4.590955847889323	0.1944662796672552
4.559618265309874	0.20386948112565517
4.528280682730425	0.21395155894641826
4.496943100150975	0.2248295355241269
4.465605517571526	0.23664247444982836
4.434267934992077	0.24955296116900325
4.4029303524126275	0.26376149897965073
4.371592769833178	0.2795245106766169
4.340255187253729	0.29718027456737295
4.30891760467428	0.3171899221662437
4.27758002209483	0.3402060987631605
4.246242439515381	0.3671941644600215
4.214904856935932	0.39965867522721865
4.1835672743564825	0.44009538509150903
4.152229691777033	0.49296697762439745
4.120892109197584	0.5670152267054371
4.089554526618135	0.6813088245377035
4.058216944038685	0.8813771525639984
4.026879361459236	1.2491186318697223
3.9955417788797867	1.5555683289800633
3.9642041963003374	1.3997780862577147
3.932866613720888	1.1983786424122835
3.901529031141439	1.0609756170820044
3.8701914485619895	0.9673787071943643
3.83885386598254	0.9001334295155012
3.807516283403091	0.849398307992377
3.7761787008236416	0.8095979729825427
3.744841118244192	0.7774123033769695
3.7135035356647426	0.7507600961626588
3.6821659530852933	0.7282756272158055
3.650828370505844	0.7090262168539729
3.6194907879263947	0.6923524484800321
3.5881532053469454	0.6777738207820587
3.556815622767496	0.6649308812280597
3.525478040188047	0.6535485127233218
3.4941404576085975	0.6434119195485795
3.462802875029148	0.6343504786131733
3.431465292449699	0.6262266020184923
3.4001277098702496	0.6189278766738595
3.3687901272908003	0.6123613990226567
3.337452544711351	0.6064496132507948
3.3061149621319017	0.6011272006962014
3.2747773795524524	0.5963387183380678
3.243439796973003	0.5920367804919658
3.212102214393554	0.588180640795805
3.1807646318141045	0.5847350735377379
3.149427049234655	0.5816694818725696
3.118089466655206	0.5789571801409917
3.0867518840757566	0.5765748113099187
3.0554143014963073	0.5745018703736977
3.024076718916858	0.5727203116529791
2.9927391363374087	0.5712142231138826
2.9614015537579594	0.5699695546711872
2.93006397117851	0.568973890309943
2.898726388599061	0.5682162560364004
2.8673888060196115	0.5676869573292498
2.8360512234401623	0.5673774410359094
2.804713640860713	0.5672801776556171
2.773376058281263	0.5673885607295477
2.742038475701814	0.5676968206706274
2.7107008931223646	0.5681999508539062
2.6793633105429153	0.5688936441797551
2.648025727963466	0.5697742386366387
2.6166881453840167	0.5708386706440801
2.5853505628045674	0.5720844351667225
2.554012980225118	0.573509551759999
2.522675397645669	0.5751125358486344
2.4913378150662195	0.5768923746591362
2.4600002324867702	0.578848507323188
2.428662649907321	0.5809808087542667
2.3973250673278717	0.5832895769699487
2.3659874847484224	0.585775523594263
2.334649902168973	0.5884397673251579
2.3033123195895238	0.5912838302018651
2.2719747370100745	0.5943096365486157
2.240637154430625	0.5975195145049511
2.209299571851176	0.6009162000935574
2.1779619892717266	0.604502843806015
2.1466244066922773	0.6082830197183621
2.115286824112828	0.6122607371817993
2.0839492415333787	0.6164404551617366
2.0526116589539294	0.6208270993318971
2.02127407637448	0.6254260820640956
1.9899364937950308	0.6302433254855597
1.9585989112155815	0.6352852878169933
1.9272613286361322	0.640558993243521
1.895923746056683	0.6460720656168939
1.8645861634772336	0.6518327663339649
1.8332485808977843	0.6578500367988201
1.801910998318335	0.6641335459357214
1.7705734157388857	0.6706937432942561
1.7392358331594364	0.6775419183710985
1.7078982505799871	0.6846902668704298
1.6765606680005378	0.6921519647372443
1.6452230854210885	0.6999412509245027
1.6138855028416392	0.7080735200123713
1.58254792026219	0.7165654259703576
1.5512103376827406	0.7254349985653296
1.5198727551032913	0.7347017741683067
1.488535172523842	0.7443869429994942
1.4571975899443927	0.7545135152098869
1.4258600073649434	0.7651065086071112
1.3945224247854942	0.7761931613381358
1.3631848422060449	0.787803173445184
1.3318472596265956	0.7999689819413638
1.3005096770471463	0.8127260749372851
1.269172094467697	0.8261133514369763
1.2378345118882468	0.8401735347488488
1.2064969293087975	0.8549536490938643
1.1751593467293482	0.8705055710277972
1.143821764149899	0.8868866698211454
1.1124841815704496	0.9041605541167673
1.0811465989910003	0.9223979461859733
1.049809016411551	0.9416777101863466
1.0184714338321017	0.9620880673268959
0.9871338512526524	0.9837280392108593
0.9557962686732031	1.0067091715073666
0.9244586860937538	1.0311576043216306
0.8931211035143045	1.0572165744446411
0.8617835209348552	1.0850494597295426
0.8304459383554059	1.1148435096353033
0.7991083557759566	1.1468144520010597
0.7677707731965073	1.1812122295578815
0.736433190617058	1.218328208215005
0.7050956080376087	1.2585043243754344
0.6737580254581594	1.3021448181282387
0.6424204428787101	1.3497314606411401
0.6110828602992608	1.4018435707808996
0.5797452777198115	1.459184697404924
0.5484076951403623	1.5226187330797043
0.517070112560913	1.5932196098775084
0.48573252998146366	1.672340925144157
0.45439494740201436	1.7617153999231934
0.42305736482256506	1.8635999430217967
0.39171978224311577	1.9809920013170268
0.36038219966366647	2.11795999388949
0.3290446170842172	2.2801609523001893
0.2977070345047679	2.475673651428526
0.2663694519253186	2.716378436738485
0.23503186934586928	3.020310202116134
0.20369428676641999	3.415775036961678
0.1723567041869707	3.948600327128415
0.1410191216075214	4.693936060989081
0.1096815390280721	5.765098357157644
0.0783439564486228	7.212531583036233
0.0470063738691735	7.769762190579618
0.015668791289724204	0.0
-0.015668791289725092	-7.769762190579618
-0.04700637386917439	-7.212531583036233
-0.07834395644862369	-5.765098357157643
-0.10968153902807298	-4.69393606098908
-0.14101912160752228	-3.9486003271284154
-0.17235670418697158	-3.415775036961678
-0.20369428676642087	-3.020310202116134
-0.23503186934587017	-2.716378436738485
-0.26636945192531947	-2.4756736514285262
-0.29770703450476876	-2.2801609523001893
-0.32904461708421806	-2.1179599938894897
-0.36038219966366736	-1.980992001317027
-0.39171978224311665	-1.8635999430217964
-0.42305736482256595	-1.7617153999231938
-0.45439494740201525	-1.672340925144157
-0.48573252998146454	-1.5932196098775087
-0.5170701125609138	-1.522618733079704
-0.5484076951403631	-1.4591846974049238
-0.5797452777198124	-1.4018435707808998
-0.6110828602992617	-1.3497314606411401
-0.642420442878711	-1.3021448181282391
-0.6737580254581603	-1.2585043243754341
-0.7050956080376096	-1.2183282082150049
-0.7364331906170598	-1.1812122295578815
-0.7677707731965091	-1.1468144520010597
-0.7991083557759584	-1.1148435096353033
-0.8304459383554077	-1.0850494597295428
-0.861783520934857	-1.0572165744446411
-0.8931211035143063	-1.0311576043216304
-0.9244586860937556	-1.006709171507366
-0.9557962686732049	-0.983728039210859
-0.9871338512526542	-0.9620880673268957
-1.0184714338321035	-0.9416777101863467
-1.0498090164115528	-0.922397946185973
-1.081146598991002	-0.904160554116767
-1.1124841815704514	-0.8868866698211455
-1.1438217641499007	-0.8705055710277974
-1.17515934672935	-0.8549536490938641
-1.2064969293087993	-0.8401735347488489
-1.2378345118882486	-0.8261133514369763
-1.2691720944676979	-0.8127260749372853
-1.3005096770471472	-0.7999689819413638
-1.3318472596265964	-0.7878031734451842
-1.3631848422060457	-0.7761931613381353
-1.394522424785495	-0.7651065086071112
-1.4258600073649443	-0.7545135152098867
-1.4571975899443936	-0.7443869429994943
-1.488535172523843	-0.7347017741683067
-1.5198727551032922	-0.7254349985653303
-1.5512103376827415	-0.7165654259703578
-1.5825479202621908	-0.7080735200123711
-1.6138855028416401	-0.6999412509245027
-1.6452230854210894	-0.6921519647372438
-1.6765606680005387	-0.68469026687043
-1.707898250579988	-0.6775419183710985
-1.7392358331594373	-0.6706937432942561
-1.7705734157388875	-0.6641335459357214
-1.801910998318336	-0.6578500367988204
-1.833248580897786	-0.6518327663339645
-1.8645861634772345	-0.6460720656168941
-1.8959237460566847	-0.6405589932435207
-1.927261328636133	-0.6352852878169934
-1.9585989112155833	-0.6302433254855602
-1.9899364937950317	-0.6254260820640956
-2.021274076374482	-0.6208270993318965
-2.0526116589539303	-0.6164404551617368
-2.0839492415333805	-0.6122607371817996
-2.115286824112829	-0.6082830197183622
-2.146624406692279	-0.6045028438060154
-2.1779619892717275	-0.600916200093557
-2.2092995718511776	-0.597519514504951
-2.240637154430626	-0.5943096365486158
-2.2719747370100762	-0.5912838302018656
-2.3033123195895246	-0.5884397673251586
-2.334649902168975	-0.5857755235942633
-2.3659874847484232	-0.5832895769699484
-2.3973250673278734	-0.5809808087542669
-2.428662649907322	-0.5788485073231882
-2.460000232486772	-0.5768923746591361
-2.4913378150662204	-0.5751125358486344
-2.5226753976456706	-0.5735095517599996
-2.554012980225119	-0.5720844351667237
-2.585350562804569	-0.5708386706440811
-2.6166881453840176	-0.5697742386366389
-2.648025727963468	-0.568893644179755
-2.679363310542916	-0.5681999508539054
-2.7107008931223664	-0.5676968206706273
-2.742038475701815	-0.5673885607295476
-2.773376058281265	-0.5672801776556172
-2.8047136408607134	-0.5673774410359095
-2.8360512234401636	-0.5676869573292497
-2.867388806019612	-0.5682162560364005
-2.898726388599062	-0.5689738903099429
-2.9300639711785106	-0.5699695546711872
-2.9614015537579608	-0.5712142231138825
-2.992739136337409	-0.5727203116529789
-3.0240767189168594	-0.5745018703736975
-3.0554143014963078	-0.5765748113099184
-3.086751884075758	-0.5789571801409916
-3.1180894666552064	-0.5816694818725698
-3.1494270492346566	-0.5847350735377379
-3.180764631814105	-0.5881806407958049
-3.212102214393555	-0.592036780491966
-3.2434397969730036	-0.5963387183380677
-3.2747773795524537	-0.6011272006962014
-3.306114962131902	-0.6064496132507948
-3.3374525447113523	-0.6123613990226568
-3.3687901272908007	-0.6189278766738597
-3.400127709870251	-0.6262266020184926
-3.4314652924496993	-0.6343504786131731
-3.4628028750291495	-0.6434119195485793
-3.494140457608598	-0.6535485127233217
-3.525478040188048	-0.6649308812280598
-3.5568156227674965	-0.6777738207820586
-3.5881532053469467	-0.6923524484800321
-3.619490787926395	-0.709026216853973
-3.6508283705058453	-0.7282756272158053
-3.6821659530852937	-0.7507600961626584
-3.713503535664744	-0.7774123033769698
-3.7448411182441923	-0.8095979729825427
-3.7761787008236425	-0.8493983079923768
-3.8075162834030927	-0.9001334295155017
-3.838853865982541	-0.9673787071943646
-3.8701914485619913	-1.0609756170820044
-3.9015290311414397	-1.1983786424122833
-3.93286661372089	-1.3997780862577143
-3.9642041963003383	-1.5555683289800633
-3.9955417788797885	-1.2491186318697223
-4.026879361459237	-0.8813771525639983
-4.058216944038687	-0.6813088245377034
-4.0895545266181355	-0.567015226705437
-4.120892109197586	-0.49296697762439734
-4.152229691777034	-0.4400953850915089
-4.183567274356484	-0.3996586752272183
-4.214904856935933	-0.36719416446002123
-4.246242439515383	-0.3402060987631602
-4.277580022094831	-0.31718992216624425
-4.308917604674281	-0.29718027456737334
-4.34025518725373	-0.279524510676617
-4.37159276983318	-0.26376149897965084
-4.402930352412628	-0.24955296116900327
-4.434267934992079	-0.23664247444982855
-4.465605517571527	-0.22482953552412632
-4.496943100150977	-0.21395155894641826
-4.528280682730426	-0.2038694811256555
-4.559618265309876	-0.1944662796672555
-4.590955847889324	-0.18567034502600266
-4.622293430468774	-0.1774304162130902
-4.653631013048223	-0.16969385104542256
-4.684968595627673	-0.16241156196515139
-4.716306178207121	-0.15554001467583967
-4.747643760786572	-0.14904101266391567
-4.77898134336602	-0.1428810355311274
-4.81031892594547	-0.13703056720299256
-4.841656508524919	-0.13146350623022296
-4.872994091104369	-0.12615666806194747
-4.904331673683817	-0.12108936948863258
-4.935669256263267	-0.1162430820623217
-4.967006838842716	-0.11160114225036155
-4.998344421422166	-0.10714850799129894
-5.029682004001614	-0.10287155322313205
-5.0610195865810645	-0.09875789358601841
-5.092357169160513	-0.09479623783198152
-5.123694751739963	-0.09097626053755448
-5.1550323343194115	-0.08728849255936208
-5.186369916898862	-0.08372422634099302
-5.21770749947831	-0.08027543371155796
-5.24904508205776	-0.07693469424010366
-5.280382664637209	-0.07369513254969348
-5.311720247216659	-0.07055036326858033
-5.343057829796107	-0.06749444251660522
-5.3743954123755575	-0.06452182500570569
-5.405732994955006	-0.06162732598029394
-5.437070577534456	-0.058806087343968555
-5.4684081601139045	-0.05605354741889629
-5.499745742693355	-0.05336541386643223
-5.531083325272803	-0.05073763936696449
-5.562420907852253	-0.04816639971369427
-5.593758490431702	-0.04564807402389712
-5.625096073011152	-0.043179226811100035
-5.6564336555906	-0.04075659169614984
-5.6877712381700505	-0.0383770565643638
-5.719108820749499	-0.03603765000026243
-5.750446403328949	-0.03373552885232056
-5.781783985908399	-0.03146796679845801
-5.813121568487848	-0.029232343798310828
-5.844459151067298	-0.027026136331049444
-5.875796733646746	-0.02484690832901104
-5.9071343162261964	-0.022692302727554237
-5.938471898805645	-0.02056003355942121
-5.969809481385095	-0.018447878529159745
-6.0011470639645434	-0.01635367200973281
-6.032484646543994	-0.014275298408127024
-6.063822229123442	-0.012210685851937408
-6.095159811702892	-0.010157800152378549
-6.126497394282341	-0.008114639002555046
-6.157834976861791	-0.0060792263728064455
-6.189172559441239	-0.004049607067002137
-6.220510142020689	-0.0020238414052332065
