6.283185307179586	-0.2389699129210333
6.251847724600137	-0.24097544018034625
6.220510142020688	-0.24302410493154028
6.189172559441238	-0.2451221372379011
6.157834976861789	-0.24727623777532454
6.12649739428234	-0.24949366915812166
6.0951598117028905	-0.25178235972951135
6.063822229123441	-0.25415102300269193
6.032484646543992	-0.2566092966240291
6.001147063964543	-0.2591679056116358
5.969809481385093	-0.26183885578681976
5.938471898805644	-0.264635664878972
5.907134316226195	-0.2675736408185843
5.875796733646745	-0.27067021945216263
5.844459151067296	-0.2739453776014514
5.813121568487847	-0.2774221423335354
5.7817839859083975	-0.2811272240928283
5.750446403328948	-0.2850918107827311
5.719108820749499	-0.28935257301006256
5.68777123817005	-0.2939529494248482
5.6564336555906	-0.2989448079616929
5.625096073011151	-0.30439061810391105
5.593758490431702	-0.31036632774092365
5.562420907852252	-0.3169652266551871
5.531083325272803	-0.3243032154356482
5.499745742693354	-0.3325261146884739
5.4684081601139045	-0.34181999950575
5.437070577534455	-0.35242612732122897
5.405732994955006	-0.36466302958805435
5.374395412375556	-0.37896012252424305
5.343057829796107	-0.39591050192613064
5.311720247216657	-0.41635701909828354
5.280382664637209	-0.4415389391066513
5.2490450820577585	-0.4733554126705659
5.21770749947831	-0.5148705711690115
5.18636991689886	-0.5713642577580959
5.1550323343194115	-0.6527626822777365
5.123694751739961	-0.7801346318810425
5.092357169160513	-1.0071089709827434
5.061019586581063	-1.519231264396964
5.029682004001614	-3.5700773812809246
4.998344421422164	114.89430993815843
4.967006838842715	45.437453454056296
4.935669256263266	33.406247265873944
4.904331673683816	27.729703385730147
4.872994091104367	24.289584910675618
4.841656508524918	21.934679416890194
4.810318925945468	20.201200730493547
4.778981343366019	18.862057259964924
4.74764376078657	17.791384469615192
4.7163061782071205	16.91312874335886
4.684968595627671	16.178302818306765
4.653631013048222	15.553759846946834
4.622293430468773	15.016174915520109
4.590955847889323	14.548602093867773
4.559618265309874	14.138398963466337
4.528280682730425	13.775920225519602
4.496943100150975	13.453665007480932
4.465605517571526	13.16570280856045
4.434267934992077	12.907276575772745
4.4029303524126275	12.674521789103348
4.371592769833178	12.464263534493494
4.340255187253729	12.27386722721325
4.30891760467428	12.10112700522303
4.27758002209483	11.944181061776852
4.246242439515381	11.801446563187367
4.214904856935932	11.671569021356337
4.1835672743564825	11.553382479204053
4.152229691777033	11.44587788531632
4.120892109197584	11.348177745383722
4.089554526618135	11.259515629949131
4.058216944038685	11.179219481537428
4.026879361459236	11.106697917416401
3.9955417788797867	11.041428916368856
3.9642041963003374	10.982950415897642
3.932866613720888	10.930852454444079
3.901529031141439	10.884770567318032
3.8701914485619895	10.844380211128179
3.83885386598254	10.80939203523462
3.807516283403091	10.77954785337042
3.7761787008236416	10.754617200276861
3.744841118244192	10.73439437708473
3.7135035356647426	10.718695909576594
3.6821659530852933	10.707358355271051
3.650828370505844	10.700236405399508
3.6194907879263947	10.697201242524605
3.5881532053469454	10.69813911436265
3.556815622767496	10.702950096200878
3.525478040188047	10.711547015457496
3.4941404576085975	10.7238545196091
3.462802875029148	10.739808267385994
3.431465292449699	10.759354230456067
3.4001277098702496	10.78244809304943
3.3687901272908003	10.809054738395881
3.337452544711351	10.83914781371691
3.3061149621319017	10.87270936695905
3.2747773795524524	10.90972954966171
3.243439796973003	10.95020637998868
3.212102214393554	10.99414556442168
3.1807646318141045	11.041560373923604
3.149427049234655	11.092471574828089
3.118089466655206	11.146907413475446
3.0867518840757566	11.204903657325183
3.0554143014963073	11.266503699875308
3.024076718916858	11.331758740865139
2.9927391363374087	11.4007281035787
2.9614015537579594	11.473479750223202
2.93006397117851	11.550090248783793
2.898726388599061	11.630644800817713
2.8673888060196115	11.715237588771089
2.8360512234401623	11.803972187254619
2.804713640860713	11.896962035116642
2.773376058281263	11.994330973654865
2.742038475701814	12.096213856029713
2.7107008931223646	12.202757235887734
2.6793633105429153	12.314120142414216
2.648025727963466	12.430474949688316
2.6166881453840167	12.552008354607551
2.5853505628045674	12.678922471084148
2.554012980225118	12.811436059004203
2.522675397645669	12.949785902818322
2.4913378150662195	13.094228358414071
2.4600002324867702	13.245041092694493
2.428662649907321	13.402525041827603
2.3973250673278717	13.567006619045483
2.3659874847484224	13.738840208114677
2.334649902168973	13.91841098586355
2.3033123195895238	14.106138124105497
2.2719747370100745	14.302478432878315
2.240637154430625	14.507930512992719
2.209299571851176	14.723039509104321
2.1779619892717266	14.948402560619362
2.1466244066922773	15.184675079514339
2.115286824112828	15.432578002515166
2.0839492415333787	15.692906200923606
2.0526116589539294	15.966538274921753
2.02127407637448	16.2544480070934
1.9899364937950308	16.557717817306518
1.9585989112155815	16.877554645543775
1.9272613286361322	17.21530879925018
1.895923746056683	17.572496442906818
1.8645861634772336	17.95082658839555
1.8332485808977843	18.35223369730566
1.801910998318335	18.778917326169015
1.7705734157388857	19.233390691432238
1.7392358331594364	19.71854062736419
1.7078982505799871	20.23770224424174
1.6765606680005378	20.79475274846368
1.6452230854210885	21.394230531244848
1.6138855028416392	22.0414879940429
1.58254792026219	22.742890034038687
1.5512103376827406	23.506075257110826
1.5198727551032913	24.340304805197913
1.488535172523842	25.25693581888052
1.4571975899443927	26.27007587295624
1.4258600073649434	27.397506315477166
1.3945224247854942	28.66201573443039
1.3631848422060449	30.093377907004275
1.3318472596265956	31.73137802871529
1.3005096770471463	33.630614134808305
1.269172094467697	35.8684517584734
1.2378345118882468	38.558911704835786
1.2064969293087975	41.87854243291943
1.1751593467293482	46.118776458640944
1.143821764149899	51.80414463530713
1.1124841815704496	60.003345791050194
1.0811465989910003	73.36268220943752
1.049809016411551	101.31902470107984
1.0184714338321017	258.06750623859006
0.9871338512526524	-10.320350575803241
0.9557962686732031	-4.328863742169226
0.9244586860937538	-2.7781032169812763
0.8931211035143045	-2.077875336086843
0.8617835209348552	-1.6806260902590031
0.8304459383554059	-1.4250504702234814
0.7991083557759566	-1.246940877377607
0.7677707731965073	-1.1157543996719879
0.736433190617058	-1.015124595299252
0.7050956080376087	-0.9354975294473424
0.6737580254581594	-0.8709234224138384
0.6424204428787101	-0.8175044712702405
0.6110828602992608	-0.7725808621575834
0.5797452777198115	-0.7342756242696366
0.5484076951403623	-0.7012264607608742
0.517070112560913	-0.6724207127903749
0.48573252998146366	-0.6470899828909025
0.45439494740201436	-0.624640692779313
0.42305736482256506	-0.6046070513269743
0.39171978224311577	-0.5866184275547615
0.36038219966366647	-0.5703762322865327
0.3290446170842172	-0.5556372257457334
0.2977070345047679	-0.5422012598444325
0.2663694519253186	-0.5299021390953786
0.23503186934586928	-0.518600712236895
0.20369428676641999	-0.5081795842388239
0.1723567041869707	-0.49853902199533773
0.1410191216075214	-0.4895937507656029
0.1096815390280721	-0.48127042318651186
0.0783439564486228	-0.4735056017012287
0.0470063738691735	-0.4662441368588394
0.015668791289724204	-0.45943785373474244
-0.015668791289725092	-0.453044480253187
-0.04700637386917439	-0.44702676698245497
-0.07834395644862369	-0.4413517596239817
-0.10968153902807298	-0.4359901941489355
-0.14101912160752228	-0.4309159911075629
-0.17235670418697158	-0.42610583061693685
-0.20369428676642087	-0.4215387933932487
-0.23503186934587017	-0.4171960561277041
-0.26636945192531947	-0.41306063182715597
-0.29770703450476876	-0.40911714753989137
-0.32904461708421806	-0.40535165330986855
-0.36038219966366736	-0.40175145732838646
-0.39171978224311665	-0.3983049831626662
-0.42305736482256595	-0.3950016456564621
-0.45439494740201525	-0.3918317426790603
-0.48573252998146454	-0.38878636037906456
-0.5170701125609138	-0.3858572899810407
-0.5484076951403631	-0.3830369544677069
-0.5797452777198124	-0.3803183437684301
-0.6110828602992617	-0.37769495726788765
-0.642420442878711	-0.37516075263470183
-0.6737580254581603	-0.37271010011061373
-0.7050956080376096	-0.3703377415248234
-0.7364331906170598	-0.36803875339806996
-0.7677707731965091	-0.3658085135733165
-0.7991083557759584	-0.36364267089722535
-0.8304459383554077	-0.3615371175158977
-0.861783520934857	-0.359487963416203
-0.8931211035143063	-0.3574915129299204
-0.9244586860937556	-0.35554424326123824
-0.9557962686732049	-0.35364278937144017
-0.9871338512526542	-0.35178337553524414
-1.0184714338321035	-0.34996428639468363
-1.0498090164115528	-0.348181275330441
-1.081146598991002	-0.3464316541480785
-1.1124841815704514	-0.34471253686012165
-1.1438217641499007	-0.3430210487532027
-1.17515934672935	-0.34135431690978196
-1.2064969293087993	-0.3397094460129089
-1.2378345118882486	-0.3380834868419645
-1.2691720944676979	-0.3364733964221875
-1.3005096770471472	-0.33487598615004127
-1.3318472596265964	-0.33328785122082955
-1.3631848422060457	-0.33170526935359756
-1.394522424785495	-0.33012404582165106
-1.4258600073649443	-0.3285392563983612
-1.4571975899443936	-0.3269447720569645
-1.488535172523843	-0.3253322255876915
-1.5198727551032922	-0.32368801905202826
-1.5512103376827415	-0.32197310479324043
-1.5825479202621908	-0.3201950967377371
-1.6138855028416401	-0.318432735702844
-1.6452230854210894	-0.3166849377468852
-1.6765606680005387	-0.31495080200525166
-1.707898250579988	-0.3132295048605764
-1.7392358331594373	-0.31152026672567307
-1.7705734157388875	-0.3098223437511206
-1.801910998318336	-0.3081350242338223
-1.833248580897786	-0.3064576263429831
-1.8645861634772345	-0.304789496344946
-1.8959237460566847	-0.30313000708552107
-1.927261328636133	-0.301478556636597
-1.9585989112155833	-0.2998345670593739
-1.9899364937950317	-0.2981974832790641
-2.021274076374482	-0.2965667720381289
-2.0526116589539303	-0.2949419209361923
-2.0839492415333805	-0.2933224375411821
-2.115286824112829	-0.29170784857318965
-2.146624406692279	-0.29009769914215644
-2.1779619892717275	-0.28849155205698673
-2.2092995718511776	-0.2868889871836393
-2.240637154430626	-0.2852896008615913
-2.2719747370100762	-0.2836930053667097
-2.3033123195895246	-0.28209882842606393
-2.334649902168975	-0.2805067127802937
-2.3659874847484232	-0.2789163157840062
-2.3973250673278734	-0.2773273090586767
-2.428662649907322	-0.2757393781763007
-2.460000232486772	-0.27415222239266085
-2.4913378150662204	-0.27256555441313957
-2.5226753976456706	-0.2709791002004389
-2.554012980225119	-0.26939259881753547
-2.585350562804569	-0.2678058023059855
-2.6166881453840176	-0.2662184756040781
-2.648025727963468	-0.2646303964998061
-2.679363310542916	-0.2630413556162213
-2.7107008931223664	-0.2614511564354281
-2.742038475701815	-0.2598596153596534
-2.773376058281265	-0.25826656180198543
-2.8047136408607134	-0.25667183832325885
-2.8360512234401636	-0.2550753007950873
-2.867388806019612	-0.2534768186067387
-2.898726388599062	-0.2518762749099363
-2.9300639711785106	-0.25027356689901115
-2.9614015537579608	-0.2486686061360327
-2.992739136337409	-0.2470613189105451
-3.0240767189168594	-0.24545164665107957
-3.0554143014963078	-0.2438395463720342
-3.086751884075758	-0.24222499117062682
-3.1180894666552064	-0.24060797077039284
-3.1494270492346566	-0.2389884921172075
-3.180764631814105	-0.2373665800204943
-3.212102214393555	-0.23574227785670288
-3.2434397969730036	-0.23411564832431125
-3.2747773795524537	-0.23248677425675163
-3.306114962131902	-0.23085575950851736
-3.3374525447113523	-0.2292227298933954
-3.3687901272908007	-0.22758783420324483
-3.400127709870251	-0.22595124529500774
-3.4314652924496993	-0.2243131612577975
-3.4628028750291495	-0.2226738066611092
-3.494140457608598	-0.22103343389108357
-3.525478040188048	-0.21939232457871224
-3.5568156227674965	-0.21775079112750337
-3.5881532053469467	-0.2161091783423705
-3.619490787926395	-0.21446786517591493
-3.6508283705058453	-0.21282726658259196
-3.6821659530852937	-0.2111878355107525
-3.713503535664744	-0.20955006501587847
-3.7448411182441923	-0.20791449052700262
-3.7761787008236425	-0.2062816922584187
-3.8075162834030927	-0.2046522977894515
-3.838853865982541	-0.20302698481300602
-3.8701914485619913	-0.20140648407208758
-3.9015290311414397	-0.19979158249712567
-3.93286661372089	-0.19818312655210102
-3.9642041963003383	-0.19658202580980055
-3.9955417788797885	-0.19498925677150766
-4.026879361459237	-0.19340586695117576
-4.058216944038687	-0.19183297923301118
-4.0895545266181355	-0.19027179653875198
-4.120892109197586	-0.18872360681332695
-4.152229691777034	-0.18718978836214678
-4.183567274356484	-0.1856718155603856
-4.214904856935933	-0.18417126496459565
-4.246242439515383	-0.18268982186381744
-4.277580022094831	-0.18122928729109014
-4.308917604674281	-0.17979158554333396
-4.34025518725373	-0.1783787722460728
-4.37159276983318	-0.17699304300131544
-4.402930352412628	-0.17563674267637092
-4.434267934992079	-0.1743123753711721
-4.465605517571527	-0.17302261513471762
-4.496943100150977	-0.17177031747967308
-4.528280682730426	-0.17055853177211866
-4.559618265309876	-0.16939051456288204
-4.590955847889324	-0.16826974394063626
-4.622293430468774	-0.16719993500083943
-4.653631013048223	-0.16618505652081178
-4.684968595627673	-0.1652293489481908
-4.716306178207121	-0.1643373438198666
-4.747643760786572	-0.16351388473988682
-4.77898134336602	-0.16276415005160028
-4.81031892594547	-0.16209367736713484
-4.841656508524919	-0.1615083901163927
-4.872994091104369	-0.16101462631099678
-4.904331673683817	-0.16061916972555465
-4.935669256263267	-0.16032928372960975
-4.967006838842716	-0.1601527480273952
-4.998344421422166	-0.16009789858298448
-5.029682004001614	-0.1601736710516115
-5.0610195865810645	-0.160389648060951
-5.092357169160513	-0.1607561107353161
-5.123694751739963	-0.1612840949025323
-5.1550323343194115	-0.16198545246197213
-5.186369916898862	-0.16287291847144705
-5.21770749947831	-0.16396018457303363
-5.24904508205776	-0.16526197946836788
-5.280382664637209	-0.1667941572788448
-5.311720247216659	-0.1685737948050381
-5.343057829796107	-0.17061929901036674
-5.3743954123755575	-0.17295052676228237
-5.405732994955006	-0.1755889207530454
-5.437070577534456	-0.17855767223656227
-5.4684081601139045	-0.1818819523351854
-5.499745742693355	-0.18558946977519825
-5.531083325272803	-0.1897138628470703
-5.562420907852253	-0.19342364482538071
-5.593758490431702	-0.19643174088351179
-5.625096073011152	-0.19912854668805327
-5.6564336555906	-0.20162162057680033
-5.6877712381700505	-0.2039665094660112
-5.719108820749499	-0.20619798222231442
-5.750446403328949	-0.20834017140841482
-5.781783985908399	-0.2104109909336676
-5.813121568487848	-0.2124244017541248
-5.844459151067298	-0.2143917053617582
-5.875796733646746	-0.21632234154606897
-5.9071343162261964	-0.21822441056314695
-5.938471898805645	-0.2201050318780509
-5.969809481385095	-0.22197060105872485
-6.0011470639645434	-0.22382698072149781
-6.032484646543994	-0.2256796475509131
-6.063822229123442	-0.227533809473809
-6.095159811702892	-0.22939450237931852
-6.126497394282341	-0.23126667287634772
-6.157834976861791	-0.23315525176713278
-6.189172559441239	-0.2350652217505722
-6.220510142020689	-0.2370016821417961
