-4.343915046065024294e-02
-6.224641140785909521e-02
-4.455752535150352134e-02
-6.302414971959921508e-02
-4.571877080917102765e-02
-6.385167303570732367e-02
-4.692665211690883603e-02
-6.473266927682078120e-02
-4.818531613563721561e-02
-6.567126261757558203e-02
-4.949934851836437777e-02
-6.667207223076315747e-02
-5.087384034675702937e-02
-6.774028183482372345e-02
-5.231446623571753968e-02
-6.888172225240354885e-02
-5.382757644168864597e-02
-7.010296975278826337e-02
-5.542030613765276670e-02
-7.141146367717114696e-02
-5.710070583249867576e-02
-7.281564778325949616e-02
-5.887789797903814071e-02
-7.432514097885378757e-02
-6.076226622135130762e-02
-7.595094473152112780e-02
-6.276568559007872361e-02
-7.770569659953135977e-02
-6.490180445465898451e-02
-7.960398223086305458e-02
-6.718639241180481003e-02
-8.166272211867021957e-02
-6.963777289731649944e-02
-8.390165480796822617e-02
-7.227736567785979227e-02
-8.634394577374639168e-02
-7.513037327995679415e-02
-8.901696176639914415e-02
-7.822665802980825756e-02
-9.195326551832998241e-02
-8.160187450246036978e-02
-9.519190755980407037e-02
-8.529894863206825828e-02
-9.878012404285918535e-02
-8.937003398791237840e-02
-1.027755976194805188e-01
-9.387913504878958593e-02
-1.072495119012385756e-01
-9.890567880948136770e-02
-1.122907445958238604e-01
-1.045494603422184726e-01
-1.180117272734053507e-01
-1.109376211826004210e-01
-1.245567992919250772e-01
-1.182347070066483985e-01
-1.321143888026966584e-01
-1.266575155121862362e-01
-1.409352350373883622e-01
-1.364976253294710729e-01
-1.513604617978792088e-01
-1.481566783059302395e-01
-1.638663293634598506e-01
-1.622037135596225421e-01
-1.791384922647177580e-01
-1.794724981712660927e-01
-1.982012535222757721e-01
-2.012356776008955295e-01
-2.226560066491148904e-01
-2.295371621489491476e-01
-2.551540464531204533e-01
-2.678803099678285227e-01
-3.004249434820114306e-01
-3.228122804732994622e-01
-3.678066048370117191e-01
-4.081413057339164374e-01
-4.786527486679649224e-01
-5.588316503579044969e-01
-6.947309846626985586e-01
-8.963381550250376639e-01
-1.298094989851400927e+00
-2.316898697962333831e+00
-1.292065614593977330e+01
1.375371470654802941e+01
-5.872893787918259001e+00
6.947628668041325284e+00
-4.464253705025532426e+00
5.192053148095146398e+00
-3.772218621623053103e+00
4.316893438058398758e+00
-3.341417788616432460e+00
3.774336160252005357e+00
-3.040426744296560457e+00
3.397998496903285925e+00
-2.815086420320030314e+00
3.118331179813465859e+00
-2.638412326294223398e+00
2.900566789432705406e+00
-2.495236614346721726e+00
2.725182314799412975e+00
-2.376285832918391350e+00
2.580276137245358647e+00
-2.275526464201352628e+00
2.458133740152088631e+00
-2.188840008546258709e+00
2.353510673639397588e+00
-2.113305716923566280e+00
2.262703221400290232e+00
-2.046786730257424303e+00
2.183012901316912391e+00
-1.987678677583512243e+00
2.112421827029874688e+00
-1.934750336215433020e+00
2.049387445486412940e+00
-1.887038974811111380e+00
1.992708071394548863e+00
-1.843779490031593360e+00
1.941432091271563465e+00
-1.804355149360318045e+00
1.894795027452859104e+00
-1.768262559229135888e+00
1.852174903992672039e+00
-1.735086243416064322e+00
1.813059947011787409e+00
-1.704479862765790665e+00
1.777024788446907033e+00
-1.676152117802150787e+00
1.743712651642554290e+00
-1.649856013768315144e+00
1.712821821376930842e+00
-1.625380579329359643e+00
1.684095232985416191e+00
-1.602544402497340537e+00
1.657312366336852083e+00
-1.581190530577745612e+00
1.632282865586705656e+00
-1.561182406387589650e+00
1.608841467132562375e+00
-1.542400600972002156e+00
1.586843931023494303e+00
-1.524740164480605120e+00
1.566163749220068180e+00
-1.508108461732357464e+00
1.546689462095983014e+00
-1.492423391152924328e+00
1.528322454329524405e+00
-1.477611909188141004e+00
1.510975132942912857e+00
-1.463608800401395627e+00
1.494569411125818981e+00
-1.450355646299508638e+00
1.479035439733913826e+00
-1.437799956003584345e+00
1.464310539673720601e+00
-1.425894429779947181e+00
1.450338298920137214e+00
-1.414596332122618705e+00
1.437067805107156815e+00
-1.403866955523557225e+00
1.424452990346716685e+00
-1.393671160135073084e+00
1.412452069415803813e+00
-1.383976976811646331e+00
1.401027056117911451e+00
-1.374755263757511781e+00
1.390143345252323748e+00
-1.365979408304319076e+00
1.379769350292534558e+00
-1.357625067030651334e+00
1.369876187946828638e+00
-1.349669938927465118e+00
1.360437402900847248e+00
-1.342093566466064924e+00
1.351428726798004298e+00
-1.334877160905840299e+00
1.342827866838144812e+00
-1.328003448486930083e+00
1.334614319479721978e+00
-1.321456534733090660e+00
1.326769206458171535e+00
-1.315221784475214539e+00
1.319275129629542409e+00
-1.309285715652503512e+00
1.312116042585341091e+00
-1.303635905272560125e+00
1.305277136750865541e+00
-1.298260905907760776e+00
1.298744740401599262e+00
-1.293150171657428071e+00
1.292506228989817929e+00
-1.288293992589383929e+00
1.286549945267819739e+00
-1.283683436590294491e+00
1.280865128758804872e+00
-1.279310298049638916e+00
1.275441853004602777e+00
-1.275167052784798027e+00
1.270270970194590898e+00
-1.271246818568554371e+00
1.265344062512113732e+00
-1.267543321079654728e+00
1.260653399793578266e+00
-1.264050864943116359e+00
1.256191903093150097e+00
-1.260764309854673249e+00
1.251953114254535926e+00
-1.257679052260080477e+00
1.247931171985009913e+00
-1.254791013322544391e+00
1.244120796457238942e+00
-1.252096638365397308e+00
1.240517293033675195e+00
-1.249592917699064332e+00
1.237116551289061395e+00
-1.247277353306794678e+00
1.233914981431782909e+00
-1.245147916026289936e+00
1.230909490179993515e+00
-1.243203040288883177e+00
1.228097472389274802e+00
-1.241441623480086465e+00
1.225476805727667262e+00
-1.239863028270528300e+00
1.223045848554182413e+00
-1.238467088085755119e+00
1.220803440989267408e+00
-1.237254115772126184e+00
1.218748909119888202e+00
-1.236224915677055947e+00
1.216882072678665772e+00
-1.235380799335747515e+00
1.215203256180745761e+00
-1.234723604863351643e+00
1.213713303851123637e+00
-1.234255720769193987e+00
1.212413598446219432e+00
-1.233980114014038509e+00
1.211306084576254882e+00
-1.233900363321915217e+00
1.210393296597468193e+00
-1.234020697954077317e+00
1.209678391884206894e+00
-1.234346042643334584e+00
1.209165189799048745e+00
-1.234882069559517737e+00
1.208858217261693291e+00
-1.235635258214528687e+00
1.208762761502614413e+00
-1.236612964278876792e+00
1.208884931315405309e+00
-1.237823498677822709e+00
1.209231727635679210e+00
-1.239276218444460342e+00
1.209811125024161438e+00
-1.240981631145974706e+00
1.210632165580453057e+00
-1.242951515139591789e+00
1.211705067396642965e+00
-1.245199057958702671e+00
1.213041349841245786e+00
-1.247739016408206059e+00
1.214653978518997590e+00
-1.250587901602102869e+00
1.216557533353317844e+00
-1.253764193930335669e+00
1.218768403901454356e+00
-1.257288593158651491e+00
1.221305017114620917e+00
-1.261184310482796889e+00
1.224188103680576400e+00
-1.265477411041963762e+00
1.227441010326759230e+00
-1.270197216878640400e+00
1.231090068021963191e+00
-1.275376783209398290e+00
1.235165027484597111e+00
-1.281053463895053035e+00
1.239699576760263877e+00
-1.287269586261763799e+00
1.244731959372044505e+00
-1.294073260725417285e+00
1.250305716860257599e+00
-1.301519357568009516e+00
1.256470585454612099e+00
-1.309670692981887541e+00
1.263283586095203415e+00
-1.318599478655454904e+00
1.270810358164012666e+00
-1.328389106398000452e+00
1.279126803601871920e+00
-1.339136362237607347e+00
1.288321129506293072e+00
-1.350954196766465110e+00
1.298496407864260016e+00
-1.363975223195271536e+00
1.309773813166353662e+00
-1.378356178554373423e+00
1.322296759482421979e+00
-1.394283675542156375e+00
1.336236246047901810e+00
-1.411981707529477159e+00
1.351797849539652985e+00
-1.431721570775294605e+00
1.369230994967869597e+00
-1.453835175205882013e+00
1.388841433511619261e+00
-1.478733192891254378e+00
1.411008320971658847e+00
-1.506930256391548761e+00
1.436208037159676376e+00
-1.539080669973598381e+00
1.465048122995738389e+00
-1.576030212422662169e+00
1.498316823945325282e+00
-1.618893317034618917e+00
1.537057472795559487e+00
-1.669171675816877531e+00
1.582683875635745085e+00
-1.728943241930225305e+00
1.637166347589140258e+00
-1.801176719600004805e+00
1.703345883158007501e+00
-1.890282993161347180e+00
1.785495692433263670e+00
-2.003146794095801653e+00
1.890399005444633129e+00
-2.151223096576222016e+00
2.029618310162381700e+00
-2.355289196746567892e+00
2.224913266669136913e+00
-2.657993064485006496e+00
2.523776107401510593e+00
-3.165639711557798108e+00
3.059588166773429485e+00
-4.258627995458629023e+00
4.497732505253269508e+00
-1.029319019035752092e+01
1.943723698685245971e+00
6.617991158270404295e-01
3.863057761839219784e-01
2.694331501770840243e-01
2.052879722686146435e-01
1.648415382525269257e-01
1.370467439835110768e-01
1.167604397667399152e-01
1.013187170701053408e-01
8.915180060710276022e-02
7.933445095376853717e-02
7.122413717369038832e-02
6.442996723883231969e-02
5.863233850774646205e-02
5.364779969345231936e-02
4.929201050581977217e-02
4.547578028741827705e-02
4.207902239346644757e-02
3.906059967777578135e-02
3.633382078408928240e-02
3.388432739599944732e-02
3.164397067120808260e-02
2.961442422705731770e-02
2.773835674489136260e-02
2.602762079442055843e-02
2.443144105977168579e-02
2.296844905090661415e-02
2.159197128246334585e-02
2.032532336482245627e-02
1.912448152544715674e-02
1.801607850211564554e-02
1.695787437232285089e-02
1.597887258293653745e-02
1.503811180661744629e-02
1.416626853325539392e-02
1.332338776586278195e-02
1.254126980777640898e-02
1.178085205920352541e-02
1.107459688434862810e-02
1.038433362759885736e-02
9.742773957530592721e-03
9.112724734630220369e-03
8.526757942228999076e-03
7.948812591684048523e-03
7.410938555216045609e-03
6.878420255884198919e-03
6.382397360951988508e-03
5.889765333139188042e-03
5.430350775770143024e-03
4.972974680086214572e-03
4.545725864510581637e-03
4.119712560938099122e-03
3.720833405571763453e-03
3.322892477560804303e-03
2.949113160741492767e-03
2.576451502435538055e-03
2.224933404496254319e-03
1.875171851921493549e-03
1.543431689636061421e-03
1.214538553135739718e-03
9.003872796723572103e-04
5.906249655508108432e-04
2.921181348271295608e-04
0.000000000000000000e+00
-2.846028924710086727e-04
-5.603476142717056518e-04
-8.326167075911605764e-04
-1.093071558945335475e-03
-1.354434574772245270e-03
-1.600519378782805369e-03
-1.852285068328463069e-03
-2.084775271368632943e-03
-2.328153242410202495e-03
-2.547695867775034984e-03
-2.783813485585540093e-03
-2.990940306177192198e-03
-3.220857219201178623e-03
-3.415995631081192307e-03
-3.640716361824614111e-03
-3.824198342368800851e-03
-4.044683298367338087e-03
-4.216752756213873465e-03
-4.433927949091365228e-03
-4.594746712697703184e-03
-4.809512420833446378e-03
-4.959165064579357241e-03
-5.172403633409913826e-03
-5.310901301928364071e-03
-5.523484243211210232e-03
-5.650767603764893232e-03
-5.863562128914812099e-03
-5.979503556675487552e-03
-6.193378658700683659e-03
-6.297783739045707818e-03
-6.513615920898621625e-03
-6.606224336128972696e-03
-6.824903070487581269e-03
-6.905388923856115024e-03
-7.127821918753302066e-03
-7.195793536635103349e-03
-7.422911873630116952e-03
-7.477911116326160790e-03
-7.710674321557670075e-03
-7.752175423914764441e-03
-7.991576528273355851e-03
-8.018984482899491062e-03
-8.266055124220614281e-03
-8.278703612586674199e-03
-8.534519231598147737e-03
-8.531668100700065538e-03
-8.797353281666295266e-03
-8.778185557041948139e-03
-9.054919565171598572e-03
-9.018537983202790098e-03
-9.307560552993865421e-03
-9.252983588209529042e-03
-9.555601020601683926e-03
-9.481758374784488019e-03
-9.799350006198026541e-03
-9.705077517472793236e-03
-1.003910263211474363e-02
-9.923136553231265422e-03
-1.027514182419086985e-02
-1.013611242128634182e-02
-1.050774002769253035e-02
-1.034416464858570195e-02
-1.073716308092054206e-02
-1.054741300085315636e-02
-1.096366175934232468e-02
-1.074603942518467803e-02
-1.118748262515106839e-02
-1.094010537969336561e-02
-1.140887812961111081e-02
-1.112971388075312262e-02
-1.162808830200789956e-02
-1.131494222264617378e-02
-1.184535317487689365e-02
-1.149585027485205968e-02
-1.206091338536646740e-02
-1.167248043448557149e-02
-1.227501196404082173e-02
-1.184485677235894152e-02
-1.248789657039323098e-02
-1.201298361870153930e-02
-1.269982222445589781e-02
-1.217684347487363317e-02
-1.291105473906425938e-02
-1.233639398746391724e-02
-1.312187521239749355e-02
-1.249156352187608121e-02
-1.333258620032484743e-02
-1.264224450756923357e-02
-1.354352070164166477e-02
-1.278828297538459058e-02
-1.375505620221728620e-02
-1.292946097249614290e-02
-1.396763876492357337e-02
-1.306546391339180602e-02
-1.418183017518115374e-02
-1.319580960770183609e-02
-1.439842216999132063e-02
-1.331964224491288817e-02
-1.461888485226614520e-02
-1.343431306656173163e-02
-1.484658084056200700e-02
-1.354085559183793031e-02
-1.507585107035480654e-02
-1.364363870261187106e-02
-1.530590372059426052e-02
-1.374268560463753897e-02
-1.553682011042778477e-02
-1.383803944499895078e-02
-1.576868599862979448e-02
-1.392974360822041291e-02
-1.600158576427679336e-02
-1.401783980204363012e-02
-1.623560168492954592e-02
-1.410236781458507060e-02
-1.647081385846060897e-02
-1.418336555061672222e-02
-1.670730025428657228e-02
-1.426086913285706803e-02
-1.694513679635045733e-02
-1.433491301934508577e-02
-1.718439745137112507e-02
-1.440553012328427140e-02
-1.742515431533486758e-02
-1.447275193103059188e-02
-1.766747769519794176e-02
-1.453660861613648159e-02
-1.791143618498836076e-02
-1.459712915031208258e-02
-1.815709673631016319e-02
-1.465434140990862222e-02
-1.840452472292031239e-02
-1.470827227929405456e-02
-1.865378399988493197e-02
-1.475894775081809662e-02
-1.890493695762007764e-02
-1.480639302235131627e-02
-1.915804457064818056e-02
-1.485063259140628755e-02
-1.941316644138790792e-02
-1.489169034791670843e-02
-1.967036083939188718e-02
-1.492958966452306857e-02
-1.992968473608158764e-02
-1.496435348568014856e-02
-2.019119383509038190e-02
-1.499600441510295923e-02
-2.045494259812463689e-02
-1.502456480236424863e-02
-2.072098426711443953e-02
-1.505005682902749164e-02
-2.098937088212093904e-02
-1.507250259364367739e-02
-2.126015329540986709e-02
-1.509192419754568082e-02
-2.153338118128478307e-02
-1.510834382951820043e-02
-2.180910304281313827e-02
-1.512178385192353147e-02
-2.208736621408913248e-02
-1.513226688663837916e-02
-2.236821685917989022e-02
-1.513981590230462082e-02
-2.265169996693394694e-02
-1.514445430235911161e-02
-2.293785934252046133e-02
-1.514620601439586878e-02
-2.322673759465676557e-02
-1.514509558134613521e-02
-2.351837611932772187e-02
-1.514114825453305446e-02
-2.381281507950994136e-02
-1.513439008843509015e-02
-2.411009338103342614e-02
-1.512484803813030076e-02
-2.441024864445384690e-02
-1.511255005965661535e-02
-2.471331717245295323e-02
-1.509752521245544266e-02
-2.501933391342869850e-02
-1.507980376620510210e-02
-2.532833242058307732e-02
-1.505941731006688045e-02
-2.564034480653654136e-02
-1.503639886642038626e-02
-2.595540169296062238e-02
-1.501078300862912496e-02
-2.627353215591865521e-02
-1.498260598301093260e-02
-2.659476366600077579e-02
-1.495190583626526681e-02
-2.691912202281077082e-02
-1.491872254709081247e-02
-2.724663128452808891e-02
-1.488309816461641510e-02
-2.757731369153360035e-02
-1.484507695181280784e-02
-2.791118958418270513e-02
-1.480470553583224103e-02
-2.824827731391199581e-02
-1.476203306490331268e-02
-2.858859314820905162e-02
-1.471711137309117401e-02
-2.893215116855929470e-02
-1.466999515210076765e-02
-2.927896316068212546e-02
-1.462074213216213447e-02
-2.962903849785436527e-02
-1.456941327164917865e-02
-2.998238401508313000e-02
-1.451607295540391362e-02
-3.033900387559529399e-02
-1.446078920491422615e-02
-3.069889942786818704e-02
-1.440363389753263057e-02
-3.106206905276853725e-02
-1.434468299827285076e-02
-3.142850800114660448e-02
-1.428401680356150560e-02
-3.179820822006718117e-02
-1.422172019816847488e-02
-3.217115816782667448e-02
-1.415788292597031095e-02
-3.254734261684533170e-02
-1.409259987576028106e-02
-3.292674244335247469e-02
-1.402597138267158705e-02
-3.330933440377259469e-02
-1.395810354687632149e-02
-3.369509089617483966e-02
-1.388910856984648667e-02
-3.408397970591781068e-02
-1.381910511052575341e-02
-3.447596373545791515e-02
-1.374821866104236623e-02
-3.487100071541371360e-02
-1.367658194541065964e-02
-3.526904289823062921e-02
-1.360433534062877037e-02
-3.567003673022095533e-02
-1.353162732352530817e-02
-3.607392250301355574e-02
-1.345861494355349297e-02
-3.648063398191725426e-02
-1.338546432490272942e-02
-3.689009800952924856e-02
-1.331235119823548363e-02
-3.730223408350341607e-02
-1.323946146546051139e-02
-3.771695390564733241e-02
-1.316699179936597908e-02
-3.813416090179022611e-02
-1.309515028038799045e-02
-3.855374970892233577e-02
-1.302415707334292350e-02
-3.897560562776458681e-02
-1.295424514679521799e-02
-3.939960403861053617e-02
-1.288566103886068515e-02
-3.982560977770510657e-02
-1.281866567113976174e-02
-4.025347647067079038e-02
-1.275353521663802336e-02
-4.068304581977255641e-02
-1.269056202296126035e-02
-4.111414684327230340e-02
-1.263005559769758701e-02
-4.154659506026281424e-02
-1.257234365779957841e-02
-4.198019162039623442e-02
-1.251777325004832520e-02
-4.241472237049892513e-02
-1.246671194707016372e-02
-4.284995685655201836e-02
-1.241954912419607204e-02
-4.328564725371308874e-02
-1.237669732406820877e-02
-4.372152722002820013e-02
-1.233859371608536648e-02
-4.415731066714867481e-02
-1.230570165692501661e-02
-4.459269044124525294e-02
-1.227851236168242544e-02
-4.502733690790849952e-02
-1.225754669288969811e-02
-4.546089643153450321e-02
-1.224335707826607056e-02
-4.589298974217703719e-02
-1.223652956651943846e-02
-4.632321017940910224e-02
-1.223768603365482655e-02
-4.675112180342688717e-02
-1.224748655151131072e-02
-4.717625736197617048e-02
-1.226663193175681066e-02
-4.759811610073816368e-02
-1.229586646141889172e-02
-4.801616140346909312e-02
-1.233598084491449587e-02
-4.842981824810388414e-02
-1.238781537152378043e-02
-4.883847046082467891e-02
-1.245226332689908233e-02
-4.924145775179256113e-02
-1.253027467120171323e-02
-4.963807251213392391e-02
-1.262286000629186944e-02
-5.002755635033895310e-02
-1.273109485917078842e-02
-5.040909634503276671e-02
-1.285612430962368435e-02
-5.078182098651407017e-02
-1.299916799394251754e-02
-5.114479577951613898e-02
-1.316152551983718055e-02
-5.149701847334320348e-02
-1.334458233046897924e-02
-5.183741388500084923e-02
-1.354981606140448491e-02
-5.216482827568147407e-02
-1.377880343718329570e-02
-5.247802323549577430e-02
-1.403322775972026815e-02
-5.277566903062630432e-02
-1.431488704822375668e-02
-5.305633735535819628e-02
-1.462570289358722242e-02
-5.331849343145345088e-02
-1.496773010179897057e-02
-5.356048738742380522e-02
-1.534316720581330173e-02
-5.378054484176253425e-02
-1.575436793632922772e-02
-5.397675660878453741e-02
-1.620385375403121664e-02
-5.414706743332997618e-02
-1.669432755649058464e-02
-5.428926365222230821e-02
-1.722868869001970005e-02
-5.440095966907065872e-02
-1.781004941529684693e-02
-5.447958312041586981e-02
-1.844175300022871111e-02
-5.452235860161919190e-02
-1.912739364794088792e-02
-5.452628982691409831e-02
-1.987083851491275310e-02
-5.448814008770627715e-02
-2.067625206610801403e-02
-5.440441058276712649e-02
-2.154812180943743716e-02
-5.427131068864241015e-02
-2.249125679129779232e-02
-5.408452168038438423e-02
-2.350678146719348272e-02
-5.390872461927526116e-02
-2.442223382665986708e-02
-5.388059266905480260e-02
-2.526200751553298041e-02
-5.392128108512589391e-02
-2.606915445792756802e-02
-5.401055924148084886e-02
-2.685825187034832084e-02
-5.413922947496635496e-02
-2.763744659448216789e-02
-5.430212346368702703e-02
-2.841217163764218900e-02
-5.449607195324424058e-02
-2.918644539715274655e-02
-5.471907041492685142e-02
-2.996346219773794728e-02
-5.496986896009052603e-02
-3.074590477189796667e-02
-5.524774717820037095e-02
-3.153612776443430465e-02
-5.555238114536914518e-02
-3.233627441582071632e-02
-5.588376105488057632e-02
-3.314835582934026748e-02
-5.624213883807095693e-02
-3.397430809972092070e-02
-5.662799472416475688e-02
-3.481603585058461181e-02
-5.704201646589700248e-02
-3.567544726468242777e-02
-5.748508752214835649e-02
-3.655448381254974843e-02
-5.795828194425138580e-02
-3.745514680581600586e-02
-5.846286458857441470e-02
-3.837952227499703828e-02
-5.900029583148820589e-02
-3.932980529515924667e-02
-5.957224033311916966e-02
-4.030832466280259707e-02
-6.018057966288938021e-02
-4.131756870653247038e-02
-6.082742880440237393e-02
-4.236021296469663633e-02
-6.151515673163696074e-02
