6.660295282619956014e-02
-6.750212919720126326e-02
6.866791709700402480e-02
-6.959301961480578169e-02
7.078531922909966911e-02
-7.173717756486754082e-02
7.295684106021370352e-02
-7.393632355701412751e-02
7.518424310903222552e-02
-7.619225917886908450e-02
7.746936946970164883e-02
-7.850687217659119144e-02
7.981415308753299354e-02
-8.088214193422652021e-02
8.222062145234902697e-02
-8.332014539005264120e-02
8.469090274908278038e-02
-8.582306343180799713e-02
8.722723251051318905e-02
-8.839318781840867223e-02
8.983196082197110466e-02
-9.103292868028659002e-02
9.250756013307280534e-02
-9.374482265703100448e-02
9.525663373906606557e-02
-9.653154173845056307e-02
9.808192500117478285e-02
-9.939590288221469838e-02
1.009863273838500219e-01
-1.023408784913157898e-01
1.039728953975715686e-01
-1.053696078451726026e-01
1.070448565461946111e-01
-1.084854095892288095e-01
1.102056243907606203e-01
-1.116917954025892223e-01
1.134588128569324061e-01
-1.149924849787753167e-01
1.168082519298523358e-01
-1.183914224729323839e-01
1.202580049003706408e-01
-1.218927945908493127e-01
1.238123873497362082e-01
-1.255010505191870851e-01
1.274759880859046568e-01
-1.292209239251235209e-01
1.312536922759300895e-01
-1.330574572876411232e-01
1.351507070559926360e-01
-1.370160288621473654e-01
1.391725899422835144e-01
-1.411023826257556402e-01
1.433252804170896955e-01
-1.453226616062837373e-01
1.476151351235757969e-01
-1.496834450616101042e-01
1.520489671730125836e-01
-1.541917900537421726e-01
1.566340901526760976e-01
-1.588552780530555764e-01
1.613783675217860536e-01
-1.636820673172170171e-01
1.662902682033677859e-01
-1.686809519218753772e-01
1.713789293248650369e-01
-1.738614284787303732e-01
1.766542272345921760e-01
-1.792337717686286747e-01
1.821268581334092862e-01
-1.848091207524356905e-01
1.878084299210057151e-01
-1.905995767092577287e-01
1.937115671735244460e-01
-1.966183156046051872e-01
1.998500315629062052e-01
-2.028797172287366557e-01
2.062388605148991749e-01
-2.093995141885011124e-01
2.128945275111731594e-01
-2.161949645177432822e-01
2.198351282053769007e-01
-2.232850525298631927e-01
2.270805974897750490e-01
-2.306907236261606653e-01
2.346529638807520746e-01
-2.384351601679775556e-01
2.425766491741329633e-01
-2.465441073190027532e-01
2.508788233691864877e-01
-2.550462601016388331e-01
2.595898275372304220e-01
-2.639737259826582250e-01
2.687436808430665458e-01
-2.733625813749037681e-01
2.783786926371749071e-01
-2.832535459030088298e-01
2.885382068898917907e-01
-2.936928056921866981e-01
2.992715149181799372e-01
-3.047330271345737307e-01
3.106349843789878995e-01
-3.164346168127018522e-01
3.226934694108545276e-01
-3.288673034318487232e-01
3.355220909880863855e-01
-3.421121467203366295e-01
3.492085117752162793e-01
-3.562641210761437471e-01
3.638558821213457861e-01
-3.714354860611523979e-01
3.795867133594703624e-01
-3.877602546992606758e-01
3.965480582793142750e-01
-4.054002262388325395e-01
4.149185760238994769e-01
-4.245533018318874419e-01
4.349183822950939970e-01
-4.454652203653273190e-01
4.568231320140385687e-01
-4.684465693795809016e-01
4.809847326110663346e-01
-4.938981960924053172e-01
5.078627979806629167e-01
-5.223504707267344616e-01
5.380741489959425250e-01
-5.545262857270205625e-01
5.724738815293396454e-01
-5.914464890027084643e-01
6.122941901246441443e-01
-6.346148953155674732e-01
6.593944170573139418e-01
-6.863610141837048761e-01
7.167385422726297861e-01
-7.505165079007311002e-01
7.893723345398990787e-01
-8.338555597708756650e-01
8.865964804407957534e-01
-9.494531103899386260e-01
1.027292975509674466e+00
-1.125334655246811977e+00
1.254210928929861746e+00
-1.427839615025183528e+00
1.668699542563367499e+00
-1.992344422412744009e+00
2.359037372540531585e+00
-2.594957358483329202e+00
2.574189440815038310e+00
-2.402814352729150560e+00
2.209794884318428743e+00
-2.040410082999379870e+00
1.901083952307585978e+00
-1.786987413948042391e+00
1.692995918902734598e+00
-1.614162073127913821e+00
1.547381415313839881e+00
-1.489717432128101482e+00
1.439625941114708318e+00
-1.395302902553131608e+00
1.356034345750015246e+00
-1.320600887219351538e+00
1.288732523645053085e+00
-1.259521313186283020e+00
1.232947138604878923e+00
-1.208275728521701176e+00
1.185635576170160244e+00
-1.164393432535779205e+00
1.144770803931980829e+00
-1.126195332710824282e+00
1.108949490963464957e+00
-1.092498699042064647e+00
1.077167088668193440e+00
-1.062444054047388065e+00
1.048683285102121054e+00
-1.035389641592491916e+00
1.022938508374356736e+00
-1.010844820288572254e+00
9.995003769402102112e-01
-9.884266897409804686e-01
9.780283188174265785e-01
-9.678310331908259734e-01
9.582495536239283851e-01
-9.488123413366520431e-01
9.399423806388838010e-01
-9.311697517071959584e-01
9.229242859517863273e-01
-9.147369372317399883e-01
9.070433042571025561e-01
-8.993746918392651057e-01
8.921716272507067558e-01
-8.849653970090548549e-01
8.782007943883550771e-01
-8.714088257558321171e-01
8.650380190191326868e-01
-8.586189146308655928e-01
8.526033431555400943e-01
-8.465212478694489340e-01
8.408274065091461136e-01
-8.350510733051677015e-01
8.296496774030361898e-01
-8.241517207967903325e-01
8.190170355250021572e-01
-8.137733291456025198e-01
8.088826259059503920e-01
-8.038718121459390575e-01
7.992049242678196386e-01
-7.944080119482859192e-01
7.899469687444393706e-01
-7.853470005512948049e-01
7.810757237686519749e-01
-7.766574994793067344e-01
7.725615498456303021e-01
-7.683113945216460960e-01
7.643777588229820896e-01
-7.602833275138817237e-01
7.565002386986372507e-01
-7.525503509962746529e-01
7.489071353706984180e-01
-7.450916345266334062e-01
7.415785813114759151e-01
-7.378882136867404018e-01
7.344964631367147945e-01
-7.309227745756851080e-01
7.276442215924494583e-01
-7.241794679611528451e-01
7.210066787077008543e-01
-7.176437483431725717e-01
7.145698878139817856e-01
-7.113022340363950313e-01
7.083210029096609350e-01
-7.051425850765206116e-01
7.022481644576064053e-01
-6.991533962954102899e-01
6.963403991999117526e-01
-6.933241033618795512e-01
6.905875319741244800e-01
-6.876448999444678689e-01
6.849801078459825110e-01
-6.821066644517089772e-01
6.795093231390463284e-01
-6.767008950449325821e-01
6.741669641613525776e-01
-6.714196518188226825e-01
6.689453526126150074e-01
-6.662555052138660061e-01
6.638372968070984648e-01
-6.612014898595865997e-01
6.588360479709132189e-01
-6.562510631636888636e-01
6.539352609813371409e-01
-6.513980680609088303e-01
6.491289590011287691e-01
-6.466366994114254307e-01
6.444115015365280419e-01
-6.419614736134759969e-01
6.397775555117812818e-01
-6.373672010475179839e-01
6.352220690035372819e-01
-6.328489610215559669e-01
6.307402473277337052e-01
-6.284020789282673825e-01
6.263275312061800104e-01
-6.240221053604315671e-01
6.219795767775095907e-01
-6.197047969617036633e-01
6.176922372412720907e-01
-6.154460988159483614e-01
6.134615459506005397e-01
-6.112421282001603284e-01
6.092837007898206370e-01
-6.070891595482110770e-01
6.051550496910363952e-01
-6.029836104847851042e-01
6.010720771566924192e-01
-5.989220288058094699e-01
5.970313916722478353e-01
-5.949010802947174437e-01
5.930297139027689290e-01
-5.909175372725266051e-01
5.890638655754025788e-01
-5.869682677892145151e-01
5.851307589602958714e-01
-5.830502253708722549e-01
5.812273868673542010e-01
-5.791604392455707018e-01
5.773508130843839625e-01
-5.752960049729466396e-01
5.734981631841598038e-01
-5.714540754100722042e-01
5.696666156343921372e-01
-5.676318519458989353e-01
5.658533931445479670e-01
-5.638265759431206892e-01
5.620557541895896403e-01
-5.600355203240153790e-01
5.582709846461566539e-01
-5.562559812395402314e-01
5.544963894832248830e-01
-5.524852697618847230e-01
5.507292844445202951e-01
-5.487207035373866670e-01
5.469669876605544045e-01
-5.449595983366994911e-01
5.432068111251353582e-01
-5.411992594361685338e-01
5.394460519692110267e-01
-5.374369727602652524e-01
5.356819834593979923e-01
-5.336699957109598547e-01
5.319118456443734377e-01
-5.298955476033531120e-01
5.281328355654548723e-01
-5.261107996201466186e-01
5.243420969388350450e-01
-5.223128641881717993e-01
5.205367092097040738e-01
-5.184987836713601528e-01
5.167136758640250571e-01
-5.146655182585831989e-01
5.128699118713579974e-01
-5.108099329130855182e-01
5.090022301174971231e-01
-5.069287832329951726e-01
5.051073266646159965e-01
-5.030187000481334270e-01
5.011817646547582772e-01
-4.990761725578547470e-01
4.972219566466886675e-01
-4.950975297842656331e-01
4.932241451458938553e-01
-4.910789200830626977e-01
4.891843810508544887e-01
-4.870162884152873239e-01
4.850984996988956799e-01
-4.829053510394841209e-01
4.809620941470851840e-01
-4.787415672348628304e-01
4.767704852731194376e-01
-4.745201076100920567e-01
4.725186882215202111e-01
-4.702358184932126095e-01
4.682013746627500250e-01
-4.658831818397236035e-01
4.638128302761774790e-01
-4.614562700446416255e-01
4.593469068245032982e-01
-4.569486950106469436e-01
4.547969681736011016e-01
-4.523535508421493434e-01
4.501558296698902062e-01
-4.476633496413277569e-01
4.454156904635501180e-01
-4.428699501564301588e-01
4.405680587751697463e-01
-4.379644796174839705e-01
4.356036709232876669e-01
-4.329372502199642647e-01
4.305124064648661042e-01
-4.277776737880361058e-01
4.252832045850532539e-01
-4.224741818593437115e-01
4.199039918019822348e-01
-4.170141649442800080e-01
4.143616396428005944e-01
-4.113839559967787940e-01
4.086419857509897557e-01
-4.055689024771787499e-01
4.027299771339287737e-01
-3.995536042321561343e-01
3.966100369339942144e-01
-3.933224496625916666e-01
3.902668275169614565e-01
-3.868606746086497572e-01
3.836867008433930137e-01
-3.801563195813058016e-01
3.768603200016323873e-01
-3.732037058291775011e-01
3.697872453405874893e-01
-3.660094394944769514e-01
3.624837640256017846e-01
-3.586025534934654813e-01
3.549959772238963640e-01
-3.510512833953936540e-01
3.474212062822798486e-01
-3.434901660801727985e-01
3.399420534358127410e-01
-3.361623255836060364e-01
3.328781020468954410e-01
-3.294809464751501382e-01
3.267556146185918164e-01
-3.241003929494234437e-01
3.223610338706496270e-01
-3.209029607713396737e-01
3.205377870270801344e-01
-3.202952627485944337e-01
3.201767128322491329e-01
-3.167643278642048310e-01
3.036710830790451121e-01
-2.617845858043944540e-01
1.599938057328567642e-01
0.000000000000000000e+00
-1.168130955947075944e-01
1.395521786595594338e-01
-1.181834841834562000e-01
9.002149939632797526e-02
-6.641516111917561416e-02
4.853326173855410097e-02
-3.543167097286836764e-02
2.593394137424864798e-02
-1.898065176685698185e-02
1.397750170359868260e-02
-1.023997914513113949e-02
7.591307064947094840e-03
-5.543644151966731215e-03
4.146566385901218066e-03
-2.999538847168581324e-03
2.277384501050028209e-03
-1.614927289147527478e-03
1.260352492292615700e-03
-8.596586201782274728e-04
7.066469366524275042e-04
-4.472844510566287290e-04
4.054317327100986912e-04
-2.220246280187077037e-04
2.418722069345569103e-04
-9.890284127891946220e-05
1.533138883610396519e-04
-3.151922514307847756e-05
1.055672252506523190e-04
5.459336428120797891e-06
7.998921838284211994e-05
2.585532300494741698e-05
6.642644637747108227e-05
3.720464277849611090e-05
5.935732867218268538e-05
4.361276996586727073e-05
5.578424559501971025e-05
4.731517143433117134e-05
5.408299159173624027e-05
4.952892585152746108e-05
5.337559335011343720e-05
5.091696131692691196e-05
5.318890213276694645e-05
5.184083748743795184e-05
5.326901248034476843e-05
5.249824952799353461e-05
5.348052934173175288e-05
5.299776314002246913e-05
5.375197088117178446e-05
5.339940982185265028e-05
5.404622313803786327e-05
5.373673128658551512e-05
5.434457975778128613e-05
5.402875144869256907e-05
5.463813882530810240e-05
5.428648232980171073e-05
5.492317841596094929e-05
5.451646435469803542e-05
5.519868061271138160e-05
5.472269740669499782e-05
5.546501349210086751e-05
5.490769825394758996e-05
5.572323576172322213e-05
5.507308291208268258e-05
5.597473532525931716e-05
5.521989009055205955e-05
5.622104609526168417e-05
5.534876293875057307e-05
5.646375948711868098e-05
5.546005269235765311e-05
5.670448563782626294e-05
5.555387907058007002e-05
5.694484036380953462e-05
5.563016607856852147e-05
5.718644535418482278e-05
5.568866369057290377e-05
5.743093468410509495e-05
5.572896117511660918e-05
5.767996429784094659e-05
5.575049513828478354e-05
5.793522272204421064e-05
5.575255422077263212e-05
5.819844200952162261e-05
5.573428146493641933e-05
5.847140865591904380e-05
5.569467489829893481e-05
5.875597435656132461e-05
5.563258673013660172e-05
5.905406656969702794e-05
5.554672138741167942e-05
5.936769887032733450e-05
5.543563267795814653e-05
5.969898106122917270e-05
5.529772014062350749e-05
6.005012932397413294e-05
5.513122442596385397e-05
6.042347642509771077e-05
5.493422207036857685e-05
6.082148187808167350e-05
5.470461952336580502e-05
6.124674235424842905e-05
5.444014644220840360e-05
6.170200228167166401e-05
5.413834837353359575e-05
6.219016461361803749e-05
5.379657876292132102e-05
6.271430200804894994e-05
5.341199026359655377e-05
6.327766827068925792e-05
5.298152545124557022e-05
6.388371023929861892e-05
5.250190676381327748e-05
6.453608017903400551e-05
5.196962573528196572e-05
6.523864865060069462e-05
5.138093155704348547e-05
6.599551787234148037e-05
5.073181891496192364e-05
6.681103575045810317e-05
5.001801493254021125e-05
6.768981059479539653e-05
4.923496537767579895e-05
6.863672643092622039e-05
4.837782009547986206e-05
6.965695910221558762e-05
4.744141739054796858e-05
7.075599331940463088e-05
4.642026755635741964e-05
7.193964032509159168e-05
4.530853556733438481e-05
7.321405659621582629e-05
4.410002253246725346e-05
7.458576367191938061e-05
4.278814603531078120e-05
7.606166895185451082e-05
4.136591941178435761e-05
7.764908764473776870e-05
3.982592977047616500e-05
7.935576584827686020e-05
3.816031480191606207e-05
8.118990496691624870e-05
3.636073811502660291e-05
8.316018754123133405e-05
3.441836305129175599e-05
8.527580465889084138e-05
3.232382498619124078e-05
8.754648468300985087e-05
3.006720211762292649e-05
8.998252387337757341e-05
2.763798416466345387e-05
9.259481886575438025e-05
2.502503936735456236e-05
9.539490090820779145e-05
2.221657951712030510e-05
9.839497217356552028e-05
1.920012275691274084e-05
1.016079443976192209e-04
1.596245404611451590e-05
1.050474797766320911e-04
1.248958325217319754e-05
1.087280344682639566e-04
8.766700427820239838e-06
1.126649049448258388e-04
4.778128221027966305e-06
1.168742771510689060e-04
5.072714808762590621e-07
1.213732787183063877e-04
-4.063436592927072155e-06
1.261800346692432129e-04
-8.952591651734120859e-06
1.313137266379937884e-04
-1.417987938157061478e-05
1.367946563403110716e-04
-1.976614088766703858e-05
1.426443130696508632e-04
-2.573344219813922251e-05
1.488854457251109764e-04
-3.210514866308633586e-05
1.555421397551048912e-04
-3.890600436434743514e-05
1.626398995060451824e-04
-4.616221728764857701e-05
1.702057364071918322e-04
-5.390155043932809420e-05
1.782682634130505761e-04
-6.215341962195752856e-05
1.868577963862194657e-04
-7.094899826803890974e-05
1.960064626441715419e-04
-8.032132982682682609e-05
2.057483176339802711e-04
-9.030544877480783938e-05
2.161194705700419938e-04
-1.009385108611260407e-04
2.271582195429999729e-04
-1.122599332001317229e-04
2.389051970723699014e-04
-1.243115454012677645e-04
2.514035271281023221e-04
-1.371377527438211175e-04
2.646989950090827826e-04
-1.507857128900669252e-04
2.788402311030835357e-04
-1.653055268308056824e-04
2.938789095890959047e-04
-1.807504458086195420e-04
3.098699641541080574e-04
-1.971770961444740955e-04
3.268718224328504007e-04
-2.146457236209542430e-04
3.449466609236617742e-04
-2.332204595213438481e-04
3.641606829464238970e-04
-2.529696110689649835e-04
3.845844222021277403e-04
-2.739659786302195421e-04
4.062930745110659991e-04
-2.962872029664831430e-04
4.293668616703327778e-04
-3.200161465347628464e-04
4.538914312082198421e-04
-3.452413126872055926e-04
4.799582962702886313e-04
-3.720573075940980523e-04
5.076653211499304597e-04
-4.005653507292983306e-04
5.371172582755434632e-04
-4.308738401626044379e-04
5.684263439705294907e-04
-4.630989808948049458e-04
6.017129615892291561e-04
-4.973654850449205078e-04
6.371063814410993231e-04
-5.338073544430832484e-04
6.747455893181264486e-04
-5.725687586315419964e-04
7.147802179459095129e-04
-6.138050238598813380e-04
7.573715980718764840e-04
-6.576837513149191849e-04
8.026939495729967788e-04
-7.043860873692242563e-04
8.509357377559645386e-04
-7.541081734111498847e-04
9.023012252752371509e-04
-8.070628094904996885e-04
9.570122581634699088e-04
-8.634813744291536253e-04
1.015310333463914638e-03
-9.236160562479112102e-04
1.077459009648062960e-03
-9.877424618103258780e-04
1.143746737421458270e-03
-1.056162693929829643e-03
1.214490212187224749e-03
-1.129209012541654289e-03
1.290038382372848957e-03
-1.207248234672997356e-03
1.370777293131286712e-03
-1.290687083112418421e-03
1.457136012260829006e-03
-1.379978775094992116e-03
1.549593983699804056e-03
-1.475631263210819277e-03
1.648690304354993863e-03
-1.578217729235054101e-03
1.755035657563408513e-03
-1.688390233057113221e-03
1.869328022327199079e-03
-1.806897917286942601e-03
1.992373927879320661e-03
-1.934612026028958987e-03
2.125118166848294354e-03
-2.072561537674266763e-03
2.268686981479417497e-03
-2.221986111187734814e-03
2.424453792861269719e-03
-2.384418801350096651e-03
2.594144842589907185e-03
-2.561823169498378405e-03
2.780020299701979614e-03
-2.756837143266965828e-03
2.985209619582651630e-03
-2.973245017695247405e-03
3.214392952242128842e-03
-3.216988391814945558e-03
3.475343392373764217e-03
-3.498575991566665877e-03
3.782717947734437480e-03
-3.838747205402032181e-03
4.164620931640633517e-03
-4.269166261609891322e-03
4.642494902666244316e-03
-4.784749536522997504e-03
5.184614929938186068e-03
-5.345312517391842544e-03
5.759102130200838277e-03
-5.931065043629751843e-03
6.354801160729339760e-03
-6.535795137976641023e-03
6.968203263391148372e-03
-7.157499303748260377e-03
7.598172982720807767e-03
-7.795561081807567128e-03
8.244414437894087566e-03
-8.449888374833292026e-03
8.906968404161108577e-03
-9.120610611845936244e-03
9.586024806487014605e-03
-9.807959909744645710e-03
1.028184592704262101e-02
-1.051222065969079078e-02
1.099473288139474203e-02
-1.123370701039866359e-02
1.172501038078688218e-02
-1.197275250647908407e-02
1.247301967130015621e-02
-1.272970528360661824e-02
1.323911528316748520e-02
-1.350492589673110699e-02
1.402366361262941119e-02
-1.429878643193652210e-02
1.482704240899293535e-02
-1.511167026115853296e-02
1.564964072155429486e-02
-1.594397212831895339e-02
1.649185908772486664e-02
-1.679609841325949149e-02
1.735410985428796626e-02
-1.766846749723149923e-02
1.823681757792233737e-02
-1.856151019195260987e-02
1.914041947825990964e-02
-1.947567021336739368e-02
2.006536593022181791e-02
-2.041140469127107615e-02
2.101212099011766365e-02
-2.136918471103609052e-02
2.198116295261921815e-02
-2.234949588589695002e-02
2.297298493864527447e-02
-2.335283896042858465e-02
2.398809551456927702e-02
-2.437973044579833104e-02
2.502701934419084007e-02
-2.543070328890768839e-02
2.609029787546217338e-02
-2.650630757699627693e-02
2.717849006344855156e-02
-2.760711127941299636e-02
2.829217313173756909e-02
-2.873370102935761394e-02
2.943194337524610016e-02
-2.988668294824357863e-02
3.059841700674235943e-02
-3.106668351495030234e-02
3.179223104984572890e-02
-3.227435048335192125e-02
3.301404428181091422e-02
-3.351035385090805896e-02
3.426453822899500068e-02
-3.477538688204638573e-02
3.554441821921022759e-02
-3.607016719010468220e-02
3.685441449426309080e-02
-3.739543788148506215e-02
3.819528338700702019e-02
-3.875196876662401202e-02
3.956780856761152321e-02
-4.014055764262661891e-02
4.097280236380288626e-02
-4.156203165221690476e-02
4.241110716013683779e-02
-4.301724872465299832e-02
4.388359688223199273e-02
-4.450709910471102593e-02
4.539117857222738778e-02
-4.603250697601093261e-02
4.693479406202838433e-02
-4.759443218600759723e-02
4.851542175212306823e-02
-4.919387208019337931e-02
5.013407850328132492e-02
-5.083186345329929190e-02
5.179182165001183086e-02
-5.250948462729241456e-02
5.348975114569423650e-02
-5.422785766573533922e-02
5.522901184912448053e-02
-5.598815073526875602e-02
5.701079596428774293e-02
-5.779158062637727855e-02
5.883634564550741658e-02
-5.963941544584403648e-02
6.070695578112112606e-02
-6.153297749526092514e-02
6.262397697116303674e-02
-6.347364635134263022e-02
6.458881871484609127e-02
-6.546286216485450171e-02
