1.00000000007394
0.941052401539774
0.89041148329919
0.846676566429013
0.808707208529245
0.775571168704231
0.746503476192198
0.720874085075578
0.698162201554761
0.677935821698143
0.659835356782434
0.643560479533959
0.628859519110929
0.615520881107255
0.603366082693713
0.592244080728046
0.582026638572577
0.572604530160249
0.563884421088891
0.555786298865717
0.548241349886006
0.541190200859287
0.534581458359721
0.528370492886021
0.522518423968433
0.51699127099347
0.511759240949529
0.506796129570064
0.502078816603494
0.497586839392627
0.493302031747657
0.489208217379837
0.485290949027055
0.481537285924793
0.47793560352928
0.474475430423063
0.471147308180513
0.467942670668866
0.464853739834804
0.461873435506198
0.458995297133814
0.456213415726138
0.453522374506732
0.450917197050115
0.448393301844825
0.445946462391556
0.443572772079062
0.441268613192353
0.439030629503507
0.436855701974983
0.434740927173532
0.432683598048864
0.430681186779505
0.428731329433151
0.426831812216851
0.424980559130121
0.423175620852415
0.421415164723609
0.419697465692085
0.418020898120826
0.416383928357031
0.41478510798259
0.413223067671168
0.411696511588506
0.410204212280331
0.408745005996175
0.407317788406838
0.405921510675487
0.404555175849076
0.403217835537648
0.401908586856111
0.400626569602318
0.399370963651507
0.398140986546128
0.396935891264339
0.395754964151452
0.39459752300057
0.393462915268724
0.392350516417819
0.391259728370893
0.390189978072015
0.389140716143947
0.388111415634001
0.387101570842457
0.386110696225872
0.38513832537084
0.384184010032114
0.383247319230201
0.38232783840516
0.381425168620631
0.380538925816342
0.379668740104933
0.378814255109259
0.377975127338742
0.377151025601336
0.376341630448335
0.375546633650856
0.374765737704807
0.373998655363691
0.373245109195643
0.372504831165681
0.371777562238992
0.371063052005362
0.37036105832361
0.369671346984224
0.368993691388491
0.368327872245143
0.367673677280909
0.367030900966633
0.366399344255858
0.365778814336866
0.365169124396334
0.364570093394297
0.363981545850327
0.36340331163902
0.36283522579541
0.362277128329723
0.361728864049843
0.361190282392723
0.360661237262879
0.360141586878147
0.35963119362267
0.359129923906087
0.358637648028911
0.358154240053894
0.357679577682794
0.357213542138696
0.356756018052979
0.356306893357498
0.355866059181026
0.355433409749884
0.355008842293226
0.35459225695187
0.354183556690653
0.353782647215038
0.353389436890356
0.353003836665069
0.352625759996359
0.352255122779252
0.351891843278548
0.35153584206279
0.351187041941887
0.350845367906397
0.350510747069295
0.350183108610368
0.349862383722807
0.349548505560922
0.349241409191379
0.34894103154501
0.348647311371286
0.348360189194185
0.34807960726991
0.347805509546289
0.34753784162311
0.347276550715288
0.347021585615995
0.346772896662251
0.346530435701318
0.346294156058781
0.346064012507105
0.345839961236546
0.345621959826362
0.345409967217277
0.345203943685298
0.345003850816349
0.344809651482256
0.344621309816821
0.344438791194259
0.344262062207158
0.344091090646041
0.343925845480255
0.34376629683826
0.343612415990078
0.343464175330043
0.343321548360272
0.343184509674865
0.343053034944907
0.342927100904402
0.342806685336327
0.342691767059908
0.342582325918363
0.342478342767067
0.34237979946291
0.342286678853501
0.342198964767684
0.342116642006144
0.342039696333196
0.341968114468103
0.341901884078141
0.341840993771313
0.341785433090494
0.341735192506864
0.3416902634151
0.341650638128398
0.341616309874538
0.341587272791413
0.341563521924553
0.341545053223907
0.341531863541658
0.341523950630916
0.341521313143683
0.341523950630918
0.341531863541659
0.341545053223905
0.341563521924544
0.341587272791416
0.341616309874539
0.341650638128398
0.341690263415102
0.341735192506863
0.341785433090486
0.341840993771326
0.34190188407814
0.341968114468094
0.342039696333206
0.342116642006147
0.342198964767682
0.342286678853508
0.342379799462911
0.342478342767067
0.342582325918359
0.342691767059904
0.342806685336319
0.342927100904387
0.343053034944901
0.343184509674864
0.343321548360265
0.343464175330037
0.343612415990063
0.343766296838258
0.343925845480255
0.344091090646026
0.344262062207153
0.344438791194233
0.344621309816809
0.344809651482249
0.345003850816335
0.3452039436853
0.345409967217257
0.345621959826352
0.345839961236556
0.346064012507103
0.34629415605878
0.346530435701315
0.346772896662235
0.347021585615988
0.347276550715276
0.347537841623108
0.347805509546267
0.348079607269905
0.348360189194182
0.348647311371285
0.348941031545018
0.349241409191364
0.349548505560914
0.349862383722784
0.350183108610359
0.350510747069267
0.350845367906364
0.351187041941893
0.351535842062765
0.351891843278528
0.352255122779239
0.352625759996332
0.353003836665055
0.353389436890353
0.353782647215041
0.354183556690671
0.354592256951858
0.35500884229321
0.355433409749853
0.355866059180989
0.356306893357499
0.356756018052967
0.357213542138692
0.357679577682792
0.358154240053878
0.358637648028908
0.35912992390606
0.359631193622641
0.360141586878139
0.360661237262847
0.361190282392711
0.361728864049841
0.362277128329705
0.362835225795417
0.363403311639014
0.363981545850331
0.364570093394287
0.365169124396327
0.365778814336864
0.366399344255864
0.367030900966615
0.367673677280917
0.368327872245132
0.368993691388472
0.369671346984212
0.370361058323618
0.371063052005317
0.371777562238982
0.372504831165693
0.37324510919564
0.373998655363667
0.374765737704813
0.375546633650868
0.376341630448346
0.377151025601335
0.377975127338737
0.378814255109235
0.379668740104917
0.380538925816342
0.381425168620623
0.382327838405135
0.383247319230183
0.384184010032095
0.385138325370825
0.386110696225865
0.387101570842447
0.38811141563399
0.389140716143937
0.390189978072
0.391259728370878
0.392350516417809
0.393462915268716
0.394597523000561
0.39575496415144
0.396935891264329
0.398140986546122
0.399370963651495
0.400626569602319
0.401908586856109
0.403217835537638
0.404555175849061
0.405921510675478
0.407317788406826
0.408745005996181
0.410204212280316
0.411696511588504
0.413223067671162
0.414785107982587
0.416383928357016
0.418020898120794
0.419697465692095
0.421415164723611
0.423175620852406
0.424980559130105
0.426831812216832
0.428731329433137
0.430681186779497
0.432683598048854
0.434740927173533
0.436855701974967
0.43903062950349
0.441268613192332
0.443572772079029
0.44594646239152
0.448393301844808
0.45091719705009
0.453522374506727
0.456213415726128
0.458995297133796
0.461873435506171
0.464853739834799
0.467942670668857
0.471147308180501
0.474475430423036
0.477935603529257
0.481537285924752
0.485290949027023
0.489208217379836
0.49330203174765
0.497586839392608
0.502078816603454
0.506796129570033
0.511759240949497
0.516991270993441
0.522518423968385
0.52837049288598
0.534581458359683
0.541190200859267
0.548241349885973
0.555786298865651
0.563884421088839
0.572604530160208
0.582026638572538
0.592244080728029
0.603366082693684
0.615520881107205
0.628859519110871
0.643560479533894
0.659835356782395
0.677935821698069
0.698162201554653
0.720874085075487
0.746503476192075
0.775571168704142
0.808707208529142
0.846676566428874
0.890411483299199
0.941052401539782
1.00000000007394
