8.539943165255386992e-05
3.671247864349760914e-04
4.380040770343915368e-04
8.673723031671978778e-04
8.090129554206917928e-04
1.381038456946336035e-03
1.199583803611133093e-03
1.909474171069243387e-03
1.611010877684913856e-03
2.454167013610723813e-03
2.044742944808393414e-03
3.016761732176700961e-03
2.502404551173897929e-03
3.599084254108736447e-03
2.985821224207728386e-03
4.203169907539841543e-03
3.497049433379771644e-03
4.831296802813044022e-03
4.038412346485172055e-03
5.486025552227290214e-03
4.612542692359396235e-03
6.170246816128328871e-03
5.222434397983609367e-03
6.887238570553795569e-03
5.871505136947126335e-03
7.640735529092029799e-03
6.563672547181820249e-03
8.435013868213742105e-03
7.303447707536520062e-03
9.274995369491279007e-03
8.096050585835540270e-03
1.016637640241394025e-02
8.947553705006355829e-03
1.111578897065225446e-02
9.865062393229789839e-03
1.213100354649476742e-02
1.085694294657527093e-02
1.322118693766949349e-02
1.193311423038570518e-02
1.439723345311103020e-02
1.310542427704769475e-02
1.567219490549440208e-02
1.438814223954354432e-02
1.706184568603974494e-02
1.579860912128699946e-02
1.858543516637645165e-02
1.735811044360813238e-02
2.026670413254880176e-02
1.909306445811043140e-02
2.213528007737627923e-02
2.103666752293326114e-02
2.422862702199232721e-02
2.323121587396381749e-02
2.659482522156081385e-02
2.573145199637535963e-02
2.929662428191615042e-02
2.860950490197097795e-02
3.241750646934990487e-02
3.196238625045150217e-02
3.607102800065342674e-02
3.592373020147932028e-02
4.041571018225958989e-02
4.068287122919234111e-02
4.567974905379279527e-02
4.651723158951470705e-02
5.220402642675955884e-02
5.385027282278773142e-02
6.052145702176628395e-02
6.336210696325877967e-02
7.151433340560719998e-02
7.621851957014300072e-02
8.675657192040972521e-02
9.459826292322329189e-02
1.093557793502318021e-01
1.230967257268781312e-01
1.464188654631286834e-01
1.733512081805362870e-01
2.185057192382846014e-01
2.857926604915475011e-01
4.195206490413404543e-01
7.588536143832229630e-01
4.288226843988462988e+00
-4.624823838994002401e+00
2.000555967910872646e+00
-2.397184417782896482e+00
1.559999291231074281e+00
-1.837262369544379048e+00
1.351551626028056008e+00
-1.565883339303767663e+00
1.226933421953926295e+00
-1.402762153507066900e+00
1.143624810396009828e+00
-1.293395245133706517e+00
1.084210204006524014e+00
-1.215103876453722087e+00
1.040063953667195396e+00
-1.156602934645840630e+00
1.006366182983134738e+00
-1.111584688334963822e+00
9.801874248150779234e-01
-1.076221754168018130e+00
9.596330037104678912e-01
-1.048045017209161767e+00
9.434173863220438605e-01
-1.025384057537504168e+00
9.306345017086401494e-01
-1.007065057139870268e+00
9.206256465074200701e-01
-9.922371719862014272e-01
9.128995016063921053e-01
-9.802675414844542745e-01
9.070816005880829591e-01
-9.706750748232955139e-01
9.028812458204493741e-01
-9.630871862785774784e-01
9.000691786893650903e-01
-9.572106565808891077e-01
8.984621077293351021e-01
-9.528114874896321806e-01
8.979117401852156899e-01
-9.497006519892315923e-01
8.982968482027934298e-01
-9.477238094946822677e-01
8.995174268133255824e-01
-9.467537488834116832e-01
9.014903231107060932e-01
-9.466847465391086125e-01
9.041459191672585050e-01
-9.474282931629463000e-01
9.074255819702964354e-01
-9.489098150053951741e-01
9.112796800584340717e-01
-9.510661285121538855e-01
9.156660245280607846e-01
-9.538434429868207776e-01
9.205486316562175864e-01
-9.571957778251116711e-01
9.258967322260177601e-01
-9.610836972591551008e-01
9.316839718428555628e-01
-9.654732903181221237e-01
9.378877607359970003e-01
-9.703353426126006820e-01
9.444887416013421078e-01
-9.756446588788404428e-01
9.514703512795856799e-01
-9.813795057227431284e-01
9.588184578671955505e-01
-9.875211502125047502e-01
9.665210587480336235e-01
-9.940534762408270719e-01
9.745680281789008692e-01
-1.000962663747772208e+00
9.829509056032001979e-01
-1.008236919510949958e+00
9.916627175573604625e-01
-1.015866250417968519e+00
1.000697827352221347e+00
-1.023842271924845226e+00
1.010051808153481723e+00
-1.032158045810174007e+00
1.019721335587126410e+00
-1.040807942539059283e+00
1.029704097037807964e+00
-1.049787524307399522e+00
1.039998715011664299e+00
-1.059093445862394844e+00
1.050604682550185354e+00
-1.068723370229722303e+00
1.061522309303266631e+00
-1.078675897434175468e+00
1.072752676566180785e+00
-1.088950504364162741e+00
1.084297600358433922e+00
-1.099547494521956992e+00
1.096159601581569998e+00
-1.110467956111813592e+00
1.108341882503040443e+00
-1.121713727994067655e+00
1.120848308913799940e+00
-1.133287372212274491e+00
1.133683397496956236e+00
-1.145192152750138082e+00
1.146852308072465076e+00
-1.157432019807288714e+00
1.160360840250265202e+00
-1.170011599338923070e+00
1.174215434389399570e+00
-1.182936187443005105e+00
1.188423176758660604e+00
-1.196211749132925384e+00
1.202991808641645566e+00
-1.209844921909325910e+00
1.217929739513424980e+00
-1.223843023459165069e+00
1.233246064366913419e+00
-1.238214063810314070e+00
1.248950585185993001e+00
-1.252966761995886635e+00
1.265053836978009771e+00
-1.268110567500924990e+00
1.281567118635297486e+00
-1.283655686751018710e+00
1.298502529228107383e+00
-1.299613115419431031e+00
1.315873010868315873e+00
-1.315994677800957247e+00
1.333692399668061856e+00
-1.332813076254565798e+00
1.351975491276802499e+00
-1.350081963375843408e+00
1.370738133435025263e+00
-1.367816013052413515e+00
1.389997264269645871e+00
-1.386030925097009092e+00
1.409770940567914410e+00
-1.404743472371321023e+00
1.430078409075471235e+00
-1.423971567870412569e+00
1.450940187228987543e+00
-1.443734339029055569e+00
1.472378152301907939e+00
-1.464052210148149902e+00
1.494415639960235742e+00
-1.484946993718056607e+00
1.517077553181839233e+00
-1.506441991423393301e+00
1.540390482778067005e+00
-1.528562106176330815e+00
1.564382840842989397e+00
-1.551333966207149917e+00
1.589085008463329451e+00
-1.574786062784216067e+00
1.614529499955428715e+00
-1.598948902993484023e+00
1.640751144950085560e+00
-1.623855179818582961e+00
1.667787291368339142e+00
-1.649539961271418109e+00
1.695678031567108279e+00
-1.676040901519464610e+00
1.724466454847835895e+00
-1.703398476589421229e+00
1.754198930113305632e+00
-1.731656248330297521e+00
1.784925422931003425e+00
-1.760861160273222037e+00
1.816699851827841217e+00
-1.791063870500818611e+00
1.849580489773630321e+00
-1.822319126497826014e+00
1.883630417661560585e+00
-1.854686188663065893e+00
1.918918037906691465e+00
-1.888229309868887817e+00
1.955517657932237530e+00
-1.923018280248359746e+00
1.993510154553486124e+00
-1.959129047789364142e+00
2.032983733675671534e+00
-1.996644427512418218e+00
2.074034800935320444e+00
-2.035654914593144404e+00
2.116768963805785830e+00
-2.076259619845648885e+00
2.161302188670389590e+00
-2.118567350235916358e+00
2.207762142203416378e+00
-2.162697861659988341e+00
2.256289753225458217e+00
-2.208783317021596471e+00
2.307041038681417078e+00
-2.256969991725701341e+00
2.360189248567510667e+00
-2.307420277160305400e+00
2.415927397819490619e+00
-2.360315046059867861e+00
2.474471270793758393e+00
-2.415856459822239621e+00
2.536063006424781996e+00
-2.474271319722600282e+00
2.600975401398591291e+00
-2.535815090637772329e+00
2.669517108579678499e+00
-2.600776764249071782e+00
2.742038959461204684e+00
-2.669484777025581845e+00
2.818941710418220392e+00
-2.742314265945119622e+00
2.900685608190997300e+00
-2.819696035527920586e+00
2.987802303268157544e+00
-2.902127736841282335e+00
3.080909824820179388e+00
-2.990187935489667215e+00
3.180731594035595577e+00
-3.084553998093483074e+00
3.288120831047652626e+00
-3.186025090084511291e+00
3.404092264159622516e+00
-3.295552111966074449e+00
3.529863874557925385e+00
-3.414277200808373269e+00
3.666912663397712713e+00
-3.543586644393045937e+00
3.817050374125881884e+00
-3.685182965278726464e+00
3.982528202547541696e+00
-3.841184990613236927e+00
4.166184597822989666e+00
-4.014269772816629001e+00
4.371658815342288840e+00
-4.207878829049565894e+00
4.603707842909066983e+00
-4.426526380159567786e+00
4.868691551311051136e+00
-4.676275352267294849e+00
5.175342866224590388e+00
-4.965501389882666317e+00
5.536044474581117036e+00
-5.306177322511345551e+00
5.969059092770195640e+00
-5.716158698721644171e+00
6.502686736004809731e+00
-6.223550888685161375e+00
7.183681752797696163e+00
-6.875861938598585965e+00
8.096263597386030852e+00
-7.761754190402093911e+00
9.412136368430084943e+00
-9.073115169682974823e+00
1.155645366838367849e+01
-1.134416545915469143e+01
1.604048852687821380e+01
-1.721371501257449665e+01
4.003704178122104196e+01
-7.685615656840091070e+00
-2.660768078563846117e+00
-1.579635470821957544e+00
-1.120813669534269419e+00
-8.689972959580032352e-01
-7.102546102368354486e-01
-6.012192990291065353e-01
-5.216816848629846071e-01
-4.611890048067459613e-01
-4.135591079863266684e-01
-3.751731002764906453e-01
-3.434862433564694895e-01
-3.169846539047560530e-01
-2.943865656774110606e-01
-2.749996602870183326e-01
-2.580669863900237893e-01
-2.432739374820653555e-01
-2.301084275573501980e-01
-2.184529198302191388e-01
-2.079179209504196102e-01
-1.985003816822569767e-01
-1.898739382151728439e-01
-1.821089140462630873e-01
-1.749105303230321096e-01
-1.684007025375724997e-01
-1.622982038547102490e-01
-1.567645084229305485e-01
-1.515209043184614357e-01
-1.467616339371285716e-01
-1.422032865808228186e-01
-1.380690634622009916e-01
-1.340658228844886501e-01
-1.304436960808248447e-01
-1.268960646394501901e-01
-1.236990743841971108e-01
-1.205296609309382400e-01
-1.176897968221863322e-01
-1.148374765805833669e-01
-1.123008085309715326e-01
-1.097166394910607384e-01
-1.074398778135557259e-01
-1.050841867602540364e-01
-1.030322050110454440e-01
-1.008724701459724898e-01
-9.901649050924643536e-02
-9.702577764571534980e-02
-9.534202105684994044e-02
-9.349781154031630570e-02
-9.196647946971078791e-02
-9.024977987475142627e-02
-8.885427652982851032e-02
-8.724893408560549513e-02
-8.597526539197730688e-02
-8.446743566518685742e-02
-8.330373994170321705e-02
-8.188146861475054106e-02
-8.081764653664580411e-02
-7.947053766659933904e-02
-7.849795792020974883e-02
-7.721690844264700315e-02
-7.632817167546177006e-02
-7.510515714780957586e-02
-7.429390524839760146e-02
-7.312180558520631202e-02
-7.238256652274976943e-02
-7.125502320749199647e-02
-7.058308400359392110e-02
-6.949438226594306656e-02
-6.888568439412900979e-02
-6.783065533293164417e-02
-6.728170813325251576e-02
-6.625564688099261357e-02
-6.576345554723550535e-02
-6.476205241636734389e-02
-6.432405784859263065e-02
-6.334334004317088151e-02
-6.295736842653498755e-02
-6.199365039856341575e-02
-6.165787080252305152e-02
-6.070771171404576450e-02
-6.042060034690490550e-02
-5.948076739879506331e-02
-5.924107741804188892e-02
-5.830851404016716699e-02
-5.811525002866820000e-02
-5.718704811095423612e-02
-5.703944449479848161e-02
-5.611281998563890511e-02
-5.601032280437838462e-02
-5.508259411955818835e-02
-5.502484566422161799e-02
-5.409341444433796858e-02
-5.408024036771929416e-02
-5.314257419495832524e-02
-5.317397276703087622e-02
-5.222758951606382843e-02
-5.230372275807974175e-02
-5.134617630206293748e-02
-5.146736277857405506e-02
-5.049622981137469324e-02
-5.066293890185070981e-02
-4.967580667041232578e-02
-4.988865417415069836e-02
-4.888310893917131861e-02
-4.914285389860167941e-02
-4.811646996120703956e-02
-4.842401261174526794e-02
-4.737434176059714119e-02
-4.773072254060801989e-02
-4.665528378335433157e-02
-4.706168335596076779e-02
-4.595795280882004896e-02
-4.641569306806958561e-02
-4.528109387886120052e-02
-4.579163993133561483e-02
-4.462353211527717023e-02
-4.518849524771378912e-02
-4.398416531034587962e-02
-4.460530697388279120e-02
-4.336195719334209886e-02
-4.404119406213397037e-02
-4.275593130018640053e-02
-4.349534150555750545e-02
-4.216516546032678114e-02
-4.296699632577191674e-02
-4.158878795413673002e-02
-4.245547283319400789e-02
-4.102588285938238433e-02
-4.196010963283258732e-02
-4.047588150288528031e-02
-4.148030618936818237e-02
-3.993784273240752469e-02
-4.101555004156676176e-02
-3.941108281543037606e-02
-4.056533998720190937e-02
-3.889490723698685315e-02
-4.012922658244821861e-02
-3.838864038963940573e-02
-3.970680687075212045e-02
-3.789162328059270113e-02
-3.929772371477507908e-02
-3.740320908318905957e-02
-3.890166656277255219e-02
-3.692275769604577706e-02
-3.851837352976361650e-02
-3.644962916218308369e-02
-3.814763515159144691e-02
-3.598317539807113774e-02
-3.778930053877527229e-02
-3.552272923159538465e-02
-3.744328723553813631e-02
-3.506758894061423604e-02
-3.710959723217222006e-02
-3.461699481000213297e-02
-3.678834407130038286e-02
-3.417009031991025125e-02
-3.647980219295776649e-02
-3.372585004413908294e-02
-3.618450802893757867e-02
-3.328292104874641666e-02
-3.590351425236937288e-02
-3.283915318597507849e-02
-3.563942409427811597e-02
-3.238826745439560284e-02
-3.539911389164718258e-02
-3.193322142598953306e-02
-3.516780659125795516e-02
-3.148442569069431762e-02
-3.494307810021446414e-02
-3.104160132729916199e-02
-3.472465253789192019e-02
-3.060453583507438680e-02
-3.451228143161721995e-02
-3.017303386687197886e-02
-3.430572856072999777e-02
-2.974691159210762770e-02
-3.410476729697609066e-02
-2.932599518973955099e-02
-3.390917957207451039e-02
-2.891012007636994952e-02
-3.371875521726463987e-02
-2.849913034442730364e-02
-3.353329143313255045e-02
-2.809287828750894889e-02
-3.335259232195753043e-02
-2.769122397596501806e-02
-3.317646846172661590e-02
-2.729403486854642402e-02
-3.300473651136082154e-02
-2.690118545211683809e-02
-3.283721884230716981e-02
-2.651255690786258334e-02
-3.267374319359972468e-02
-2.612803679855413286e-02
-3.251414234745286791e-02
-2.574751877702552427e-02
-3.235825382415624674e-02
-2.537090231303040788e-02
-3.220591959488205980e-02
-2.499809243823847282e-02
-3.205698581039295725e-02
-2.462899950577113195e-02
-3.191130254463825366e-02
-2.426353896618360650e-02
-3.176872355257587266e-02
-2.390163115633336943e-02
-3.162910604097213252e-02
-2.354320110185548209e-02
-3.149231045119416095e-02
-2.318817833112940541e-02
-3.135820025285385171e-02
-2.283649670077814164e-02
-3.122664174851985663e-02
-2.248809423208197877e-02
-3.109750388782139829e-02
-2.214291295621007016e-02
-3.097065809076093856e-02
-2.180089877013657862e-02
-3.084597807898004085e-02
-2.146200129942577028e-02
-3.072333971595964108e-02
-2.112617377073400249e-02
-3.060262085362275286e-02
-2.079337289076677031e-02
-3.048370118648535687e-02
-2.046355873300964578e-02
-3.036646211173743559e-02
-2.013669463068668009e-02
-3.025078659604685249e-02
-1.981274707594993245e-02
-3.013655904730772050e-02
-1.949168562524095094e-02
-3.002366519212240625e-02
-1.917348281014796818e-02
-2.991199195810267941e-02
-1.885811405290160891e-02
-2.980142736091284661e-02
-1.854555758710318969e-02
-2.969186039573978864e-02
-1.823579438331390801e-02
-2.958318093241862901e-02
-1.792880807781971342e-02
-2.947527961494400550e-02
-1.762458490684326584e-02
-2.936804776441115372e-02
-1.732311364310934465e-02
-2.926137728539746075e-02
-1.702438553671348220e-02
-2.915516057517675286e-02
-1.672839425908134725e-02
-2.904929043659376653e-02
-1.643513584965028418e-02
-2.894365999356951491e-02
-1.614460866606837186e-02
-2.883816260885696536e-02
-1.585681333589328279e-02
-2.873269180495641173e-02
-1.557175271205335498e-02
-2.862714118722642365e-02
-1.528943182944175749e-02
-2.852140436942796065e-02
-1.500985786410957701e-02
-2.841537490109002917e-02
-1.473304009400400183e-02
-2.830894619745871754e-02
-1.445898986191163083e-02
-2.820201147138512443e-02
-1.418772053912464859e-02
-2.809446366677237350e-02
-1.391924749114070714e-02
-2.798619539468605311e-02
-1.365358804431049400e-02
-2.787709887033651412e-02
-1.339076145270867713e-02
-2.776706585272270544e-02
-1.313078886738927586e-02
-2.765598758570386728e-02
-1.287369330459198213e-02
-2.754375474057035866e-02
-1.261949961534503117e-02
-2.743025736095794365e-02
-1.236823445499424245e-02
-2.731538480900308485e-02
-1.211992625283575542e-02
-2.719902571348797871e-02
-1.187460518146832289e-02
-2.708106791982345385e-02
-1.163230312591645443e-02
-2.696139844163791821e-02
-1.139305365192311292e-02
-2.683990341463593499e-02
-1.115689197372959907e-02
-2.671646805215532883e-02
-1.092385492036940242e-02
-2.659097660259823748e-02
-1.069398090116657762e-02
-2.646331230960552450e-02
-1.046730986884547576e-02
-2.633335737366815366e-02
-1.024388328157499473e-02
-2.620099291725574986e-02
-1.002374406204364909e-02
-2.606609895135836297e-02
-9.806936554575429454e-03
-2.592855434543772652e-02
-9.593506478795643666e-03
-2.578823680022324094e-02
-9.383500880624007223e-03
-2.564502282348735118e-02
-9.176968078929093053e-03
-2.549878770952906937e-02
-8.973957608406246678e-03
-2.534940552193187813e-02
-8.774520157811660503e-03
-2.519674908089930554e-02
-8.578707502945204233e-03
-2.504068995457742197e-02
-8.386572433963790374e-03
-2.488109845508945650e-02
-8.198168676275818800e-03
-2.471784363992368672e-02
-8.013550804865654520e-03
-2.455079331912490836e-02
-7.832774150264509849e-03
-2.437981406842837373e-02
-7.655894696859066872e-03
-2.420477124893999354e-02
-7.482968971074033249e-03
-2.402552903497939818e-02
-7.314053920172536305e-03
-2.384195044906534111e-02
-7.149206779051064942e-03
-2.365389740684986641e-02
-6.988484925225524336e-03
-2.346123077072759244e-02
-6.831945720301046965e-03
-2.326381041494723911e-02
-6.679646336361311221e-03
-2.306149530199524955e-02
-6.531643566224709652e-03
-2.285414357213289005e-02
-6.387993616151887988e-03
-2.264161264699215970e-02
-6.248751878672575977e-03
-2.242375934857898656e-02
-6.113972684462232188e-03
-2.220044003572618774e-02
-5.983709030425554687e-03
-2.197151075887771032e-02
-5.858012282420332895e-03
-2.173682743590726885e-02
-5.736931849591397903e-03
-2.149624605047939507e-02
-5.620514828141187635e-03
-2.124962287553655571e-02
-5.508805611202260977e-03
-2.099681472432890494e-02
-5.401845461371068691e-03
-2.073767923178543304e-02
-5.299672042864467247e-03
-2.047207516923099657e-02
-5.202318908681446974e-03
-2.019986279633501081e-02
-5.109814938881407365e-03
-1.992090425331743964e-02
-5.022183724677220518e-03
-1.963506399833780947e-02
-4.939442893434897730e-03
-1.934220929439350867e-02
-4.861603368117028978e-03
-1.904221075087397796e-02
-4.788668555085529022e-03
-1.873494292585242693e-02
-4.720633452665157215e-03
-1.842028499504799743e-02
-4.657483672477813474e-03
-1.809812149519551827e-02
-4.599194364637571031e-03
-1.776834314914221835e-02
-4.545729036581069860e-03
-1.743084778201864360e-02
-4.497038254816565495e-03
-1.708554133829687238e-02
-4.453058216980942952e-03
-1.673233901037118887e-02
-4.413709180339731031e-03
-1.637116649197623008e-02
-4.378893731763755515e-03
-1.600196136914178169e-02
-4.348494881384890043e-03
-1.562467466511341385e-02
-4.322373961400671760e-03
-1.523927255651891244e-02
-4.300368308115976035e-03
-1.484573828003887819e-02
-4.282288703157610676e-03
-1.444407425226534869e-02
-4.267916547237016189e-03
-1.403430442744302287e-02
-4.257000735919169720e-03
-1.361647692165313117e-02
-4.249254203844365918e-03
-1.319066693583570427e-02
-4.244350099896432305e-03
-1.275698001525904512e-02
-4.241917551934093478e-03
-1.231555568867814809e-02
-4.241536976211879306e-03
-1.186657154013881499e-02
-4.242734883315862904e-03
-1.141024777216728681e-02
-4.244978114436220862e-03
-1.094685226939123845e-02
-4.247667188512549430e-03
-1.047670513641987822e-02
-4.250123276814427031e-03
-1.000014646630473236e-02
-4.250851107148595487e-03
-9.529848322562650687e-03
-4.218342393233570631e-03
-9.088525048734696909e-03
-4.159083640999150511e-03
-8.659865603469485418e-03
-4.081678889166995283e-03
-8.239060562064470794e-03
-3.989104567832219006e-03
-7.823553909295677400e-03
-3.882958551978538120e-03
-7.411640297485921902e-03
-3.764213052112636015e-03
-7.002040849762636299e-03
-3.633486394498952610e-03
-6.593721528815238431e-03
-3.491169227337831416e-03
-6.185799714100409519e-03
-3.337491902019956713e-03
-5.777490009676700122e-03
-3.172563721379001445e-03
-5.368069881996895276e-03
-2.996397093252639587e-03
-4.956856240445312034e-03
-2.808922851646133978e-03
-4.543188437306028282e-03
-2.610000030203701860e-03
-4.126415189456417165e-03
-2.399421925843289727e-03
-3.705883945508775534e-03
-2.176919529268683817e-03
-3.280931771829614929e-03
-1.942162972212502225e-03
-2.850877140922886133e-03
-1.694761386232618294e-03
-2.415012186603060496e-03
-1.434261407671361122e-03
-1.972595097302944078e-03
-1.160144455702512289e-03
-1.522842381135862400e-03
-8.718228332603578101e-04
-1.064920769966670733e-03
-5.686346406847675450e-04
-5.979385435273334992e-04
-2.498374410073028740e-04
-1.209360534723327718e-04
