1.00000000007697
0.87893149923024
0.776346352614322
0.688960083746873
0.614130831200219
0.549724053906503
0.494007834718481
0.445571283270722
0.403260550586232
0.366128387186615
0.333394193419959
0.304412249925531
0.278646360582338
0.255649546074449
0.235047731858255
0.216526606695173
0.199821006006456
0.184706311751807
0.170991467239479
0.15851328854598
0.14713181949311
0.136726528485909
0.127193186058697
0.118441294078982
0.110391963044996
0.102976154192633
0.0961332193023742
0.0898096840220522
0.0839582308699808
0.0785368463853968
0.0735081035632245
0.0688385560817647
0.0644982251617366
0.0604601633947494
0.0567000827098355
0.0531960359432266
0.0499281433404464
0.0468783568375113
0.0440302562052632
0.0413688721512341
0.0388805323014848
0.0365527266630473
0.0343739897260723
0.0323337968244554
0.030422472753564
0.0286311109579116
0.0269515018626882
0.0253760691398329
0.023897812880435
0.0225102587965089
0.0212074127019803
0.019983719629287
0.0188340270279305
0.0177535515670603
0.0167378491286094
0.0157827876320528
0.0148845223785069
0.0140394736414738
0.0132443062658424
0.012495911065794
0.0117913878375828
0.0111280298249075
0.0105033094933802
0.00991486548702756
0.00936049065390935
0.00883812104046544
0.00834582576493891
0.00788179768987667
0.00744434482195696
0.00703188237487353
0.00664292543742843
0.00627608219479376
0.00593004765599359
0.00560359784517879
0.00529558441832263
0.00500492967056325
0.00473062190261166
0.00447171111755725
0.00422730502195493
0.00399656530742172
0.00377870419102778
0.0035729811946743
0.00337870014532936
0.00319520637952755
0.00302188413693224
0.00285815412900827
0.00270347127000072
0.00255732255844509
0.00241922509837746
0.00228872425027901
0.00216539190256174
0.0020488248551188
0.00193864330712245
0.0018344894418409
0.00173602610179797
0.00164293554809211
0.00155491829816739
0.00147169203672599
0.00139299059488515
0.00131856299301972
0.00124817254306665
0.00118159600637238
0.00111862280343497
0.00105905427215926
0.00100270297146987
0.000949392027360561
0.000898954518642051
0.000851232899857911
0.00080607845899523
0.000763350807787912
0.000722917402553518
0.000684653093647054
0.000648439701738027
0.000614165619241647
0.000581725435340051
0.000551019583136928
0.000521954007580145
0.000494439852879516
0.000468393168225
0.0004437346306916
0.000420389284286922
0.000398286294163518
0.000377358715081548
0.000357543273263847
0.000338780160841666
0.000321012842137058
0.000304187871077553
0.000288254719080695
0.00027316561278869
0.000258875381070798
0.000245341310747358
0.000232523010522808
0.000220382282646595
0.000208883001850436
0.000197991001136808
0.000187673964020933
0.000177901322851469
0.000168644162857825
0.000159875131593801
0.000151568353466019
0.000143699349055758
0.000136244958958244
0.000129183271881927
0.000122493556763742
0.000116156198672066
0.000110152638282055
0.00010446531472045
9.90776115898048e-05
9.3973805991998e-05
8.91390203826299e-05
8.45591770969338e-05
8.02209553975591e-05
7.61117509030552e-05
7.22196372643001e-05
6.85333299638744e-05
6.50421521201553e-05
6.17360021856468e-05
5.86053234343227e-05
5.56410751400998e-05
5.2834705353132e-05
5.01781251866058e-05
4.7663684531765e-05
4.52841491233236e-05
4.30326788821715e-05
4.0902807466642e-05
3.88884229670947e-05
3.69837496829089e-05
3.5183330924218e-05
3.34820127840722e-05
3.18749288300436e-05
3.03574856670676e-05
2.89253493264183e-05
2.75744324380089e-05
2.63008821461551e-05
2.51010687309701e-05
2.39715749000744e-05
2.2909185717295e-05
2.19108791370947e-05
2.09738171154969e-05
2.00953372699031e-05
1.9272945062166e-05
1.85043064807077e-05
1.77872411992218e-05
1.71197161909117e-05
1.64998397786185e-05
1.59258561026059e-05
1.53961399890779e-05
1.49091922036792e-05
1.44636350754807e-05
1.40582084781102e-05
1.36917661557129e-05
1.33632723825889e-05
1.30717989463021e-05
1.28165224450711e-05
1.25967218912439e-05
1.24117766135449e-05
1.22611644517253e-05
1.21444602381555e-05
1.20613345617029e-05
1.20115528101856e-05
1.19949744884745e-05
1.20115528101856e-05
1.20613345617029e-05
1.21444602381555e-05
1.22611644517253e-05
1.24117766135449e-05
1.25967218912439e-05
1.28165224450711e-05
1.30717989463021e-05
1.33632723825889e-05
1.36917661557129e-05
1.40582084781102e-05
1.44636350754807e-05
1.49091922036792e-05
1.53961399890779e-05
1.59258561026059e-05
1.64998397786185e-05
1.71197161909117e-05
1.77872411992218e-05
1.85043064807076e-05
1.9272945062166e-05
2.00953372699032e-05
2.09738171154969e-05
2.19108791370947e-05
2.29091857172951e-05
2.39715749000745e-05
2.51010687309701e-05
2.63008821461552e-05
2.75744324380089e-05
2.89253493264184e-05
3.03574856670675e-05
3.18749288300436e-05
3.34820127840723e-05
3.5183330924218e-05
3.6983749682909e-05
3.88884229670947e-05
4.0902807466642e-05
4.30326788821715e-05
4.52841491233236e-05
4.7663684531765e-05
5.01781251866058e-05
5.28347053531321e-05
5.56410751401e-05
5.86053234343227e-05
6.17360021856469e-05
6.50421521201552e-05
6.85333299638744e-05
7.22196372643003e-05
7.61117509030552e-05
8.02209553975592e-05
8.45591770969337e-05
8.91390203826299e-05
9.39738059919982e-05
9.90776115898047e-05
0.00010446531472045
0.000110152638282055
0.000116156198672067
0.000122493556763742
0.000129183271881927
0.000136244958958245
0.000143699349055758
0.000151568353466019
0.000159875131593801
0.000168644162857825
0.000177901322851469
0.000187673964020933
0.000197991001136808
0.000208883001850437
0.000220382282646595
0.000232523010522809
0.000245341310747358
0.000258875381070798
0.00027316561278869
0.000288254719080695
0.000304187871077553
0.000321012842137058
0.000338780160841667
0.000357543273263848
0.000377358715081549
0.000398286294163518
0.000420389284286923
0.000443734630691601
0.000468393168225001
0.000494439852879516
0.000521954007580146
0.000551019583136928
0.000581725435340051
0.000614165619241648
0.000648439701738027
0.000684653093647055
0.000722917402553518
0.000763350807787912
0.000806078458995229
0.000851232899857911
0.000898954518642053
0.00094939202736056
0.00100270297146987
0.00105905427215926
0.00111862280343497
0.00118159600637238
0.00124817254306665
0.00131856299301972
0.00139299059488515
0.00147169203672599
0.00155491829816739
0.00164293554809211
0.00173602610179797
0.0018344894418409
0.00193864330712246
0.0020488248551188
0.00216539190256174
0.00228872425027901
0.00241922509837746
0.00255732255844508
0.00270347127000074
0.00285815412900828
0.00302188413693224
0.00319520637952755
0.00337870014532936
0.00357298119467428
0.00377870419102779
0.00399656530742173
0.00422730502195493
0.00447171111755727
0.00473062190261165
0.00500492967056325
0.00529558441832264
0.00560359784517879
0.00593004765599361
0.00627608219479376
0.00664292543742843
0.00703188237487354
0.00744434482195698
0.00788179768987678
0.00834582576493888
0.00883812104046545
0.00936049065390933
0.00991486548702757
0.0105033094933803
0.0111280298249074
0.0117913878375827
0.0124959110657939
0.0132443062658425
0.0140394736414738
0.014884522378507
0.0157827876320526
0.016737849128609
0.0177535515670603
0.0188340270279307
0.0199837196292871
0.0212074127019807
0.022510258796509
0.0238978128804348
0.0253760691398328
0.0269515018626884
0.0286311109579113
0.0304224727535635
0.0323337968244549
0.0343739897260722
0.0365527266630481
0.0388805323014841
0.0413688721512346
0.0440302562052636
0.0468783568375116
0.0499281433404477
0.0531960359432248
0.0567000827098367
0.0604601633947519
0.0644982251617353
0.0688385560817662
0.073508103563225
0.0785368463853983
0.0839582308699784
0.0898096840220529
0.0961332193023729
0.102976154192629
0.110391963045
0.118441294078983
0.127193186058702
0.136726528485913
0.147131819493109
0.158513288545981
0.170991467239478
0.18470631175181
0.199821006006462
0.216526606695178
0.235047731858255
0.255649546074452
0.278646360582344
0.304412249925536
0.33339419341996
0.366128387186613
0.40326055058624
0.445571283270727
0.494007834718481
0.549724053906507
0.614130831200204
0.688960083746881
0.77634635261432
0.878931499230243
1.00000000007697
