6.588091808123985871e-02
6.793195231897652953e-02
7.003934069865813683e-02
7.220514544918610333e-02
7.443152826059851179e-02
7.672075642454467825e-02
7.907520944586066136e-02
8.149738616907797883e-02
8.398991246828302337e-02
8.655554955430844188e-02
8.919720295972144442e-02
9.191793226816113993e-02
9.472096166312926613e-02
9.760969138014496949e-02
1.005877101556618136e-01
1.036588087788223866e-01
1.068269948649642753e-01
1.100965089844236910e-01
1.134718422983842512e-01
1.169577558731560440e-01
1.205593018675492623e-01
1.242818468154456291e-01
1.281310972561371386e-01
1.321131280013516651e-01
1.362344133709414429e-01
1.405018617782953783e-01
1.449228541048364072e-01
1.495052863724015690e-01
1.542576173027612185e-01
1.591889214511357231e-01
1.643089487149560490e-01
1.696281911567334433e-01
1.751579582462254869e-01
1.809104618263015496e-01
1.868989123484738890e-01
1.931376282196546335e-01
1.996421604617104606e-01
2.064294353297964069e-01
2.135179180847608382e-01
2.209278017982412301e-01
2.286812259258881319e-01
2.368025304640597462e-01
2.453185528763270895e-01
2.542589767313607751e-01
2.636567432573131420e-01
2.735485399631112369e-01
2.839753843480323781e-01
2.949833258570808692e-01
3.066242961342502404e-01
3.189571469917966695e-01
3.320489284126195706e-01
3.459764769237279047e-01
3.608284102730177079e-01
3.767076613366855398e-01
3.937347387186826975e-01
4.120519836153375692e-01
4.318292190529038344e-01
4.532713875243106205e-01
4.766290974893019339e-01
5.022135409915398085e-01
5.304181774263079241e-01
5.617512378513709326e-01
5.968861629333137575e-01
6.367429522481198312e-01
6.826251620722745272e-01
7.364621305363239223e-01
8.012618354950697963e-01
8.820148335435107345e-01
9.876456797990378345e-01
1.135637219580016843e+00
1.364126223017501527e+00
1.764170911018943855e+00
2.499567644003094724e+00
3.112386124185613667e+00
2.800729648855032838e+00
2.397859345229985450e+00
2.122986134938800618e+00
1.935729122629298971e+00
1.801179077650547189e+00
1.699652805871384231e+00
1.619999345705128047e+00
1.555578250264160189e+00
1.502226924679630482e+00
1.457213746123272813e+00
1.418673193544293110e+00
1.385286283753727421e+00
1.356091874769847383e+00
1.330370931869695461e+00
1.307573100070104299e+00
1.287268675261094675e+00
1.269116306047943343e+00
1.252840718280932464e+00
1.238216993748614492e+00
1.225059239146290668e+00
1.213212262053082746e+00
1.202545349350727655e+00
1.192947543840632285e+00
1.184324007303648507e+00
1.176593184169500539e+00
1.169684563898328200e+00
1.163536897158606198e+00
1.158096760234400779e+00
1.153317389691826289e+00
1.149157728986866633e+00
1.145581642880111328e+00
1.142557265908801689e+00
1.140056458837863218e+00
1.138054352761284083e+00
1.136528964871900360e+00
1.135460873239225510e+00
1.134832940489535424e+00
1.134630078266108288e+00
1.134839045911002042e+00
1.135448278034535186e+00
1.136447736608114489e+00
1.137828784013529937e+00
1.139584074094184274e+00
1.141707458772908801e+00
1.144193908214707456e+00
1.147039442858397873e+00
1.150241075919402611e+00
1.153796765201031249e+00
1.157705373253873127e+00
1.161966635083846455e+00
1.166581132754193284e+00
1.171550276351380759e+00
1.176876290883164256e+00
1.182562208781380519e+00
1.188611867755724028e+00
1.195029913827200474e+00
1.201821809436535826e+00
1.208993846591003063e+00
1.216553165074029774e+00
1.224507775805448340e+00
1.232866589500380972e+00
1.241639450843515569e+00
1.250837178452408605e+00
1.260471610979491786e+00
1.270555659777988122e+00
1.281103368635179152e+00
1.292129981168648190e+00
1.303652016579182504e+00
1.315687354572883550e+00
1.328255330384899402e+00
1.341376840991824082e+00
1.355074463757841574e+00
1.369372588963793103e+00
1.384297567880793167e+00
1.399877878317001834e+00
1.416144309870084328e+00
1.433130171469581438e+00
1.450871524215838093e+00
1.469407443017273884e+00
1.488780311113044874e+00
1.509036152269646713e+00
1.530225006273268740e+00
1.552401354343003526e+00
1.575624602296564092e+00
1.599959630764391072e+00
1.625477423514201547e+00
1.652255787123515063e+00
1.680380177896957150e+00
1.709944655191501628e+00
1.741052984386096014e+00
1.773819917789161593e+00
1.808372688127688033e+00
1.844852757268762744e+00
1.883417872994912923e+00
1.924244499667497887e+00
1.967530705372126931e+00
2.013499609917325461e+00
2.062403526595506520e+00
2.114528968361074401e+00
2.170202739492276045e+00
2.229799401923241220e+00
2.293750498528656756e+00
2.362556044554281698e+00
2.436798979473596027e+00
2.517163529869840488e+00
2.604458808739400055e+00
2.699649530556389898e+00
2.803896556620132152e+00
2.918611271849706590e+00
3.045529822488171945e+00
3.186816520967292732e+00
3.345211157247844902e+00
3.524244215361189703e+00
3.728560242900967658e+00
3.964419048074510066e+00
4.240499561578380927e+00
4.569238689856485180e+00
4.969156484338031810e+00
5.469089123172445888e+00
6.116325405017889238e+00
6.993284147591796618e+00
8.254441663631034487e+00
1.021593391202541312e+01
1.359492078698096940e+01
2.016454906331178520e+01
3.331068956418801008e+01
4.045673880976549697e+01
1.777116518495587272e+01
5.739485899275058145e+00
2.064724074501783857e+00
8.280617916780992349e-01
3.572410108260750672e-01
1.617340749702305125e-01
7.570500196182772257e-02
3.633225076648782803e-02
1.780918246339879829e-02
8.916786163475132199e-03
4.579574642362693737e-03
2.435046227424741971e-03
1.360357595017180898e-03
8.134162095871921849e-04
5.293076163945809043e-04
3.773018351360679645e-04
2.923569212747167967e-04
2.418776049470938716e-04
2.094155985528090014e-04
1.866097918070686035e-04
1.691729797150820502e-04
1.548815970284778132e-04
1.425635041616413190e-04
1.315858824788573855e-04
1.215949553490247581e-04
1.123830675848758176e-04
1.038204352021843135e-04
9.581986214035609351e-05
8.831833109779196889e-05
8.126727065693728491e-05
7.462730847529464029e-05
6.836536224841260889e-05
6.245296154494539564e-05
5.686522835945950760e-05
5.158021794060552168e-05
4.657846310029967185e-05
4.184263950612887584e-05
3.735730597131947661e-05
3.310869498718282955e-05
2.908453902783492140e-05
2.527392332707378841e-05
2.166715986895439983e-05
1.825567875046729682e-05
1.503193401131142082e-05
1.198932173496203291e-05
9.122108342918266999e-06
6.425368398454978092e-06
3.894930618475456185e-06
1.527330646400315572e-06
-6.802296225183468437e-07
-2.729917135901871461e-06
-4.623298017869537091e-06
-6.361363164675282178e-06
-7.944550024951979594e-06
-9.372760645498523502e-06
-1.064537624140271532e-05
-1.176126876145655586e-05
-1.271880978259698480e-05
-1.351587662368203269e-05
-1.414985591829953648e-05
-1.461764509458340910e-05
-1.491565163447283737e-05
-1.503978988348642076e-05
-1.498547638023595141e-05
-1.474762303610432923e-05
-1.432062809270107095e-05
-1.369836534448332088e-05
-1.287417148754244067e-05
-1.184083170802097129e-05
-1.059056330232621690e-05
-9.114997307380079405e-06
-7.405157955719943175e-06
-5.451440549641972666e-06
-3.243586977674794980e-06
-7.706588509570622136e-07
1.978991254425466195e-06
5.017750947189369981e-06
8.358781815154259220e-06
1.201605572376251985e-05
1.600439385707197459e-05
2.033950899082981323e-05
2.503805064102415656e-05
3.011765331795146494e-05
3.559698855370996284e-05
4.149582041534927157e-05
4.783506559702388472e-05
5.463685758844150087e-05
6.192461533949256136e-05
6.972311699993127831e-05
7.805857908094182562e-05
8.695874161568362126e-05
9.645295958771171740e-05
1.065723014317399020e-04
1.173496546669205998e-04
1.288198396671713652e-04
1.410197325504292110e-04
1.539883975734124277e-04
1.677672299424948221e-04
1.824001101911054690e-04
1.979335714672458835e-04
2.144169809352725053e-04
2.319027359984904280e-04
2.504464776600379139e-04
2.701073228013051164e-04
2.909481170223493507e-04
3.130357106586600935e-04
3.364412607049782622e-04
3.612405610029512104e-04
3.875144048604006741e-04
4.153489839429092001e-04
4.448363276934319543e-04
4.760747888008509676e-04
5.091695807342144775e-04
5.442333746279448548e-04
5.813869644577529527e-04
6.207600099470411692e-04
6.624918692030856704e-04
7.067325356104880996e-04
7.536436961492753994e-04
8.033999316428008797e-04
8.561900847066095110e-04
9.122188262176145201e-04
9.717084594893510285e-04
1.034901010384281506e-03
1.102060665488124869e-03
1.173476637252424126e-03
1.249466558628675728e-03
1.330380543311360242e-03
1.416606093212813278e-03
1.508574102447202137e-03
1.606766306111451215e-03
1.711724672246450751e-03
1.824063471780767998e-03
1.944485143589469445e-03
2.073801712427103539e-03
2.212964636414183062e-03
2.363108001197211649e-03
2.525613879851063004e-03
2.702216575589888592e-03
2.895179540924219808e-03
3.107618724224936457e-03
3.344148657367540523e-03
3.612316540909210616e-03
3.926101222198719043e-03
4.313021423684837430e-03
4.802179441479870192e-03
5.366971339823223275e-03
5.967577899988363299e-03
6.588774884161985312e-03
7.225804531787893836e-03
7.877117687796975076e-03
8.542270852417210847e-03
9.221254839228976152e-03
9.914249984929845994e-03
1.062152754404532828e-02
1.134340717328097270e-02
1.208023779258127206e-02
1.283238878886550083e-02
1.360024599924258837e-02
1.438420997795786249e-02
1.518469538543465447e-02
1.600213094504621125e-02
1.683695969710496954e-02
1.768963941679269070e-02
1.856064313000316268e-02
1.945045969447090073e-02
2.035959443015067372e-02
2.128856979202708999e-02
2.223792608230334977e-02
2.320822220170137840e-02
2.420003644085921835e-02
2.521396731331848606e-02
2.625063443282993347e-02
2.731067943696197098e-02
2.839476695965270636e-02
2.950358565634703112e-02
3.063784928488000325e-02
3.179829784536458703e-02
3.298569878340940065e-02
3.420084826025204805e-02
3.544457249491972384e-02
3.671772918287730114e-02
3.802120899633587570e-02
3.935593717208973885e-02
4.072287519301331926e-02
4.212302256943267764e-02
4.355741872772811440e-02
4.502714501402693692e-02
4.653332682110500329e-02
4.807713584808670504e-02
4.965979250237251286e-02
5.128256845440537504e-02
5.294678935765961825e-02
5.465383774606769052e-02
5.640515612316332472e-02
5.820225025822622911e-02
6.004669270559892524e-02
6.194012656592606803e-02
6.388426950913594915e-02
