-1.833679021330927306e-01
-1.928616345332354598e-01
-2.035778869114404088e-01
-2.157795111882130357e-01
-2.297935640630717202e-01
-2.460645024762411204e-01
-2.651836303530790140e-01
-2.879774461855788559e-01
-3.156189065148449213e-01
-3.498444607035957055e-01
-3.933263592007582021e-01
-4.504084966066385087e-01
-5.286438707741540899e-01
-6.424180994757239249e-01
-8.228586822782113508e-01
-1.151770762582850161e+00
-1.931131371233071992e+00
-5.741688939000532343e+00
2.083790922303054316e+01
-8.402961048201028404e+00
8.677652660216670810e+00
-5.847800454112104696e+00
6.326633477761731683e+00
-4.812109090763282637e+00
5.214968082347679612e+00
-4.209396593041035750e+00
4.541885773605051746e+00
-3.803102912489309873e+00
4.081394645988025260e+00
-3.505792746532336412e+00
3.742342234504208776e+00
-3.276442088739976999e+00
3.480135629549168996e+00
-3.092866745103142634e+00
3.270097125017212392e+00
-2.941867868749603154e+00
3.097340499367834177e+00
-2.815030672845343140e+00
2.952293443066718481e+00
-2.706701245192289829e+00
2.828489236627724779e+00
-2.612920499547159103e+00
2.721384026082169338e+00
-2.530821998572653442e+00
2.627681003815481198e+00
-2.458272383323333088e+00
2.544923496103158822e+00
-2.393646688196342964e+00
2.471239140049512173e+00
-2.335682516531165209e+00
2.405173100388535268e+00
-2.283382306913733117e+00
2.345575914121706518e+00
-2.235945996440394268e+00
2.291526026439450803e+00
-2.192723500151802618e+00
2.242275024036250564e+00
-2.153180462010574558e+00
2.197208112640604671e+00
-2.116873106764731727e+00
2.155815070248025656e+00
-2.083429466105284789e+00
2.117668550289635299e+00
-2.052535152469297408e+00
2.082407635029030146e+00
-2.023922434378228274e+00
2.049725203643842697e+00
-1.997361743733417905e+00
2.019358112682761330e+00
-1.972655000434653250e+00
1.991079478870139807e+00
-1.949630311906336733e+00
1.964692552763886324e+00
-1.928137725483951126e+00
1.940025810812428197e+00
-1.908045794459315214e+00
1.916928989465481958e+00
-1.889238780770154946e+00
1.895269855144621873e+00
-1.871614359038737074e+00
1.874931555072725686e+00
-1.855081719324858547e+00
1.855810428781368593e+00
-1.839559989492971726e+00
1.837814189364078921e+00
-1.824976915667264166e+00
1.820860402837456204e+00
-1.811267752231454420e+00
1.804875209777506484e+00
-1.798374323671595221e+00
1.789792245197755927e+00
-1.786244227398108730e+00
1.775551721133965533e+00
-1.774830153597763083e+00
1.762099644596837100e+00
-1.764089302643896406e+00
1.749387147226363792e+00
-1.753982883638694590e+00
1.737369909125016099e+00
-1.744475681732958527e+00
1.726007661378044400e+00
-1.735535683261749451e+00
1.715263755165569837e+00
-1.727133749870349400e+00
1.705104787503734176e+00
-1.719243334714507521e+00
1.695500274784907280e+00
-1.711840234517315817e+00
1.686422367600161287e+00
-1.704902372244278208e+00
1.677845600975680806e+00
-1.698409606661933857e+00
1.669746674680182341e+00
-1.692343564926125143e+00
1.662104260361875863e+00
-1.686687494960165346e+00
1.654898831262043402e+00
-1.681426135817197576e+00
1.648112511897920518e+00
-1.676545603053279931e+00
1.641728945412792129e+00
-1.672033288045774224e+00
1.635733176007475365e+00
-1.667877768944882044e+00
1.630111545181798904e+00
-1.664068732680382467e+00
1.624851599840789085e+00
-1.660596906244896864e+00
1.619942011187453623e+00
-1.657453996789735706e+00
1.615372503039399499e+00
-1.654632639384413517e+00
1.611133788958360125e+00
-1.652126351861536557e+00
1.607217516980894212e+00
-1.649929496341378421e+00
1.603616221436610978e+00
-1.648037246512651599e+00
1.600323281422461719e+00
-1.646445560666295993e+00
1.597332884975878997e+00
-1.645151160106684163e+00
1.594639999039987543e+00
-1.644151512397870274e+00
1.592240344601743240e+00
-1.643444819447836602e+00
1.590130376663939193e+00
-1.643030010620685655e+00
1.588307268952899864e+00
-1.642906740044375535e+00
1.586768903381418294e+00
-1.643075388788677316e+00
1.585513863846318872e+00
-1.643537071673395022e+00
1.584541434344773458e+00
-1.644293648831453236e+00
1.583851601916387075e+00
-1.645347742015259573e+00
1.583445063652920037e+00
-1.646702756361270392e+00
1.583323238757636808e+00
-1.648362907291266888e+00
1.583488285025629327e+00
-1.650333253379052900e+00
1.583943120821024841e+00
-1.652619735317683025e+00
1.584691452104781906e+00
-1.655229221908995463e+00
1.585737805411792323e+00
-1.658169563116542955e+00
1.587087567101441943e+00
-1.661449651613863043e+00
1.588747029385966680e+00
-1.665079493295797963e+00
1.590723443889863198e+00
-1.669070287962297616e+00
1.593025083622157778e+00
-1.673434521334039138e+00
1.595661314229314343e+00
-1.678186070046916001e+00
1.598642675691582360e+00
-1.683340321160667896e+00
1.601980975769557780e+00
-1.688914308318163027e+00
1.605689396979564254e+00
-1.694926866906896201e+00
1.609782618630754669e+00
-1.701398811176152659e+00
1.614276956473153612e+00
-1.708353136474855205e+00
1.619190522406336541e+00
-1.715815250872438913e+00
1.624543407380632187e+00
-1.723813240677935621e+00
1.630357891302397277e+00
-1.732378176048056551e+00
1.636658684335193570e+00
-1.741544462926140957e+00
1.643473205051932950e+00
-1.751350250342281756e+00
1.650831901891176567e+00
-1.761837902961544078e+00
1.658768625628898263e+00
-1.773054551066360229e+00
1.667321062876280013e+00
-1.785052733591076191e+00
1.676531241835604424e+00
-1.797891152715501484e+00
1.686446125092514681e+00
-1.811635563358048984e+00
1.697118307354319455e+00
-1.826359826559539767e+00
1.708606840358122714e+00
-1.842147163653562902e+00
1.720978212883118807e+00
-1.859091656985010443e+00
1.734307521574721456e+00
-1.877300056867116984e+00
1.748679877228739743e+00
-1.896893969978819650e+00
1.764192104723399490e+00
-1.918012528455880439e+00
1.780954810999698879e+00
-1.940815668214901146e+00
1.799094919257181235e+00
-1.965488187013801458e+00
1.818758797849149955e+00
-1.992244810707440861e+00
1.840116155932819630e+00
-2.021336575610781949e+00
1.863364937554166767e+00
-2.053058949167997582e+00
1.888737530876027915e+00
-2.087762275510360865e+00
1.916508730259030902e+00
-2.125865371469846110e+00
1.947006067693034748e+00
-2.167873456638503171e+00
1.980623392547427919e+00
-2.214402143677295598e+00
2.017838978925011073e+00
-2.266210057647739085e+00
2.059240059093056630e+00
-2.324243993713590584e+00
2.105556661828722920e+00
-2.389702713264362899e+00
2.157709235846910989e+00
-2.464129168784111368e+00
2.216877226281044333e+00
-2.549547385861112847e+00
2.284600451331722848e+00
-2.648671913239448727e+00
2.362933600383353649e+00
-2.765239956239564201e+00
2.454690252219513535e+00
-2.904560849725032146e+00
2.563845032710131200e+00
-3.074472834723741776e+00
2.696231475557241630e+00
-3.287117691409500164e+00
2.860832967623656131e+00
-3.562506843907037091e+00
3.072373790040056285e+00
-3.936483235317875362e+00
3.357113692686963358e+00
-4.481285177673345999e+00
3.767928655743689959e+00
-5.371593018020274002e+00
4.433817412851565720e+00
-7.193421610989512160e+00
5.808000715607504638e+00
-1.469336064972834421e+01
1.143572645397543575e+01
2.449111605286472759e+00
1.364252127247782997e+00
9.399351267659099562e-01
7.148158565806785880e-01
5.748975038589703157e-01
4.801807812922047058e-01
4.111356267184591018e-01
3.593138855637083018e-01
3.182045553746764011e-01
2.856259445536782904e-01
2.583137807497853933e-01
2.359935171978846391e-01
2.164887628921856599e-01
2.002781527177955323e-01
1.856141738949502740e-01
1.733357474991668035e-01
1.618769419603405257e-01
1.522789578822461021e-01
1.430499918828130879e-01
1.353621354299718305e-01
1.277454301765748035e-01
1.214678649064616089e-01
1.150533503114143929e-01
1.098477125705416002e-01
1.043523857729601878e-01
9.998155868811348101e-02
9.520373720962865827e-02
9.149672216021798032e-02
8.728869960639407122e-02
8.411919379321397550e-02
8.037018717698962700e-02
7.764303935819477642e-02
7.426813346577443298e-02
7.191056834672004960e-02
6.884319090831403365e-02
6.679936622715154648e-02
6.398525649424668948e-02
6.221211326890463411e-02
5.960917630024475944e-02
5.806917823883817054e-02
5.564540357842107099e-02
5.430739165554832049e-02
5.203685819314735062e-02
5.087501423385848431e-02
4.873655616860378403e-02
4.772925797432614470e-02
4.570547206938563312e-02
4.483443014531973692e-02
4.291092220478193164e-02
4.216052054779112490e-02
4.032532652212300617e-02
3.968211337724969479e-02
3.792524964333637838e-02
3.737753990245867852e-02
3.569065028913881443e-02
3.522821200113823714e-02
3.360428810986154646e-02
3.321809306508677340e-02
3.165125071182467442e-02
3.133327433952426411e-02
2.981857339281623887e-02
2.956163297348651797e-02
2.809493105668742219e-02
2.789255396804740661e-02
2.647038681243624181e-02
2.631670251308487751e-02
2.493618545224191019e-02
2.482583637200175275e-02
2.348458273086517778e-02
2.341265032959921610e-02
2.210870340919335320e-02
2.207064648767464998e-02
2.080242256112002641e-02
2.079402553240639051e-02
1.956026581436903777e-02
1.957759512166362681e-02
1.837732509224856980e-02
1.841669232787399024e-02
1.724918711660275439e-02
1.730711768352666269e-02
1.617187247247456328e-02
1.624507885362636017e-02
1.514178345742117626e-02
1.522714233491134772e-02
1.415565927221323905e-02
1.425019187840115276e-02
1.321053737454674915e-02
1.331139256843594243e-02
1.230372002848167945e-02
1.240815968052144669e-02
1.143274525224505234e-02
1.153813159236005692e-02
1.059536150360423923e-02
1.069914614624020710e-02
9.789505553260885451e-03
9.889219960228040618e-03
9.013283087291101836e-03
9.106530268292556407e-03
8.264951653104368745e-03
8.349398935900337326e-03
7.542905625025464467e-03
7.616278353415606439e-03
6.845662915413247562e-03
6.905738954936513352e-03
6.171853198903315407e-03
6.216458148479875323e-03
5.520207452135245108e-03
5.547210475131236773e-03
4.889548640454932649e-03
4.896858840953949299e-03
4.278783406770916842e-03
4.264346688041667499e-03
3.686894638982460282e-03
3.648690989663777584e-03
3.112934808703018974e-03
3.048975970273010150e-03
2.556019989457897212e-03
2.464347464690846978e-03
2.015324474214708061e-03
1.894007842128023200e-03
1.490075923011202619e-03
1.337211430377294175e-03
9.795509803870172671e-04
7.932603839983509708e-04
4.830713099397004884e-04
2.615009472838186744e-04
-2.220446049250313081e-16
-2.586799309732823460e-04
-4.702616998683017968e-04
-7.678576685954396908e-04
-9.282773469720950743e-04
-1.266572840201152239e-03
-1.374578009369353815e-03
-1.755333715615980950e-03
-1.809664732964622047e-03
-2.234618572282132121e-03
-2.234010796180074809e-03
-2.704877804405758646e-03
-2.648063773600051185e-03
-3.166535849067453334e-03
-3.052247427753007614e-03
-3.619992947087813384e-03
-3.446963445909445589e-03
-4.065626754673062893e-03
-3.832593037037437811e-03
-4.503793819849125080e-03
-4.209498402290609564e-03
-4.934830936447615057e-03
-4.578024091172486210e-03
-5.359056386812471873e-03
-4.938498253975992514e-03
-5.776771083321891043e-03
-5.291233800299943724e-03
-6.188259617793581691e-03
-5.636529472117901562e-03
-6.593791226788769944e-03
-5.974670839389600863e-03
-6.993620680163459280e-03
-6.305931225052588407e-03
-7.387989099386302327e-03
-6.630572565812620223e-03
-7.777124711393107459e-03
-6.948846214386988906e-03
-8.161243543410162671e-03
-7.260993688414041358e-03
-8.540550063510621293e-03
-7.567247370741769785e-03
-8.915237771046052861e-03
-7.867831165203731381e-03
-9.285489741159724808e-03
-8.162961112108596540e-03
-9.651479126637108052e-03
-8.452845966321870241e-03
-1.001336962032467470e-02
-8.737687741959182519e-03
-1.037131588118239689e-02
-9.017682225958834064e-03
-1.072546392634915469e-02
-9.293019463569002214e-03
-1.107595149182669103e-02
-9.563884218182910901e-03
-1.142290836366233187e-02
-9.830456407650706163e-03
-1.176645668193154748e-02
-1.009291151925245655e-02
-1.210671121887513246e-02
-1.035142100536640131e-02
-1.244377963317000457e-02
-1.060615266123238198e-02
-1.277776270147079618e-02
-1.085727098705469018e-02
-1.310875452900450711e-02
-1.110493753533040029e-02
-1.343684273957002073e-02
-1.134931124530419444e-02
-1.376210864704519032e-02
-1.159054876563847536e-02
-1.408462740855870310e-02
-1.182880476663911162e-02
-1.440446816067869618e-02
-1.206423224316871545e-02
-1.472169413895635381e-02
-1.229698280936913912e-02
-1.503636278212949762e-02
-1.252720698610165773e-02
-1.534852582108942043e-02
-1.275505448246216922e-02
-1.565822935310146047e-02
-1.298067447172329691e-02
-1.596551390242884061e-02
-1.320421586318848428e-02
-1.627041446709664996e-02
-1.342582757038196517e-02
-1.657296055220042197e-02
-1.364565877664142279e-02
-1.687317619077399744e-02
-1.386385919890081864e-02
-1.717107995130995324e-02
-1.408057935023016016e-02
-1.746668493331299254e-02
-1.429597080204153547e-02
-1.775999875005263018e-02
-1.451018644678242486e-02
-1.805102349928672245e-02
-1.472338076194829037e-02
-1.833975572185297942e-02
-1.493571007523147864e-02
-1.862618634772045256e-02
-1.514733283321362256e-02
-1.891030063002535622e-02
-1.535840987233832999e-02
-1.919207806678480122e-02
-1.556910469478711700e-02
-1.947149231015288251e-02
-1.577958374824028898e-02
-1.974851106302394355e-02
-1.599001671169242300e-02
-2.002309596292217719e-02
-1.620057678708253235e-02
-2.029520245261839939e-02
-1.641144099788172106e-02
-2.056477963782343821e-02
-1.662279049556436572e-02
-2.083177013077708306e-02
-1.683481087431992762e-02
-2.109610987996074494e-02
-1.704769249506599138e-02
-2.135772798529955718e-02
-1.726163081974674274e-02
-2.161654649850119903e-02
-1.747682675652373341e-02
-2.187248020766380252e-02
-1.769348701652762035e-02
-2.212543640602349093e-02
-1.791182448404304850e-02
-2.237531464389008740e-02
-1.813205859984179380e-02
-2.262200646319928454e-02
-1.835441575967911021e-02
-2.286539511384627632e-02
-1.857912972827446829e-02
-2.310535525102552779e-02
-1.880644207050097272e-02
-2.334175261265203360e-02
-1.903660260029660378e-02
-2.357444367566596810e-02
-1.926986984870016073e-02
-2.380327529029990785e-02
-1.950651155230831435e-02
-2.402808429069924756e-02
-1.974680516246252182e-02
-2.424869708029397941e-02
-1.999103837672211448e-02
-2.446492918939424666e-02
-2.023950969159477031e-02
-2.467658480131440513e-02
-2.049252897544412422e-02
-2.488345624074356222e-02
-2.075041805511684823e-02
-2.508532340907665414e-02
-2.101351129626349845e-02
-2.528195312950876072e-02
-2.128215611549100217e-02
-2.547309828119059816e-02
-2.155671319777163752e-02
-2.565849624784721783e-02
-2.183755537509601830e-02
-2.583786425729917013e-02
-2.212506044384143777e-02
-2.601094546946303154e-02
-2.241537767670997994e-02
-2.619258993475903630e-02
-2.269251946683636945e-02
-2.638412699415870755e-02
-2.296432088664390747e-02
-2.658047726385004417e-02
-2.323316677669906571e-02
-2.678019574833201411e-02
-2.350014837403691104e-02
-2.698256123094444625e-02
-2.376592249623832309e-02
-2.718715016299599885e-02
-2.403093921250665232e-02
-2.739369418957826596e-02
-2.429553280632235079e-02
-2.760201716592902699e-02
-2.455996600633114646e-02
-2.781200261897742720e-02
-2.482445429369484202e-02
-2.802357513769426767e-02
-2.508918044618924093e-02
-2.823668893240638411e-02
-2.535430380949565965e-02
-2.845132041229703201e-02
-2.561996650725406610e-02
-2.866746316504020786e-02
-2.588629776968631724e-02
-2.888512444893609477e-02
-2.615341705532103767e-02
-2.910432267650908678e-02
-2.642143636561056219e-02
-2.932508557151924933e-02
-2.669046200766855836e-02
-2.954744879811677105e-02
-2.696059596689504012e-02
-2.977145492824584405e-02
-2.723193699837944681e-02
-2.999715265715008350e-02
-2.750458151338475155e-02
-3.022459620604067698e-02
-2.777862431240785135e-02
-3.045384486683089253e-02
-2.805415920297149590e-02
-3.068496265758824393e-02
-2.833127953036651547e-02
-3.091801806616290005e-02
-2.861007864119369248e-02
-3.115308386424697762e-02
-2.889065029574588994e-02
-3.139023697944254288e-02
-2.917308904123017133e-02
-3.162955841516379429e-02
-2.945749055471802436e-02
-3.187113321188317361e-02
-2.974395196454937551e-02
-3.211505044368889727e-02
-3.003257215446519801e-02
-3.236140324581171512e-02
-3.032345205685427203e-02
-3.261028886958405870e-02
-3.061669493880159187e-02
-3.286180876414535046e-02
-3.091240668376238343e-02
-3.311606867971361723e-02
-3.121069607281601321e-02
-3.337317879636503282e-02
-3.151167506844543276e-02
-3.363325387124338484e-02
-3.181545910186434067e-02
-3.389641340997984198e-02
-3.212216736754891500e-02
-3.416278185698584657e-02
-3.243192312651210774e-02
-3.443248880929505873e-02
-3.274485402064875039e-02
-3.470566925021967286e-02
-3.306109239999188709e-02
-3.498246380722347393e-02
-3.338077566444841437e-02
-3.526301903185224962e-02
-3.370404662377657345e-02
-3.554748770547744297e-02
-3.403105387582061603e-02
-3.583602917024242274e-02
-3.436195220658111449e-02
-3.612880968733567233e-02
-3.469690301428984824e-02
-3.642600282538799306e-02
-3.503607475945658134e-02
-3.672778987968650100e-02
-3.537964344470201361e-02
-3.703436032485352136e-02
-3.572779312546026098e-02
-3.734591230482586788e-02
-3.608071645710653197e-02
-3.766265316122308082e-02
-3.643861527923286658e-02
-3.798480000441373239e-02
-3.680170124357817762e-02
-3.831258033121298645e-02
-3.717019648706632040e-02
-3.864623269221190149e-02
-3.754433435675708086e-02
-3.898600741425595206e-02
-3.792436018975464673e-02
-3.933216738206779528e-02
-3.831053215479585106e-02
-3.968498888620797249e-02
-3.870312216120364024e-02
-4.004476254105437949e-02
-3.910241684145798757e-02
-4.041179428285923692e-02
-3.950871861606364277e-02
-4.078640645268893916e-02
-3.992234684699869085e-02
-4.116893897489171117e-02
-4.034363909108307222e-02
-4.155975063982586537e-02
-4.077295246230050463e-02
-4.195922050173461759e-02
-4.121066511469739790e-02
-4.236774940427023850e-02
-4.165717785982170351e-02
-4.278576164738590037e-02
-4.211291593189414595e-02
-4.321370680972724809e-02
-4.257833091748552956e-02
-4.365206174589975063e-02
-4.305390286899357655e-02
-4.410133277584160627e-02
-4.354014262141436831e-02
-4.456205809073932045e-02
-4.403759433719389715e-02
-4.503481039820589338e-02
-4.454683830441252823e-02
-4.552019983691035776e-02
-4.506849402065116195e-02
-4.601887719198416438e-02
-4.560322359452828600e-02
-4.653153744867100094e-02
-4.615173550727902363e-02
-4.705892372589015604e-02
-4.671478877658064022e-02
-4.760183163789988292e-02
-4.729319757648664524e-02
-4.816111413972823385e-02
-4.788783637110927138e-02
-4.873768692039992523e-02
-4.849964563283615249e-02
-4.933253441569329656e-02
-4.912963821992055724e-02
-4.994671652758586600e-02
-4.977890651024474700e-02
-5.058137614733937415e-02
-5.044863039254265935e-02
-5.123774759734678330e-02
-5.114008624162169614e-02
-5.191716612408481257e-02
-5.185465702018321466e-02
-5.262107860082321231e-02
-5.259384367825703510e-02
-5.335105562029851534e-02
-5.335927804630802296e-02
-5.410880519446370496e-02
-5.415273745864990218e-02
-5.489618831645859398e-02
-5.497616138232586103e-02
-5.571523668509026361e-02
-5.583167038215575140e-02
-5.656817295240279542e-02
-5.672158781274416750e-02
-5.745743392205493461e-02
-5.764846470790496724e-02
-5.838569721355413300e-02
-5.861510843072192944e-02
-5.935591201126622085e-02
-5.962461576550603937e-02
-6.037133464696009533e-02
-6.068041127552903369e-02
-6.143556992647525306e-02
-6.178629193416429466e-02
-6.255261931184619151e-02
-6.294647925668239719e-02
-6.372693732362488817e-02
-6.416568045041004531e-02
-6.496349784553767659e-02
-6.544916045468163190e-02
-6.626787242279807977e-02
-6.680282720516761419e-02
-6.764632316248930799e-02
-6.823333304500101004e-02
-6.910591351343320365e-02
-6.974819596522130460e-02
-7.065464107596142185e-02
-7.135594535437861374e-02
-7.230159772284028286e-02
-7.306629823755250719e-02
-7.405716382062665915e-02
-7.489037371794871056e-02
-7.593324533108014585e-02
-7.684095564294501912e-02
-7.794356526062684587e-02
-7.893281664387852281e-02
-8.010402456813126015e-02
-8.118312095633717362e-02
-8.243315263925676817e-02
-8.361192931259675554e-02
-8.495267437921882880e-02
-8.624283741104243894e-02
-8.768823072840836730e-02
-8.910379109616251014e-02
-9.067030331216763273e-02
-9.222813806577945250e-02
-9.393541403637817311e-02
-9.565600024047737904e-02
-9.752769997574706196e-02
-9.943608695903494166e-02
-1.015010080576401741e-01
-1.036281235339340245e-01
-1.059217213254464163e-01
-1.083061534013001204e-01
-1.108726332689615734e-01
-1.135631038328470677e-01
-1.164583534665322162e-01
-1.195172176487080407e-01
-1.228130003595946373e-01
-1.263213055785006311e-01
-1.301113955939616762e-01
-1.341763759949063384e-01
-1.385857716915596116e-01
-1.433522644863828299e-01
-1.485514435628487728e-01
-1.542198488854896743e-01
-1.604476040112859381e-01
-1.673032219970388423e-01
-1.749047665807230700e-01
