1.00000000007458
0.831664162078767
0.695073807787101
0.583671141328555
0.492349361663265
0.417113694539806
0.354825709723523
0.303009257728903
0.259702419294845
0.223344064479386
0.192686595964875
0.166728596576359
0.144662667828666
0.125834902818604
0.109713297558495
0.0958630497209183
0.0839271793955294
0.0736112737017399
0.0646714357803398
0.0569047307848695
0.0501415833387836
0.0442397047164488
0.0390792229038043
0.034558761599319
0.0305922703444782
0.0271064512788004
0.0240386614999319
0.0213351959603018
0.0189498759904015
0.0168428842360312
0.0149797990512782
0.0133307909808598
0.0118699514941351
0.0105747300592519
0.0094254603246872
0.00840495988080879
0.00749819101801071
0.00669197224466642
0.00597473220512444
0.00533629914449659
0.00476772028047234
0.00426110642336719
0.00380949798152792
0.003406749137363
0.0030474275090266
0.00272672704738235
0.00244039227570959
0.00218465227532029
0.00195616306549249
0.00175195723022394
0.00156939981475543
0.00140614965763181
0.00126012544412822
0.00112947586811491
0.00101255337507267
0.000907891031621528
0.000814182128729463
0.00073026217848641
0.000655093009412451
0.000587748703917776
0.000527403154741101
0.000473319045791221
0.000424838087495164
0.000381372358095273
0.000342396620823135
0.000307441502920565
0.00027608743642321
0.000247959272764037
0.000222721493841234
0.00020007395144003
0.000179748074981472
0.000161503494648377
0.000145125033142075
0.000130420024767279
0.000117215925324663
0.00010535818049601
9.47083241085347e-05
8.51422809261301e-05
7.65488514911151e-05
6.88283590778588e-05
6.18914410611921e-05
5.56579689836168e-05
5.00560833576503e-05
4.5021330790547e-05
4.04958923922188e-05
3.64278936444119e-05
3.27707869885334e-05
2.9482799347095e-05
2.65264376437596e-05
2.38680461418773e-05
2.14774100921807e-05
1.9327400776593e-05
1.73936575654222e-05
1.56543030770518e-05
1.40896879492225e-05
1.26821621049749e-05
1.14158697294463e-05
1.02765654705725e-05
9.25144964135746e-06
8.32902043734021e-06
7.49894139336418e-06
6.75192249155726e-06
6.07961350005369e-06
5.474508271641e-06
4.92985886515971e-06
4.43959847186743e-06
3.99827223564847e-06
3.60097515128427e-06
3.24329631022422e-06
2.92126883949939e-06
2.63132494757518e-06
2.37025555190413e-06
2.13517401749001e-06
1.92348358458973e-06
1.73284810737627e-06
1.56116576450447e-06
1.40654543755005e-06
1.26728548466394e-06
1.14185466488427e-06
1.02887499372421e-06
9.27106333212004e-07
8.35432539775929e-07
7.52849011487877e-07
6.78451492423017e-07
6.11426006458161e-07
5.51039805891231e-07
4.96633231977546e-07
4.47612394984529e-07
4.03442590791362e-07
3.63642379515829e-07
3.2777825923814e-07
2.95459874700453e-07
2.66335706972126e-07
2.40089195556212e-07
2.16435249337183e-07
1.95117107191129e-07
1.75903513049551e-07
1.58586173772833e-07
1.42977471391164e-07
1.2890840414632e-07
1.16226733350874e-07
1.04795315401946e-07
9.44906003714401e-08
8.52012804680312e-08
7.68270733494344e-08
6.9277626776253e-08
6.2471532458247e-08
5.63354381658645e-08
5.08032482783247e-08
4.58154039269796e-08
4.13182347804393e-08
3.72633753161068e-08
3.36072391404559e-08
3.03105455657386e-08
2.73378932311795e-08
2.46573760786657e-08
2.22402374623886e-08
2.00605585941641e-08
1.80949779059858e-08
1.6322438253075e-08
1.47239591881004e-08
1.32824318138234e-08
1.19824339702881e-08
1.08100637366061e-08
9.75278942890328e-09
8.79931445734761e-09
7.93945556839576e-09
7.16403314530882e-09
6.46477237222326e-09
5.83421418610821e-09
5.2656350481101e-09
4.75297466228015e-09
4.29077085656526e-09
3.87410091918816e-09
3.49852875401291e-09
3.16005728196825e-09
2.85508557278776e-09
2.5803702428532e-09
2.33299070136537e-09
2.110317868929e-09
1.90998603038436e-09
1.72986751776587e-09
1.56804994999106e-09
1.42281578361993e-09
1.29262395407927e-09
1.17609340939527e-09
1.07198835896731e-09
9.79205078472643e-10
8.9676012881738e-10
8.23779862329118e-10
7.594911032868e-10
7.03212902556444e-10
6.54349277685193e-10
6.12382860427041e-10
5.76869383447597e-10
5.47432946988419e-10
5.23762014662137e-10
5.05606095389253e-10
4.92773075860898e-10
4.85127174899317e-10
4.82587497765072e-10
4.85127174899317e-10
4.92773075860899e-10
5.05606095389254e-10
5.23762014662138e-10
5.4743294698842e-10
5.76869383447598e-10
6.12382860427042e-10
6.54349277685194e-10
7.03212902556446e-10
7.59491103286801e-10
8.23779862329121e-10
8.96760128817383e-10
9.79205078472644e-10
1.07198835896731e-09
1.17609340939527e-09
1.29262395407928e-09
1.42281578361994e-09
1.56804994999107e-09
1.72986751776587e-09
1.90998603038436e-09
2.11031786892901e-09
2.33299070136538e-09
2.58037024285321e-09
2.85508557278778e-09
3.16005728196826e-09
3.49852875401292e-09
3.87410091918817e-09
4.29077085656527e-09
4.75297466228017e-09
5.2656350481101e-09
5.83421418610824e-09
6.46477237222328e-09
7.16403314530883e-09
7.93945556839579e-09
8.79931445734762e-09
9.75278942890332e-09
1.08100637366061e-08
1.19824339702881e-08
1.32824318138235e-08
1.47239591881004e-08
1.6322438253075e-08
1.80949779059858e-08
2.00605585941641e-08
2.22402374623886e-08
2.46573760786657e-08
2.73378932311796e-08
3.03105455657387e-08
3.3607239140456e-08
3.72633753161069e-08
4.13182347804393e-08
4.58154039269797e-08
5.08032482783249e-08
5.63354381658647e-08
6.24715324582473e-08
6.9277626776253e-08
7.68270733494345e-08
8.52012804680316e-08
9.44906003714402e-08
1.04795315401946e-07
1.16226733350874e-07
1.2890840414632e-07
1.42977471391165e-07
1.58586173772833e-07
1.75903513049552e-07
1.95117107191129e-07
2.16435249337183e-07
2.40089195556213e-07
2.66335706972126e-07
2.95459874700454e-07
3.2777825923814e-07
3.6364237951583e-07
4.03442590791363e-07
4.4761239498453e-07
4.96633231977548e-07
5.51039805891231e-07
6.11426006458162e-07
6.78451492423019e-07
7.52849011487878e-07
8.35432539775932e-07
9.27106333212003e-07
1.02887499372422e-06
1.14185466488428e-06
1.26728548466394e-06
1.40654543755006e-06
1.56116576450447e-06
1.73284810737628e-06
1.92348358458974e-06
2.13517401749001e-06
2.37025555190414e-06
2.63132494757518e-06
2.9212688394994e-06
3.24329631022424e-06
3.60097515128428e-06
3.99827223564849e-06
4.43959847186744e-06
4.92985886515973e-06
5.47450827164103e-06
6.0796135000537e-06
6.75192249155728e-06
7.49894139336419e-06
8.32902043734023e-06
9.25144964135749e-06
1.02765654705726e-05
1.14158697294463e-05
1.26821621049749e-05
1.40896879492226e-05
1.56543030770519e-05
1.73936575654223e-05
1.9327400776593e-05
2.14774100921807e-05
2.38680461418773e-05
2.65264376437597e-05
2.9482799347095e-05
3.27707869885334e-05
3.64278936444119e-05
4.04958923922188e-05
4.50213307905472e-05
5.00560833576503e-05
5.56579689836169e-05
6.18914410611922e-05
6.88283590778589e-05
7.65488514911154e-05
8.51422809261305e-05
9.47083241085345e-05
0.00010535818049601
0.000117215925324663
0.00013042002476728
0.000145125033142075
0.000161503494648377
0.000179748074981472
0.000200073951440031
0.000222721493841235
0.000247959272764038
0.00027608743642321
0.000307441502920565
0.000342396620823135
0.000381372358095275
0.000424838087495166
0.000473319045791221
0.000527403154741101
0.000587748703917777
0.000655093009412454
0.000730262178486414
0.000814182128729461
0.000907891031621527
0.00101255337507268
0.00112947586811492
0.00126012544412823
0.00140614965763181
0.00156939981475543
0.00175195723022395
0.00195616306549249
0.0021846522753203
0.00244039227570959
0.00272672704738235
0.0030474275090266
0.00340674913736301
0.00380949798152794
0.00426110642336718
0.00476772028047234
0.00533629914449663
0.00597473220512446
0.00669197224466645
0.00749819101801069
0.00840495988080879
0.00942546032468723
0.0105747300592519
0.0118699514941352
0.0133307909808597
0.014979799051278
0.0168428842360315
0.0189498759904015
0.0213351959603018
0.0240386614999315
0.0271064512788011
0.0305922703444783
0.0345587615993181
0.0390792229038049
0.0442397047164486
0.0501415833387837
0.0569047307848701
0.0646714357803398
0.0736112737017391
0.0839271793955291
0.0958630497209197
0.109713297558494
0.12583490281861
0.14466266782867
0.166728596576362
0.192686595964876
0.223344064479387
0.259702419294841
0.30300925772891
0.354825709723522
0.417113694539805
0.492349361663275
0.583671141328571
0.695073807787111
0.8316641620788
1.00000000007458
