3.604931141477363266e-04
1.137483828996699309e-03
2.001187089225864302e-03
2.969673885777346367e-03
4.066294152469757117e-03
5.322092979756498643e-03
6.778876685297252624e-03
8.494713743231130376e-03
1.055229128656422904e-02
1.307385759206357648e-02
1.624771480950808547e-02
2.037997426728865163e-02
2.600316428166197028e-02
3.413208217844986014e-02
4.696423560932138502e-02
7.028117258643404308e-02
1.254610055659605428e-01
3.957008313850555181e-01
-1.518433869206717635e+00
6.455386383508157078e-01
-7.009728300405093648e-01
4.955304695048176056e-01
-5.611686121923414872e-01
4.459075744645444872e-01
-5.039264298170467171e-01
4.234692039471119607e-01
-4.749641573158893681e-01
4.128297822799130157e-01
-4.592823361578657337e-01
4.084746840451298211e-01
-4.509572690604957135e-01
4.078916630581815861e-01
-4.471524454409492311e-01
4.097613346435363679e-01
-4.463321520875374038e-01
4.133215042388328486e-01
-4.475906031033189403e-01
4.181006183813520405e-01
-4.503586857092935491e-01
4.237914716263204706e-01
-4.542610293584826153e-01
4.301857205218657665e-01
-4.590403643143103340e-01
4.371374789906776193e-01
-4.645148180242213987e-01
4.445419249295280428e-01
-4.705525151348874946e-01
4.523221445725796874e-01
-4.770558046849722178e-01
4.604207306785557119e-01
-4.839511048871993903e-01
4.687942422421965682e-01
-4.911821601081690636e-01
4.774094494898949437e-01
-4.987054431018835277e-01
4.862407276016846303e-01
-5.064869465686099304e-01
4.952682098155699597e-01
-5.144998984365615202e-01
5.044764544251059135e-01
-5.227231052518303001e-01
5.138534671178625057e-01
-5.311397319265183103e-01
5.233899733304451241e-01
-5.397363897502543972e-01
5.330788699483106630e-01
-5.485024462057596084e-01
5.429148072379783585e-01
-5.574294965357320386e-01
5.528938668869674000e-01
-5.665109550015015039e-01
5.630133117866110704e-01
-5.757417357145122594e-01
5.732713901598291972e-01
-5.851180014902301885e-01
5.836671809655157306e-01
-5.946369646517207785e-01
5.942004714320712200e-01
-6.042967279866392483e-01
6.048716594683916092e-01
-6.140961573069279034e-01
6.156816756632694787e-01
-6.240347785893478605e-01
6.266319208566363264e-01
-6.341126948521694784e-01
6.377242161996967695e-01
-6.443305187571193304e-01
6.489607632145422134e-01
-6.546893179239875460e-01
6.603441121351361076e-01
-6.651905706343387292e-01
6.718771368891363061e-01
-6.758361299148636370e-01
6.835630156925699419e-01
-6.866281948203536434e-01
6.954052164040764872e-01
-6.975692873838132968e-01
7.074074857174847963e-01
-7.086622346216954194e-01
7.195738418514909807e-01
-7.199101546622875825e-01
7.319085701601406591e-01
-7.313164464719185132e-01
7.444162212721354699e-01
-7.428847827715819863e-01
7.571016116149582587e-01
-7.546191055715397722e-01
7.699698260315126497e-01
-7.665236242041512105e-01
7.830262222269903649e-01
-7.786028155993283129e-01
7.962764371338191260e-01
-7.908614263987792103e-01
8.097263949779671677e-01
-8.033044771547024343e-01
8.233823168671898785e-01
-8.159372681481593670e-01
8.372507322148216025e-01
-8.287653868939646173e-01
8.513384916059686391e-01
-8.417947173817714734e-01
8.656527814920293995e-01
-8.550314508009826397e-01
8.802011403795635403e-01
-8.684820980172320848e-01
8.949914769487146149e-01
-8.821535036234081639e-01
9.100320898511689016e-01
-8.960528617322713885e-01
9.253316895458935099e-01
-9.101877334493904126e-01
9.408994221206750108e-01
-9.245660663032213566e-01
9.567448953000923240e-01
-9.391962155252748801e-01
9.728782069103150132e-01
-9.540869674044198945e-01
9.893099757425001251e-01
-9.692475649620965195e-01
1.006051375256550084e+00
-9.846877358507293287e-01
1.023114170351040464e+00
-1.000417722970300627e+00
1.040510757303916067e+00
-1.016448317867317153e+00
1.058254207309280659e+00
-1.032790897124668206e+00
1.076358314175757114e+00
-1.049457462096558658e+00
1.094837646106600282e+00
-1.066460682430243168e+00
1.113707602448326561e+00
-1.083813943535679281e+00
1.132984475746294795e+00
-1.101531398426656594e+00
1.152685519702850936e+00
-1.119628024745371153e+00
1.172829023573326523e+00
-1.138119686943113162e+00
1.193434394088216166e+00
-1.157023204814196848e+00
1.214522245324958227e+00
-1.176356428503920970e+00
1.236114497817910607e+00
-1.196138321367588908e+00
1.258234487785486300e+00
-1.216389051026899093e+00
1.280907088018748974e+00
-1.237130090012305228e+00
1.304158841423568971e+00
-1.258384327054952845e+00
1.328018109379549117e+00
-1.280176190316771656e+00
1.352515236504239438e+00
-1.302531784155518180e+00
1.377682734144190624e+00
-1.325479041266668379e+00
1.403555485081138254e+00
-1.349047892193830700e+00
1.430170972575028898e+00
-1.373270454624314407e+00
1.457569537055534603e+00
-1.398181245228531600e+00
1.485794664597190451e+00
-1.423817417468430824e+00
1.514893311889164762e+00
-1.450219028898444007e+00
1.544916273393233119e+00
-1.477429342727362815e+00
1.575918597116494180e+00
-1.505495168773985704e+00
1.607960057056296854e+00
-1.534467250072850453e+00
1.641105691394354693e+00
-1.564400702636213225e+00
1.675426418005917517e+00
-1.595355517170230275e+00
1.710999740041222683e+00
-1.627397133450577016e+00
1.747910558355324717e+00
-1.660597100121758540e+00
1.786252110117807046e+00
-1.695033835236250841e+00
1.826127057232814543e+00
-1.730793506767483780e+00
1.867648754177920978e+00
-1.767971055577723938e+00
1.910942730979497517e+00
-1.806671389404269190e+00
1.956148435941055252e+00
-1.847010782792698702e+00
2.003421293591102881e+00
-1.889118526316327706e+00
2.052935147962002382e+00
-1.933138879395362997e+00
2.104885178809859703e+00
-1.979233395674224294e+00
2.159491403799959741e+00
-2.027583707697399262e+00
2.217002910083878842e+00
-2.078394882978413349e+00
2.277703002951062761e+00
-2.131899495264571343e+00
2.341915515367649192e+00
-2.188362599633158823e+00
2.410012600929496429e+00
-2.248087858662582761e+00
2.482424441426981154e+00
-2.311425149628697273e+00
2.559651450106793291e+00
-2.378780096551427192e+00
2.642279765903889022e+00
-2.450626132582857775e+00
2.731001141809484167e+00
-2.527519928638481961e+00
2.826638778563985266e+00
-2.610121362733492489e+00
2.930181323994941245e+00
-2.699219702736401771e+00
3.042828272097942488e+00
-2.795768432377125023e+00
3.166051568232333580e+00
-2.900932320234896444e+00
3.301680725309250164e+00
-3.016152181955912503e+00
3.452022834243370308e+00
-3.143235802402257306e+00
3.620035714590172482e+00
-3.284488541856180888e+00
3.809584409795921722e+00
-3.442905940788955732e+00
4.025832907893619250e+00
-3.622466534411619143e+00
4.275864120783461786e+00
-3.828593203343492846e+00
4.569703613529986441e+00
-4.068911650438472805e+00
4.922098821667988844e+00
-4.354563349402287287e+00
5.355812962032725721e+00
-4.702628323676334432e+00
5.908231771127685050e+00
-5.140975772779838415e+00
6.646086703865192291e+00
-5.719084591497541226e+00
7.703411543907501269e+00
-6.536131855853754224e+00
9.403224897374048652e+00
-7.832952639333059963e+00
1.282554973315757962e+01
-1.045151251909712542e+01
2.668734080395068986e+01
-2.096523407233423342e+01
-4.532281718970256890e+00
-2.548568775446381718e+00
-1.772615342705734953e+00
-1.360967328760989137e+00
-1.105104456853680972e+00
-9.319659816178375022e-01
-8.057239765231412054e-01
-7.110581274961387255e-01
-6.359046573759936649e-01
-5.764516804942338979e-01
-5.265240039260672411e-01
-4.858500995321397564e-01
-4.501902448355523667e-01
-4.207075244675954062e-01
-3.938872536045394113e-01
-3.716137382366784259e-01
-3.506395084797302442e-01
-3.332867590236902045e-01
-3.163727506476248230e-01
-3.025331493950914608e-01
-2.885478740478145121e-01
-2.773087540320664512e-01
-2.655001893044621197e-01
-2.562444463098540459e-01
-2.460928571771244799e-01
-2.383887994867840976e-01
-2.295230197574050779e-01
-2.230601388038644384e-01
-2.152075052071040218e-01
-2.097573357410675854e-01
-2.027124272029071639e-01
-1.981038516428169083e-01
-1.917081512702693002e-01
-1.878115086609547513e-01
-1.819393752184936541e-01
-1.786570721618127855e-01
-1.732036502665290356e-01
-1.704628004216997006e-01
-1.653464375201793568e-01
-1.630817073041354870e-01
-1.582409280341348090e-01
-1.563982518908163533e-01
-1.517827168483187050e-01
-1.503178106319403295e-01
-1.458858695731061750e-01
-1.447621356000798887e-01
-1.404790120560925615e-01
-1.396659591320058569e-01
-1.355023725507034094e-01
-1.349744092316808031e-01
-1.309055165968670553e-01
-1.306410187810069234e-01
-1.266455925778876279e-01
-1.266261753192426676e-01
-1.226859585235385297e-01
-1.228959017038697143e-01
-1.189950968947733612e-01
-1.194208880941875772e-01
-1.155457492721432833e-01
-1.161757168316850386e-01
-1.123142206610692473e-01
-1.131382368154567053e-01
-1.092798158544507903e-01
-1.102890547823679179e-01
-1.064243795033665840e-01
-1.076111187758833077e-01
-1.037319182979005716e-01
-1.050893748852298470e-01
-1.011882886492659339e-01
-1.027104826457505560e-01
-9.878093699960227569e-02
-1.004625777293358668e-01
-9.649868269341685401e-02
-9.833507300337243628e-02
-9.433153549122283432e-02
-9.631849091159641607e-02
-9.227054144411617198e-02
-9.440432156985539836e-02
-9.030765211603142273e-02
-9.258490208912148467e-02
-8.843561313051959138e-02
-9.085331351085160212e-02
-8.664786879025801469e-02
-8.920329242736435571e-02
-8.493848012862273422e-02
-8.762915490200742785e-02
-8.330205423793785036e-02
-8.612573073750001695e-02
-8.173368310401557535e-02
-8.468830648682229567e-02
-8.022889048902029363e-02
-8.331257587798232556e-02
-7.878358565274831693e-02
-8.199459655346519327e-02
-7.739402290727431799e-02
-8.073075220250056083e-02
-7.605676616629909736e-02
-7.951771932002742183e-02
-7.476865778174038302e-02
-7.835243794404939122e-02
-7.352679107676601822e-02
-7.723208582827775781e-02
-7.232848607363620563e-02
-7.615405558672183606e-02
-7.117126799033267337e-02
-7.511593441918372471e-02
-7.005284814459952769e-02
-7.411548608468204735e-02
-6.897110695887816167e-02
-7.315063483558784108e-02
-6.792407879770354096e-02
-7.221945106886235033e-02
-6.690993841613557258e-02
-7.132013848406897061e-02
-6.592698881773853548e-02
-7.045102256538998686e-02
-6.497365035926438992e-02
-6.961054023203977481e-02
-6.404845095198997973e-02
-6.879723052089942170e-02
-6.315001723412583257e-02
-6.800972618160525118e-02
-6.227706660458094678e-02
-6.724674608374225926e-02
-6.142840002164298013e-02
-6.650708834401522496e-02
-6.060289548110653346e-02
-6.578962409424948810e-02
-5.979950210238649255e-02
-6.509329182462708641e-02
-5.901723475593634305e-02
-6.441709223712099863e-02
-5.825516917681983209e-02
-6.376008355838158614e-02
-5.751243751158341411e-02
-6.312137726429134510e-02
-5.678822425821167252e-02
-6.250013417382072056e-02
-5.608176255497882012e-02
-6.189556087649805693e-02
-5.539233078765026796e-02
-6.130690645884484535e-02
-5.471924948157780300e-02
-6.073345950298233986e-02
-5.406187845238943218e-02
-6.017454532864969369e-02
-5.341961418976692855e-02
-5.962952345824042155e-02
-5.279188745398497029e-02
-5.909778528219018084e-02
-5.217816106356987227e-02
-5.857875190674349808e-02
-5.157792785875657537e-02
-5.807187216795346024e-02
-5.099070882273782496e-02
-5.757662079620499279e-02
-5.041605134901343266e-02
-5.709249671857507397e-02
-4.985352764020010291e-02
-5.661902148691230763e-02
-4.930273322790748591e-02
-5.615573781976346268e-02
-4.876328560278103685e-02
-5.570220824954122407e-02
-4.823482294584878483e-02
-5.525801386582269992e-02
-4.771700295280842385e-02
-5.482275314561474433e-02
-4.720950174273147448e-02
-5.439604086532415228e-02
-4.671201284649736940e-02
-5.397750708609760917e-02
-4.622424626473010945e-02
-5.356679620676375875e-02
-4.574592759445531009e-02
-5.316356608009525919e-02
-4.527679721523429623e-02
-5.276748718588139542e-02
-4.481660953218258303e-02
-5.237824185765543872e-02
-4.436513227127092396e-02
-5.199552355751793642e-02
-4.392214582234124642e-02
-5.161903619700988766e-02
-4.348744262674561489e-02
-5.124849349859073033e-02
-4.306082660687068908e-02
-5.088361839634966688e-02
-4.264211263279477082e-02
-5.052414247160735838e-02
-4.223112602601625243e-02
-5.016980542273857813e-02
-4.182770209492867042e-02
-4.982035456329861334e-02
-4.143168570180727484e-02
-4.947554435044310139e-02
-4.104293085816121400e-02
-4.913513593826263071e-02
-4.066130034690296213e-02
-4.879889675603168997e-02
-4.028666536943426024e-02
-4.846660010800379892e-02
-3.991890521605606645e-02
-4.813802479527107270e-02
-3.955790695780864175e-02
-4.781295475634883552e-02
-3.920356515950057519e-02
-4.749117872500974169e-02
-3.885578161086214455e-02
-4.717248990624831051e-02
-3.851446507641756445e-02
-4.685668566689515924e-02
-3.817953106170621225e-02
-4.654356724010327850e-02
-3.785090159557197298e-02
-4.623293944470030503e-02
-3.752850502751073347e-02
-4.592461041509932063e-02
-3.721227583868347288e-02
-4.561839134429301890e-02
-3.690215446623917872e-02
-4.531409623631038608e-02
-3.659808714040405087e-02
-4.501154166928392208e-02
-3.630002573392804299e-02
-4.471054656779976932e-02
-3.600792762094942590e-02
-4.441093198297987876e-02
-3.572175554901690919e-02
-4.411252088095968249e-02
-3.544147751877180230e-02
-4.381513793861913086e-02
-3.516706667548979981e-02
-4.351860934596651909e-02
-3.489850120785187304e-02
-4.322276261457264068e-02
-3.463576425692604932e-02
-4.292742639188851239e-02
-3.437884383271774813e-02
-4.263243028030463955e-02
-3.412773273881189451e-02
-4.233760466189029348e-02
-3.388242850514583404e-02
-4.204278052654045195e-02
-3.364293332764756173e-02
-4.174778930450756542e-02
-3.340925401503719305e-02
-4.145246270244556941e-02
-3.318140194281404831e-02
-4.115663254286294759e-02
-3.295939301366135332e-02
-4.086013060597271096e-02
-3.274324762364783092e-02
-4.056278847450034419e-02
-3.253299063581160944e-02
-4.026443738047991161e-02
-3.232865135855811367e-02
-3.996490805401964330e-02
-3.213026353060838280e-02
-3.966403057352860251e-02
-3.193786531096259873e-02
-3.936163421723531952e-02
-3.175149927487774804e-02
-3.905754731565513893e-02
-3.157121241458549221e-02
-3.875159710431663740e-02
-3.139705614498389252e-02
-3.844360957675396762e-02
-3.122908631427101511e-02
-3.813340933667763721e-02
-3.106736321778669208e-02
-3.782081944864934542e-02
-3.091195161539106451e-02
-3.750566128517318631e-02
-3.076292074860920156e-02
-3.718775436698562586e-02
-3.062034435409277666e-02
-3.686691618985571406e-02
-3.048430066239810055e-02
-3.654296201930096188e-02
-3.035487235282174900e-02
-3.621570460585310514e-02
-3.023214637946392003e-02
-3.588495366245614271e-02
-3.011621336487291245e-02
-3.555051447673585052e-02
-3.000716517484081081e-02
-3.521218245848789508e-02
-2.990508449940953994e-02
-3.486980629453606539e-02
-2.980441594630978130e-02
-3.454317321779765138e-02
-2.968407720621035750e-02
-3.423325371592644828e-02
-2.955500154590851025e-02
-3.393275734547085420e-02
-2.942053775115671677e-02
-3.363940790645081336e-02
-2.928221591409463365e-02
-3.335195869328044793e-02
-2.914093967446707012e-02
-3.306959625669803060e-02
-2.899730783933174294e-02
-3.279173758676812156e-02
-2.885174481931529478e-02
-3.251793899539268118e-02
-2.870456491999062720e-02
-3.224784829001681175e-02
-2.855600811130920569e-02
-3.198117697624325295e-02
-2.840626166614867998e-02
-3.171768288058829377e-02
-2.825547408459394561e-02
-3.145715867423692913e-02
-2.810376449114815323e-02
-3.119942395983277272e-02
-2.795122921997372778e-02
-3.094431962266908087e-02
-2.779794657571788008e-02
-3.069170367974982661e-02
-2.764398036160686800e-02
-3.044144815457805464e-02
-2.748938255336552672e-02
-3.019343667579232893e-02
-2.733419536209780176e-02
-2.994756259775033236e-02
-2.717845285066911032e-02
-2.970372750578698096e-02
-2.702218221880636762e-02
-2.946184001164287025e-02
-2.686540483616606245e-02
-2.922181476950791446e-02
-2.670813708170260981e-02
-2.898357166318843436e-02
-2.655039103246270571e-02
-2.874703512808285399e-02
-2.639217503276902743e-02
-2.851213357963200412e-02
-2.623349416822318148e-02
-2.827879892748508261e-02
-2.607435066290364478e-02
-2.804696615862312115e-02
-2.591474421352191193e-02
-2.781657297748396651e-02
-2.575467227285233029e-02
-2.758755949262281515e-02
-2.559413028966528447e-02
-2.735986794182765358e-02
-2.543311191349406641e-02
-2.713344244900639524e-02
-2.527160916946324942e-02
-2.690822880906940107e-02
-2.510961260717259336e-02
-2.668417429365699256e-02
-2.494711142813188509e-02
-2.646122747848655976e-02
-2.478409359495170605e-02
-2.623933808422573843e-02
-2.462054592363160932e-02
-2.601845683348447125e-02
-2.445645416215391776e-02
-2.579853531765707864e-02
-2.429180305657363537e-02
-2.557952587539824574e-02
-2.412657640625315292e-02
-2.536138147799693598e-02
-2.396075710923428748e-02
-2.514405562320320975e-02
-2.379432719839758015e-02
-2.492750223406037247e-02
-2.362726787044810983e-02
-2.471167556370057472e-02
-2.345955950682232505e-02
-2.449653010377250695e-02
-2.329118168804689137e-02
-2.428202049614236468e-02
-2.312211320182977481e-02
-2.406810144781057481e-02
-2.295233204485325196e-02
-2.385472764744489549e-02
-2.278181541929580334e-02
-2.364185368315424585e-02
-2.261053972304105653e-02
-2.342943396173147175e-02
-2.243848053530217435e-02
-2.321742262760473352e-02
-2.226561259594905806e-02
-2.300577348167198721e-02
-2.209190978032138375e-02
-2.279443989965268536e-02
-2.191734506778997282e-02
-2.258337474881211282e-02
-2.174189050540420443e-02
-2.237253030312968960e-02
-2.156551716525523243e-02
-2.216185815579840845e-02
-2.138819509612999159e-02
-2.195130912941378742e-02
-2.120989326890326820e-02
-2.174083318182334912e-02
-2.103057951508446877e-02
-2.153037930879980744e-02
-2.085022045877726882e-02
-2.131989544121232205e-02
-2.066878144046141452e-02
-2.110932833712231282e-02
-2.048622643317687952e-02
-2.089862346750104294e-02
-2.030251794975712620e-02
-2.068772489476200516e-02
-2.011761694040370418e-02
-2.047657514337192231e-02
-1.993148268026889713e-02
-2.026511506153483300e-02
-1.974407264539235207e-02
-2.005328367221154151e-02
-1.955534237609296566e-02
-1.984101801321941361e-02
-1.936524532697631029e-02
-1.962825296388742702e-02
-1.917373270148048370e-02
-1.941492105776010391e-02
-1.898075326990145140e-02
-1.920095227848728214e-02
-1.878625316839344084e-02
-1.898627383767487187e-02
-1.859017567770498980e-02
-1.877080993193708247e-02
-1.839246097812141656e-02
-1.855448147678773196e-02
-1.819304587911890758e-02
-1.833720581419728823e-02
-1.799186351935189165e-02
-1.811889639039659938e-02
-1.778884303425126712e-02
-1.789946240014633760e-02
-1.758390918637631195e-02
-1.767880839309865504e-02
-1.737698195462517026e-02
-1.745683383642959718e-02
-1.716797607520237356e-02
-1.723343262861953828e-02
-1.695680052992237785e-02
-1.700849255684822037e-02
-1.674335797255421809e-02
-1.678189469021573732e-02
-1.652754408563844590e-02
-1.655351269897609168e-02
-1.630924685697004994e-02
-1.632321208967579818e-02
-1.608834576453577192e-02
-1.609084934229321195e-02
-1.586471085505819500e-02
-1.585627093474478722e-02
-1.563820170045127078e-02
-1.561931223697105020e-02
-1.540866621207392928e-02
-1.537979625291885366e-02
-1.517593929011740173e-02
-1.513753218559465985e-02
-1.493984128012348922e-02
-1.489231379473421324e-02
-1.470017620390740021e-02
-1.464391751112714690e-02
-1.445672972501493847e-02
-1.439210026396819941e-02
-1.420926680098125172e-02
-1.413659696850977365e-02
-1.395752896403362753e-02
-1.387711761010984590e-02
-1.370123116015242726e-02
-1.361334384648860141e-02
-1.344005805913978113e-02
-1.334492503237438843e-02
-1.317365972996492607e-02
-1.307147354783227966e-02
-1.290164654894759844e-02
-1.279255928375488960e-02
-1.262358317706524513e-02
-1.250770310088983317e-02
-1.233898140090389228e-02
-1.221636903165862487e-02
-1.204729157782735705e-02
-1.191795493365138681e-02
-1.174789235689038813e-02
-1.161178122247280564e-02
-1.144007825443627002e-02
-1.129707720753247990e-02
-1.112304454240140017e-02
-1.097296441262041178e-02
-1.079586874409502184e-02
-1.063843607518746848e-02
-1.045748781332891952e-02
-1.029233176177724030e-02
-1.010666977235330499e-02
-9.933305685275117813e-03
-9.741978170885456922e-03
-9.559786821913440757e-03
-9.361727150396625952e-03
-9.169928239164515382e-03
-8.963924080363810942e-03
-8.761542068338207256e-03
-8.546195559288649601e-03
-8.332015141353760201e-03
-8.105690863097703147e-03
-7.878198233580518961e-03
-7.638954388847679633e-03
-7.396258748598977251e-03
-7.141754816900269809e-03
-6.881481947176498748e-03
-6.608852826147204595e-03
-6.327998456615524514e-03
-6.033679928423629768e-03
-5.728404062885494863e-03
-5.407886037962272852e-03
-5.073218608580731814e-03
-4.720688607318362928e-03
-4.350098545012982820e-03
-3.957913789007238420e-03
-3.542661571466720200e-03
-3.100545071627609783e-03
-2.628680523597406310e-03
-2.122456647444717626e-03
-1.577212920891975234e-03
-9.867421792904215727e-04
-3.438549672570567761e-04
