1.0000000001184
-0
-0.206517003131638
-0.740088192239589
-0.255590038308695
0.057220993994207
-0.292594925741409
0.00939984388679195
0.0394982154455685
0.408956324816243
0.199689950546929
-0.0207904437621746
0.175863514327499
0.0217635896203077
0.0422951621377941
-0.308493187476859
-0.187121024426636
-0.012196171715799
-0.114343159753873
-0.0273090625048474
-0.0938114555791215
0.238008083746562
0.176754476428069
0.0478913200339434
0.0777736460097199
0.0199444181942095
0.12461007549192
-0.176494360221501
-0.160027762128342
-0.0838349172270789
-0.0587438259917137
-0.00693109485481813
-0.138111983885468
0.121095321640086
0.134698356480472
0.116254745468426
0.0535021424320464
-0.00619046451146104
0.137137641829748
-0.073127049309974
-0.101438879805359
-0.141485234614538
-0.0585488681577598
0.0151265195212772
-0.125075768407431
0.0346658580995891
0.0627297268102174
0.156706708518576
0.0699596638271248
-0.0169739778975818
0.105941446850889
-0.00721691886207914
-0.0221135152401497
-0.160407287725124
-0.0835185161680771
0.010405327763934
-0.0840195104278257
-0.00888658200017737
-0.0164982593911892
0.152597537880028
0.0951481593333038
0.00428986780440622
0.0633523637077532
0.014667445010273
0.0494797035984634
-0.134775580543757
-0.101414803440983
-0.0253655689759737
-0.0472244571237031
-0.0123814878204474
-0.0740481290035262
0.109662250386831
0.0999701549683314
0.0499754163112872
0.0377522803948392
0.00516450130896495
0.0886581948965338
-0.08075636356885
-0.0898387658597139
-0.0746749221900697
-0.0356543413975115
0.0034674976146243
-0.0931837504412835
0.0517855777045207
0.0714980176378848
0.095992849680229
0.0402388402083798
-0.0101714055039576
0.0888692005569729
-0.0261423590768783
-0.0467377698824534
-0.110983174154282
-0.0496081579287209
0.012289074296082
-0.0780673462642145
0.00639442996180572
0.0183247638668889
0.117672901207775
0.0610431260190749
-0.00823513380254819
0.0638132667290695
0.00605523379014164
0.010471191094932
-0.115339003101221
-0.0715013367123768
-0.00229920470084969
-0.049308187919235
-0.0111097707476371
-0.036410779198181
0.104576398284683
0.0781466738695435
0.0183542734594571
0.0373994083793266
0.00990536122124888
0.056792054513309
-0.0871532540952431
-0.0788241739918423
-0.0379145325007106
-0.0301403912836541
-0.00454295186773865
-0.0698506114146476
0.0656841664571037
0.0724053968855625
0.0582849827195128
0.0284996284521086
-0.00232490433839591
0.0749924120014681
-0.0431803214528253
-0.058952539111541
-0.0765651355343091
-0.0322606118277491
0.00797965023263639
-0.072827503998309
0.0225539855073259
0.0396805011252438
0.0901401401464078
0.0401227206777253
-0.0101125981396751
0.0650062493149779
-0.00615981276468085
-0.0167297512757588
-0.0971081003485189
-0.0499795202176352
0.007212912939151
-0.0538919745152335
-0.00455306465474538
-0.00720648022629123
0.0965753834365308
0.0593223787607455
0.00119366940471581
0.0421298387194314
0.00922467411580706
0.0293343971141726
-0.0887754263905773
-0.0656980709892818
-0.0144902544910789
-0.0321870553686215
-0.00857885109949257
-0.0472137276785908
0.0749970123808066
0.0671421245628121
0.0311015923726167
0.0259421007779917
0.00423629562313627
0.0591381392118062
-0.0573400151271329
-0.0625159503455364
-0.0487861967096282
-0.0243900740674184
0.00161652189587442
-0.0643808541657263
0.0383448230199832
0.0516939176690578
0.0650338631204344
0.0275099788345158
-0.00664214123160853
0.0632686246740258
-0.0205614353305549
-0.0355731920132416
-0.0774985028236296
-0.0343111975249178
0.00877779928225582
-0.0570770433967032
0.00613245230239596
0.0159096847563907
0.084392195495881
0.0430457585348987
-0.00659945307887378
0.0477704038256822
0.00354025385327724
0.00498733448304623
-0.0847748987223047
-0.0515453537465024
-0.000436014825258086
-0.0376348828259281
-0.00799146006499733
-0.02464641779251
0.0786936097113948
0.0576220363402842
0.011908306355112
0.0288705084996405
0.00772209126109302
0.0408423091515418
-0.0671514536720268
-0.0594623229459882
-0.0265207151510271
-0.0232125872315221
-0.00406228147253695
-0.0519517647686001
0.0519165057571321
0.0559473520651207
0.0423373243814358
0.0216463758543134
-0.00110373003698867
0.057197792237325
-0.0352071187567582
-0.0468460423971906
-0.0571259768590227
-0.024261235524983
0.00569979000449131
-0.0567437557462787
0.0193106075410796
0.0328511709782398
0.0687456356194261
0.0302655054285871
-0.00784245843725427
0.0516253498191294
-0.00620207433271835
-0.0154558559604265
-0.0755106392082486
-0.0381552984871581
0.00618118491513218
-0.0435364247351711
-0.00277152192800363
-0.00330470760590241
0.0764698950601843
0.0460041887267869
-0.000136386947259655
0.0345092540503919
0.00708970481943208
0.0211989067700264
-0.0715550527398725
-0.0518207696299967
-0.0100033211573067
-0.0265469423253251
-0.00710829706609995
-0.0361705061423268
0.0615752055327829
0.0539106008179897
0.0231383825722822
0.0212725158385016
0.00395601653785019
0.0466722118059717
-0.0480625100677882
-0.0511797194316536
-0.0375567581756985
-0.0196548644971458
0.000700384730136474
-0.0519046339142262
0.0329986258294804
0.0433283304803386
0.0512362609697304
0.021857089339554
-0.00497852247174335
0.051921788473006
-0.0184717122710208
-0.0309033252488211
-0.0621963037197749
-0.0272306704474822
0.00713227721801261
-0.0475881045201303
0.00632458888098598
0.0152032952783844
0.0688371976695302
0.0344531573218645
-0.00587130180604026
0.0403978234592761
0.00214512714572965
0.00194468766436316
-0.0702085472188378
-0.0417822908957248
0.000593166912580954
-0.0321911915933184
-0.00638236672372149
-0.0184954846287803
0.0661617047968937
0.0473798464676142
0.00851056190023765
0.0248189519002577
0.00663768673528254
0.0325281931013114
-0.0573621796637859
-0.0496473254306042
-0.0204903849032836
-0.019814511014279
-0.00388822614860859
-0.0425606049510761
0.0451625845561568
0.0475146890432201
0.0338081546226702
0.0181306084866842
-0.000366524946299819
0.0477820602363339
-0.0313608238746521
-0.040632591826683
-0.0466077098687153
-0.0199849807498189
0.00439582675298012
-0.0481661054196075
0.0178876193737006
0.0294362473845754
0.0570379624165937
0.0248397018375729
-0.00656300366308593
0.0444459323246396
-0.00647886543433846
-0.0150719362170434
-0.0635713105777766
-0.0315151580877666
0.00562736782753452
-0.0379596955972942
-0.00161012406052147
-0.000798808983234655
0.0652620783354774
0.0384161526926558
-0.000970292840477963
0.0303952583546562
0.00579977008632468
0.0162813118507837
-0.0619010671950374
-0.0438285008283164
-0.00729285670535279
-0.0234808357586663
-0.00625873544427192
-0.0295657525339872
0.054041122634346
0.0462329135560738
0.0183326581648315
0.0186765550423088
0.00384366587098872
0.0392252855503882
-0.0428914692080327
-0.0445808588930172
-0.0307518387733289
-0.0169207863766351
8.06466053849413e-05
-0.0444429141187874
0.0301014240364912
0.0384846408067542
0.0428302294521651
0.018474585915564
-0.00390687729545419
0.0451290303831878
-0.0174729871730957
-0.0282896801565211
-0.0528241495589253
-0.0228897104980017
0.00608837792717513
-0.0419112089826153
0.0066535100654553
0.0150180456240021
0.0592671131732409
0.0291036412160543
-0.00542605139308485
0.0360004014168395
0.00113776020124503
-0.00019491820682241
-0.061219346958253
-0.0356427885344051
0.00128871035232842
-0.0289591488550633
-0.00530228014789961
-0.0144100842551262
0.058423351386591
0.0408964260687948
0.00627081871957868
0.0224140903687828
0.00594186746542943
0.0270804336156598
-0.0513397837772236
-0.0434121031862405
-0.016522747733494
-0.0177640648738562
-0.00381358585420277
-0.0364367108212241
0.0410592124657615
0.0421602714348806
0.0281875883931552
0.0159350330718613
0.000170026975024408
0.0416579173074689
-0.0291070156108131
-0.0367220205539924
-0.0396596711392881
-0.0172240300853232
0.00348495528676965
-0.0426025742099333
0.0171770805534736
0.0273679456656937
0.0492864619900621
0.0212581056331772
-0.00568067087199404
0.0398101752227212
-0.00684184197985582
-0.0150156761755072
-0.0556540218830624
-0.0270736591622048
0.00525343408047733
-0.0343847556174815
-0.000710400187366539
0.00107500534697206
0.0578285697042349
0.0333003827822101
-0.001561684010015
0.0277829168374043
0.00486549138009466
0.012790898359293
-0.055512480871775
-0.0384158976415595
-0.00539475196436085
-0.0215450176220516
-0.00566877367130571
-0.0249454290941644
0.0490885933077135
0.0410252356287969
0.014971043996916
0.0170176071793756
0.00379259579171306
0.0340502520278488
-0.0395465871411224
-0.0401155795843786
-0.0259886165929632
-0.015115993979094
-0.000393644993913654
-0.0392815237843535
0.0283059161337406
0.0352416739778454
0.0369403441797453
0.0161680895642703
-0.00311302512336773
0.0404537272031855
-0.0169676643375054
-0.0266100619058789
-0.0462525367223776
-0.0198658127087971
0.00532215859271018
-0.0380309018501968
0.00703968753565742
0.0150484598611392
0.052557073793142
0.0253310796357605
-0.00510070123359144
0.0330250462602004
0.000316543882254978
-0.0018668997167586
-0.0549258496896938
-0.0312831709123561
0.00179815326588732
-0.0268012339664013
-0.00447346196859983
-0.0113638377364751
0.0530268954422574
0.0362766122449652
0.00463166272668674
0.0208250644900754
0.00542745745043173
0.0230767925562223
-0.0471757770783556
-0.0389666953604689
-0.0136179076538899
-0.0163976935329098
-0.00377719103729214
-0.031969651500097
0.0382745511964954
0.0383554307027129
0.0240701570560027
0.0144252497342874
0.000595689389772487
0.0372163244122522
-0.027650359851106
-0.0339747302633897
-0.0345676278774046
-0.0152627758069686
0.00277965542912804
-0.0385929710431381
0.0168231824312091
0.0259751610579458
0.0436059448482524
0.0186592010750723
-0.00500094340919622
0.036497636079438
-0.00724430472433162
-0.0151055714917227
-0.0498574701431081
-0.0238117361049738
0.00496201115953513
-0.0318615736407426
5.16681976488395e-05
0.00258823354242947
0.0523993363055585
0.0295187108550697
-0.00200443981707858
0.0259693702782886
0.00411529201924534
0.0100875581352444
-0.0508695127390645
-0.0344026699446923
-0.0039586196885296
-0.0202207678540892
-0.00520970270319868
-0.0214164319222388
0.0455243195182433
0.0371634880262956
0.0124218557188751
0.0158769113115479
0.00376499391195492
0.0301280333396631
-0.0371884027058582
-0.0368164312482059
-0.0223730679561034
-0.0138359468651101
-0.000780003541903029
-0.0353943541721184
0.0271071614070823
0.0328732343505888
0.0324682553066426
0.0144771754130949
-0.00247686187582942
0.0369575730967582
-0.0167286210116071
-0.0254347443643421
-0.0412648279629537
-0.0176004192858418
0.00470872500597536
-0.0351570557924668
0.00745381548453187
0.0151795775355589
0.0474713529243883
0.0224701689808412
-0.00483335342602011
0.0308521218361106
-0.000399809555622948
-0.00325169297105696
-0.0501697645000144
-0.0279554943657983
0.00218518941768243
-0.0252555377842836
-0.00378325320211644
-0.00893246655647336
0.0489712689181229
0.0327399146898337
0.00335908883458058
0.0197082112934287
0.00500967959061076
0.0199226905266604
-0.0440792299010902
-0.0355633564171809
-0.0113529919087637
-0.015435544158241
-0.00375433476096777
-0.0284772992604116
0.0362489481871164
0.0354530584958473
0.0208546413634766
0.013328657728449
0.000949372302216961
0.0337665682120665
-0.0266524712687195
-0.0319026660476077
-0.0305891732006585
-0.0137888254382391
0.00219888548546927
-0.0355021059996788
0.0166731692750191
0.0249682864585742
0.0391697324628853
0.0166618729731501
-0.00443953064490476
0.0339704080695186
-0.00766688675659867
-0.0152652151294123
-0.045337626423563
-0.0212731431738398
0.00471189729355392
-0.0299658913429725
0.000731951733053567
0.00386668913923378
0.0481792047205748
0.0265557614628337
-0.00234392548077532
0.0246364449135669
0.00347170177837767
0.00787673758023241
-0.0472815351893689
-0.0312485394213161
-0.00282078378618347
-0.0192697818796703
-0.00482312999675802
-0.0185648125984778
0.0428000767667965
0.0341277909840254
0.0103891324043103
0.0150589893670505
0.00374400727736941
0.0269818572599954
-0.0354272905958521
-0.0342316883632173
-0.0194831497324386
-0.0128889199061589
-0.00110586832340084
-0.0322965776448354
0.0262686617762468
0.0310374844452713
0.0288908899078197
0.013180944745477
-0.0019414617108968
0.0341927685835924
-0.0166488236968428
-0.0245606040488149
-0.0372762996415884
-0.0158228970504539
0.00418895233920998
-0.0329087704444982
0.00788254201240681
0.0153586628441593
0.0434105947501786
0.0201957173640622
-0.00459560041878506
0.0291798192496558
-0.00105114199547807
-0.00444038280767123
-0.0463842210293188
-0.0252911174949431
0.00248339159870099
-0.0240945836931271
-0.00317641468669731
-0.00690386844726437
0.0457622557033859
0.0298985496119889
0.00233434125262554
0.0188921784844722
0.00464686818671947
0.0173195306740468
-0.0416563958090273
-0.0328277184081795
-0.00951340910121894
-0.0147361612272429
-0.00373311889742207
-0.0256147347617083
0.0347016064099919
0.0331268921325865
0.0182344556736036
0.0125057047491967
0.00125106870673971
0.0309567467694241
-0.0259423922652138
-0.030258351655321
-0.0273433190976705
-0.0126407002607226
0.00170136299481281
-0.0330038292903428
0.0166495176508538
0.0242002101286522
0.0355506751680903
0.0150676603864695
-0.00395366812982795
0.0319500680096744
-0.00810004514344995
-0.0154570864450563
-0.041655315161836
-0.0192187564592239
0.00448296376708945
-0.0284762511373474
0.00135970700276449
0.00497833985128709
0.0447515318426249
0.0241397459401159
-0.00260577263783853
0.0236165046258413
0.00289416697647836
0.00600111556951051
-0.0443842119961934
-0.0286668648926856
-0.00189247083651969
-0.0185651384137162
-0.00447846218004061
-0.0161688754181408
0.0406247502212695
0.0316407345378276
0.00871272668453164
0.0144584643063665
0.00372099575468937
0.0243550736354979
-0.0340550735571288
-0.032119049483202
-0.0170898209536965
-0.0121704268283013
-0.00138619593133953
-0.0297256670525886
0.0256633602946209
0.0295503364105786
0.0259230825679486
0.0121580796603937
-0.00147610151000711
0.0319153143377373
-0.0166705581745263
-0.023878246025344
-0.0339665176567875
-0.0143837971018805
0.00373113044512226
-0.0310771262364592
0.008318826396484
0.015558345779831
0.0400445574848565
0.0183272997896185
-0.00437287257894553
0.0278414148900235
-0.00165945286698772
-0.00548496580555537
-0.0432551589693416
-0.0230845726467503
0.00271284260405673
-0.0231916808847195
-0.00262245333982329
-0.00515845942798806
0.0431245589746763
0.027535402626533
0.00148939015945636
0.0182805951434726
0.00431602344984171
0.0150987215921817
-0.0396867843158177
-0.0305492679365196
-0.00797673534363943
-0.0142191108570685
-0.0037071203122805
-0.0231864615162588
0.0334744945770218
0.0311927586980355
0.0160344431657335
0.0118762819737151
0.00151221257557797
0.0285864684279793
-0.025423469261937
-0.0289017138162601
-0.0246117026967148
-0.0117251345620401
0.00126372970640001
-0.0309114566685694
0.0167082498407532
0.0235877663788865
0.0325029869543779
0.013761484069053
-0.00351935680555124
0.0302763599107367
-0.00853843368551611
-0.0156607998498688
-0.0385567522706246
-0.0175094573680111
0.00426449001526299
-0.0272643893922102
0.00195180101708548
0.00596380282561603
0.0418744971543306
0.0221120199268319
-0.00280606657648826
0.0228117379555713
0.00235929908994484
0.00436789869733221
-0.041965150940343
-0.0264897730223855
-0.00112043832773427
-0.0180321047303317
-0.00415806402629751
-0.0140977943539108
0.0388278969831729
0.0295393255058758
0.00729712680598915
0.014012653868089
0.00369108927844607
0.0220957882021133
-0.0329493554778259
-0.0303357475662565
-0.0150564504031327
-0.0116177923302242
-0.0016298868149471
-0.0275256585314203
0.0252162579788443
0.0283031410041817
0.0233943571246169
0.011335458282309
-0.00106270275794337
0.0299796265733795
-0.0167596366739649
-0.0233232473294365
-0.0311433541156595
-0.0131928021794061
0.00331678544258093
-0.0295368664558592
0.00875849977874943
0.0157631737807621
0.0371745688675427
