0.0	0.0
0.005005005005005005	5.0050651908897385e-6
0.01001001001001001	1.0010506526229777e-5
0.015015015015015015	1.5016700221143865e-5
0.02002002002002002	2.002402263212699e-5
0.025025025025025027	2.5032850327792845e-5
0.03003003003003003	3.0043560159696094e-5
0.035035035035035036	3.5056529333253124e-5
0.04004004004004004	4.0072135478788444e-5
0.04504504504504504	4.509075672272887e-5
0.05005005005005005	5.0112771758972556e-5
0.055055055055055056	5.513855992045733e-5
0.06006006006006006	6.016850125095517e-5
0.06506506506506507	6.520297657711407e-5
0.07007007007007007	7.024236758077812e-5
0.07507507507507508	7.528705687160855e-5
0.08008008008008008	8.033742806003117e-5
0.08508508508508508	8.539386583053811e-5
0.09009009009009009	9.045675601536955e-5
0.09509509509509509	9.552648566860019e-5
0.1001001001001001	0.00010060344314066094
0.10510510510510511	0.00010568801815331797
0.11011011011011011	0.000110780601875141
0.11511511511511512	0.000115881586997485
0.12012012012012012	0.00012099136781101498
0.12512512512512514	0.00012611034028280098
0.13013013013013014	0.00013123890213401232
0.13513513513513514	0.00013637745291823972
0.14014014014014015	0.00014152639410047393
0.14514514514514515	0.00014668612913677168
0.15015015015015015	0.00015185706355463698
0.15515515515515516	0.00015703960503415107
0.16016016016016016	0.00016223416348987727
0.16516516516516516	0.0001674411511535774
0.17017017017017017	0.00017266098265776683
0.17517517517517517	0.0001778940751201435
0.18018018018018017	0.00018314084822892125
0.18518518518518517	0.0001884017243291033
0.19019019019019018	0.00019367712850972717
0.19519519519519518	0.00019896748869211708
0.2002002002002002	0.00020427323571917754
0.20520520520520522	0.00020959480344576666
0.21021021021021022	0.0002149326288301799
0.21521521521521522	0.00022028715202678778
0.22022022022022023	0.0002256588164798597
0.22522522522522523	0.0002310480690186158
0.23023023023023023	0.00023645535995354448
0.23523523523523523	0.00024188114317402428
0.24024024024024024	0.0002473258762472947
0.24524524524524524	0.0002527900205188115
0.2502502502502503	0.00025827404121403453
0.2552552552552553	0.0002637784075416889
0.2602602602602603	0.0002693035927985423
0.2652652652652653	0.0002748500744757455
0.2702702702702703	0.00028041833436678176
0.2752752752752753	0.000286008858677072
0.2802802802802803	0.0002916221381352829
0.2852852852852853	0.00029725866810638934
0.2902902902902903	0.0003029189487065389
0.2952952952952953	0.0003086034849197718
0.3003003003003003	0.0003143127867166478
0.3053053053053053	0.00032004736917483497
0.3103103103103103	0.0003258077526017148
0.3153153153153153	0.00033159446265905836
0.3203203203203203	0.0003374080304898366
0.3253253253253253	0.00034324899284721654
0.3303303303303303	0.0003491178922258109
0.3353353353353353	0.00035501527699523917
0.34034034034034033	0.0003609417015360646
0.34534534534534533	0.0003668977263781728
0.35035035035035034	0.0003728839183416595
0.35535535535535534	0.00037890085068029427
0.36036036036036034	0.00038494910322763146
0.36536536536536535	0.0003910292625458419
0.37037037037037035	0.0003971419220773357
0.37537537537537535	0.000403287682299256
0.38038038038038036	0.00040946715088091936
0.38538538538538536	0.00041568094284428255
0.39039039039039036	0.0004219296807275192
0.3953953953953954	0.0004282139947517903
0.4004004004004004	0.0004345345229912911
0.40540540540540543	0.0004408919115466722
0.41041041041041043	0.0004472868147219149
0.41541541541541543	0.00045371989520476264
0.42042042042042044	0.00046019182425080323
0.42542542542542544	0.0004667032818712967
0.43043043043043044	0.0004732549570248546
0.43543543543543545	0.0004798475478130753
0.44044044044044045	0.0004864817616802393
0.44544544544544545	0.0004931583156171782
0.45045045045045046	0.0004998779363694279
0.45545545545545546	0.0005066413606497867
0.46046046046046046	0.0005134493353553931
0.46546546546546547	0.0005203026177894532
0.47047047047047047	0.0005272019758877361
0.4754754754754755	0.0005341481884499781
0.4804804804804805	0.0005411420453763222
0.4854854854854855	0.000548184347908933
0.4904904904904905	0.0005552759088789331
0.4954954954954955	0.0005624175529588036
0.5005005005005005	0.0005696101169204005
0.5055055055055055	0.0005768544498987428
0.5105105105105106	0.0005841514136617342
0.5155155155155156	0.0005915018828859772
0.5205205205205206	0.0005989067454388591
0.5255255255255256	0.000606366902667073
0.5305305305305306	0.0006138832696917651
0.5355355355355356	0.000621456775710484
0.5405405405405406	0.0006290883643061331
0.5455455455455456	0.0006367789937631137
0.5505505505505506	0.0006445296373908698
0.5555555555555556	0.0006523412838550373
0.5605605605605606	0.0006602149375164213
0.5655655655655656	0.0006681516187780141
0.5705705705705706	0.0006761523644402973
0.5755755755755756	0.0006842182280650475
0.5805805805805806	0.0006923502803479067
0.5855855855855856	0.0007005496094999583
0.5905905905905906	0.0007088173216385738
0.5955955955955956	0.000717154541187796
0.6006006006006006	0.0007255624112885386
0.6056056056056056	0.0007340420942188846
0.6106106106106106	0.0007425947718247803
0.6156156156156156	0.000751221645961431
0.6206206206206206	0.0007599239389457097
0.6256256256256256	0.0007687028940199058
0.6306306306306306	0.0007775597758271482
0.6356356356356356	0.0007864958708988514
0.6406406406406406	0.0007955124881545381
0.6456456456456456	0.0008046109594144124
0.6506506506506506	0.0008137926399250653
0.6556556556556556	0.0008230589088987043
0.6606606606606606	0.0008324111700663165
0.6656656656656657	0.0008418508522451916
0.6706706706706707	0.0008513794099212321
0.6756756756756757	0.00086099832384651
0.6806806806806807	0.0008707091016525325
0.6856856856856857	0.0008805132784796987
0.6906906906906907	0.0008904124176234465
0.6956956956956957	0.000900408111197609
0.7007007007007007	0.0009105019808155088
0.7057057057057057	0.0009206956782893467
0.7107107107107107	0.0009309908863484557
0.7157157157157157	0.0009413893193770128
0.7207207207207207	0.00095189272417182
0.7257257257257257	0.0009625028807207889
0.7307307307307307	0.0009732216030027872
0.7357357357357357	0.000984050739809528
0.7407407407407407	0.0009949921755902035
0.7457457457457457	0.0010060478313195953
0.7507507507507507	0.0010172196653904183
0.7557557557557557	0.0010285096745306797
0.7607607607607607	0.0010399198947468678
0.7657657657657657	0.0010514524022938098
0.7707707707707707	0.001063109314672074
0.7757757757757757	0.0010748927916538204
0.7807807807807807	0.0010868050363380365
0.7857857857857858	0.0010988482962361334
0.7907907907907908	0.001111024864388912
0.7957957957957958	0.0011233370805159445
0.8008008008008008	0.0011357873321984626
0.8058058058058059	0.0011483780560968707
0.8108108108108109	0.001161111739204067
0.8158158158158159	0.0011739909201357777
0.8208208208208209	0.0011870181904591705
0.8258258258258259	0.0012001961960610586
0.8308308308308309	0.0012135276385570489
0.8358358358358359	0.0012270152767430583
0.8408408408408409	0.0012406619280906574
0.8458458458458459	0.0012544704702877716
0.8508508508508509	0.0012684438428263247
0.8558558558558559	0.0012825850486384734
0.8608608608608609	0.0012968971557831437
0.8658658658658659	0.0013113832991846562
0.8708708708708709	0.001326046682425288
0.8758758758758759	0.0013408905795936985
0.8808808808808809	0.00135591833719123
0.8858858858858859	0.0013711333760981646
0.8908908908908909	0.0013865391936021042
0.8958958958958959	0.0014021393654907446
0.9009009009009009	0.0014179375482113868
0.9059059059059059	0.0014339374810996399
0.9109109109109109	0.0014501429886798634
0.9159159159159159	0.001466557983040011
0.9209209209209209	0.0014831864662836396
0.9259259259259259	0.0015000325330619718
0.9309309309309309	0.0015171003731890194
0.9359359359359359	0.0015343942743428947
0.9409409409409409	0.0015519186248565888
0.9459459459459459	0.0015696779166016195
0.950950950950951	0.0015876767479680969
0.955955955955956	0.0016059198269449276
0.960960960960961	0.001624411974304018
0.965965965965966	0.0016431581268925158
0.970970970970971	0.0016621633410373096
0.975975975975976	0.0016814327960661837
0.980980980980981	0.0017009717979502253
0.985985985985986	0.0017207857830722866
0.990990990990991	0.0017408803221265162
0.995995995995996	0.0017612611241542041
1.001001001001001	0.0017819340407214128
1.006006006006006	0.0018029050702441287
1.011011011011011	0.0018241803624669132
1.016016016016016	0.0018457662231013319
1.021021021021021	0.0018676691186306988
1.026026026026026	0.0018898956812879982
1.031031031031031	0.0019124527142141646
1.0360360360360361	0.0019353471968042218
1.0410410410410411	0.00195858629024916
1.0460460460460461	0.0019821773432817766
1.0510510510510511	0.0020061278981351174
1.0560560560560561	0.0020304456967225612
1.0610610610610611	0.002055138687049025
1.0660660660660661	0.002080215029863222
1.0710710710710711	0.002105683105561399
1.0760760760760761	0.0021315515213534775
1.0810810810810811	0.0021578291187030617
1.0860860860860861	0.0021845249810533533
1.0910910910910911	0.0022116484418515975
1.0960960960960962	0.002239209092885326
1.1011011011011012	0.0022672167929443164
1.1061061061061062	0.002295681676822913
1.1111111111111112	0.0023246141646780737
1.1161161161161162	0.0023540249717593073
1.1211211211211212	0.0023839251185274932
1.1261261261261262	0.0024143259411804566
1.1311311311311312	0.0024452391026040868
1.1361361361361362	0.0024766766037688
1.1411411411411412	0.0025086507955921432
1.1461461461461462	0.002541174391289495
1.1511511511511512	0.002574260479235924
1.1561561561561562	0.0026079225363635494
1.1611611611611612	0.002642174442120043
1.1661661661661662	0.002677030493015285
1.1711711711711712	0.0027125054177846867
1.1761761761761762	0.0027486143931992383
1.1811811811811812	0.002785373060554003
1.1861861861861862	0.0028227975428685376
1.1911911911911912	0.0028609044628346
1.1961961961961962	0.0028997109615484778
1.2012012012012012	0.002939234718067389
1.2062062062062062	0.002979493969831668
1.2112112112112112	0.0030205075339967973
1.2162162162162162	0.0030622948297219454
1.2212212212212212	0.003104875901464316
1.2262262262262262	0.003148271443331551
1.2312312312312312	0.003192502824547446
1.2362362362362362	0.003237592116089562
1.2412412412412412	0.003283562118560754
1.2462462462462462	0.0033304363913603903
1.2512512512512513	0.003378239283225001
1.2562562562562563	0.0034269959642123206
1.2612612612612613	0.0034767324592072106
1.2662662662662663	0.003527475683032825
1.2712712712712713	0.0035792534772554783
1.2762762762762763	0.0036320946487772817
1.2812812812812813	0.0036860290103164594
1.2862862862862863	0.003741087422881629
1.2912912912912913	0.0037973018403530978
1.2962962962962963	0.003854705356291473
1.3013013013013013	0.00391333225310169
1.3063063063063063	0.003973218053688903
1.3113113113113113	0.0040343995757516115
1.3163163163163163	0.0040969149888670795
1.3213213213213213	0.00416080387453434
1.3263263263263263	0.004226107289351245
1.3313313313313313	0.004292867831513924
1.3363363363363363	0.004361129710839837
1.3413413413413413	0.004430938822529434
1.3463463463463463	0.004502342824896308
1.3513513513513513	0.004575391221311738
1.3563563563563563	0.004650135446626803
1.3613613613613613	0.004726628958353897
1.3663663663663663	0.004804927332909561
1.3713713713713713	0.004885088367242269
1.3763763763763763	0.004967172186192327
1.3813813813813813	0.005051241355956331
1.3863863863863863	0.005137361004056179
1.3913913913913913	0.005225598946242272
1.3963963963963963	0.005316025820792811
1.4014014014014013	0.0054087152307059246
1.4064064064064064	0.005503743894319268
1.4114114114114114	0.005601191804932811
1.4164164164164164	0.005701142400055127
1.4214214214214214	0.005803682740942055
1.4264264264264264	0.0059089037031492845
1.4314314314314314	0.006016900178877913
1.4364364364364364	0.006127771291954505
1.4414414414414414	0.006241620626355349
1.4464464464464464	0.0063585564692590245
1.4514514514514514	0.006478692069692473
1.4564564564564564	0.006602145913924561
1.4614614614614614	0.006729042018857949
1.4664664664664664	0.006859510244776329
1.4714714714714714	0.006993686628920119
1.4764764764764764	0.007131713741491245
1.4814814814814814	0.0072737410658271625
1.4864864864864864	0.007419925404637777
1.4914914914914914	0.007570431314367441
1.4964964964964964	0.00772543156992958
1.5015015015015014	0.007885107662265656
1.5065065065065064	0.008049650331404971
1.5115115115115114	0.008219260137950034
1.5165165165165164	0.008394148076185914
1.5215215215215214	0.008574536232314817
1.5265265265265264	0.008760658491651835
1.5315315315315314	0.008952761298988691
1.5365365365365364	0.009151104476743312
1.5415415415415414	0.00935596210596915
1.5465465465465464	0.009567623475805141
1.5515515515515514	0.009786394107510563
1.5565565565565564	0.01001259685985696
1.5615615615615615	0.010246573123348729
1.5665665665665667	0.010488684111525055
1.5715715715715717	0.010739312258468381
1.5765765765765767	0.01099886273262128
1.5815815815815817	0.01126776507810712
1.5865865865865867	0.011546474995977414
1.5915915915915917	0.011835476279186909
1.5965965965965967	0.012135282916648034
1.6016016016016017	0.01244644138346277
1.6066066066066067	0.01276953313639999
1.6116116116116117	0.013105177335911905
1.6166166166166167	0.013454033818501044
1.6216216216216217	0.013816806346102422
1.6266266266266267	0.014194246162383501
1.6316316316316317	0.01458715588954567
1.6366366366366367	0.014996393803402158
1.6416416416416417	0.01542287852928831
1.6466466466466467	0.015867594206822634
1.6516516516516517	0.016331596177790092
1.6566566566566567	0.016816017258590242
1.6616616616616617	0.017322074666932207
1.6666666666666667	0.017851077681944296
1.6716716716716717	0.01840443612780863
1.6766766766766767	0.018983669783680244
1.6816816816816818	0.01959041883730362
1.6866866866866868	0.020226455516751878
1.6916916916916918	0.020893697054509875
1.6966966966966968	0.02159422016121139
1.7017017017017018	0.022330277213335296
1.7067067067067068	0.023104314390804914
1.7117117117117118	0.023918992037613707
1.7167167167167168	0.024777207562404722
1.7217217217217218	0.025682121247682287
1.7267267267267268	0.026637185397649036
1.7317317317317318	0.02764617732751806
1.7367367367367368	0.028713236783986316
1.7417417417417418	0.02984290849037883
1.7467467467467468	0.031040190634511217
1.7517517517517518	0.03231059026721111
1.7567567567567568	0.033660186760480826
1.7617617617617618	0.03509570469374726
1.7667667667667668	0.03662459780369269
1.7717717717717718	0.03825514595939223
1.7767767767767768	0.03999656752465532
1.7817817817817818	0.04185914996243922
1.7867867867867868	0.043854402146205736
1.7917917917917918	0.04599523260143125
1.7967967967967968	0.04829615884781944
1.8018018018018018	0.05077355420224191
1.8068068068068068	0.053445939903903596
1.8118118118118118	0.05633433232913421
1.8168168168168168	0.05946265749668327
1.8218218218218218	0.06285824819064607
1.8268268268268268	0.06655244307045102
1.8318318318318318	0.0705813123998507
1.8368368368368369	0.07498654192731129
1.8418418418418419	0.07981651556733386
1.8468468468468469	0.08512764967526827
1.8518518518518519	0.0909860480195766
1.8568568568568569	0.09746956866500245
1.8618618618618619	0.10467042423806083
1.8668668668668669	0.11269847888204669
1.8718718718718719	0.12168546368858839
1.8768768768768769	0.13179041510107234
1.8818818818818819	0.14320675923898493
1.8868868868868869	0.15617163704906017
1.8918918918918919	0.17097831848353207
1.896896896896897	0.18799293294949812
1.901901901901902	0.2076773203067202
1.906906906906907	0.23062070170864513
1.911911911911912	0.2575842865122514
1.916916916916917	0.2895652257068946
1.921921921921922	0.3278901304980802
1.926926926926927	0.3743548728898662
1.931931931931932	0.4314388211754202
1.936936936936937	0.5026425011519249
1.941941941941942	0.5930371706837353
1.946946946946947	0.7101931187937687
1.951951951951952	0.8658171615506369
1.956956956956957	1.078793431581781
1.961961961961962	1.3811907621629653
1.966966966966967	1.8310707633133172
1.971971971971972	2.542557411614478
1.976976976976977	3.765929262408933
1.981981981981982	6.141456257067498
1.986986986986987	11.741200482186448
1.991991991991992	30.708541984558583
1.996996996996997	199.6399828697041
2.002002002002002	399.35993927863115
2.007007007007007	39.921511503805654
2.012012012012012	13.765596558947752
2.017017017017017	6.882689018005531
2.022022022022022	4.115361368924109
2.027027027027027	2.7341334746670056
2.032032032032032	1.947199800360405
2.037037037037037	1.4568151753410288
2.042042042042042	1.1307581877052646
2.047047047047047	0.9030470321033325
2.052052052052052	0.7377722666470444
2.057057057057057	0.6140333304891424
2.062062062062062	0.5189953152070427
2.067067067067067	0.44442316178024477
2.0720720720720722	0.3848365253643448
2.0770770770770772	0.3364737242178191
2.0820820820820822	0.29668333604026076
2.0870870870870872	0.2635529950651884
2.0920920920920922	0.23567530259701952
2.0970970970970972	0.2119958836712211
2.1021021021021022	0.19171222473677857
2.1071071071071072	0.17420478382749555
2.1121121121121122	0.15898912186971687
2.1171171171171173	0.1456820317442723
2.1221221221221223	0.133977175408578
2.1271271271271273	0.12362729676239297
2.1321321321321323	0.11443105742518857
2.1371371371371373	0.106223171598571
2.1421421421421423	0.09886692788216198
2.1471471471471473	0.0922484601141529
2.1521521521521523	0.08627231489068557
2.1571571571571573	0.0808579908973357
2.1621621621621623	0.07593721396285562
2.1671671671671673	0.07145177436295588
2.1721721721721723	0.06735179759591418
2.1771771771771773	0.06359435210822584
2.1821821821821823	0.06014232097129823
2.1871871871871873	0.056963481831757694
2.1921921921921923	0.05402975233026685
2.1971971971971973	0.05131656783240658
2.2022022022022023	0.04880236560646444
2.2072072072072073	0.04646815513529529
2.2122122122122123	0.04429715850834672
2.2172172172172173	0.042274508129331166
2.2222222222222223	0.040386991532249304
2.2272272272272273	0.03862283509887898
2.2322322322322323	0.03697152004495929
2.2372372372372373	0.03542362528795892
2.2422422422422423	0.033970692800368726
2.2472472472472473	0.032605111844996
2.2522522522522523	0.03132001912564164
2.2572572572572573	0.030109212400781543
2.2622622622622623	0.028967075524944878
2.2672672672672673	0.027888513222204998
2.2722722722722724	0.02686889417406684
2.2772772772772774	0.02590400123221196
2.2822822822822824	0.02498998775465369
2.2872872872872874	0.024123339219471508
2.2922922922922924	0.023300839399498535
2.2972972972972974	0.022519540488978477
2.3023023023023024	0.021776736663180116
2.3073073073073074	0.021069940627399388
2.3123123123123124	0.020396862775230066
2.3173173173173174	0.01975539262950835
2.3223223223223224	0.019143582284615972
2.3273273273273274	0.01855963160723665
2.3323323323323324	0.018001874985330932
2.3373373373373374	0.01746876944295451
2.3423423423423424	0.016958883962362236
2.3473473473473474	0.016470889875251197
2.3523523523523524	0.016003552202528627
2.3573573573573574	0.015555721837085236
2.3623623623623624	0.015126328477079126
2.3673673673673674	0.014714374228497938
2.3723723723723724	0.014318927805525879
2.3773773773773774	0.013939119265716025
2.3823823823823824	0.013574135224340027
2.3873873873873874	0.013223214498713243
2.3923923923923924	0.012885644138904612
2.3973973973973974	0.012560755806150124
2.4024024024024024	0.012247922464591
2.4074074074074074	0.011946555355735331
2.4124124124124124	0.011656101228363297
2.4174174174174174	0.011376039799522359
2.4224224224224224	0.011105881424839774
2.4274274274274275	0.010845164958660879
2.4324324324324325	0.010593455786539887
2.4374374374374375	0.010350344014398839
2.4424424424424425	0.010115442800257928
2.4474474474474475	0.009888386815851568
2.4524524524524525	0.00966883082670032
2.4574574574574575	0.009456448380328124
2.4624624624624625	0.009250930593312928
2.4674674674674675	0.009051985028751328
2.4724724724724725	0.0088593346565161
2.4774774774774775	0.008672716889400748
2.4824824824824825	0.008491882688886445
2.4874874874874875	0.0083165957348427
2.4924924924924925	0.00814663165399058
2.4974974974974975	0.007981777302423259
2.5025025025025025	0.007821830097898209
2.5075075075075075	0.007666597397993961
2.5125125125125125	0.007515895920565882
2.5175175175175175	0.007369551203244433
2.5225225225225225	0.0072273970989985975
2.5275275275275275	0.007089275305040244
2.5325325325325325	0.006955034922574503
2.5375375375375375	0.006824532045109349
2.5425425425425425	0.0066976293732264975
2.5475475475475475	0.006574195853887593
2.5525525525525525	0.006454106342505878
2.5575575575575575	0.006337241286155915
2.5625625625625625	0.006223486426423658
2.5675675675675675	0.006112732520517458
2.5725725725725725	0.00600487507936868
2.5775775775775776	0.005899814121549304
2.5825825825825826	0.005797453941924138
2.5875875875875876	0.0056977028940379
2.5925925925925926	0.0056004731853131345
2.5975975975975976	0.0055056806842042035
2.6026026026026026	0.005413244738516291
2.6076076076076076	0.005323088004156725
2.6126126126126126	0.005235136283639573
2.6176176176176176	0.005149318373713823
2.6226226226226226	0.005065565921530756
2.6276276276276276	0.004983813288808008
2.6326326326326326	0.004903997423486148
2.6376376376376376	0.004826057738409226
2.6426426426426426	0.004749935996593317
2.6476476476476476	0.004675576202677389
2.6526526526526526	0.004602924500178673
2.6576576576576576	0.004531929074200512
2.6626626626626626	0.004462540059264449
2.6676676676676676	0.004394709451960466
2.6726726726726726	0.0043283910281296245
2.6776776776776776	0.004263540264312323
2.6826826826826826	0.004200114263212917
2.6876876876876876	0.0041380716829476985
2.6926926926926926	0.004077372669858356
2.6976976976976976	0.004017978794687033
2.7027027027027026	0.003959852991922115
2.7077077077077076	0.003902959502136017
2.7127127127127126	0.0038472638171474683
2.7177177177177176	0.00379273262785126
2.7227227227227226	0.003739333774568212
2.7277277277277276	0.003687036199777174
2.7327327327327327	0.0036358099030993174
2.7377377377377377	0.003585625898412939
2.7427427427427427	0.003536456172984268
2.7477477477477477	0.0034882736485067223
2.7527527527527527	0.00344105214394743
2.7577577577577577	0.003394766340105829
2.7627627627627627	0.0033493917457947863
2.7677677677677677	0.0033049046655598846
2.7727727727727727	0.003261282168857444
2.7777777777777777	0.0032185020606164305
2.7827827827827827	0.003176542853113679
2.7877877877877877	0.003135383739095919
2.7927927927927927	0.0030950045660857986
2.7977977977977977	0.003055385811812708
2.8028028028028027	0.0030165085607124493
2.8078078078078077	0.002978354481442962
2.8128128128128127	0.0029409058053661923
2.8178178178178177	0.0029041453059489553
2.8228228228228227	0.0028680562790382082
2.8278278278278277	0.0028326225239685703
2.8328328328328327	0.0027978283254621985
2.8378378378378377	0.002763658436283259
2.8428428428428427	0.002730098060611268
2.8478478478478477	0.0026971328380994497
2.8528528528528527	0.002664748828586023
2.8578578578578577	0.002632932497428081
2.8628628628628627	0.0026016707014292003
2.8678678678678677	0.00257095067533351
2.8728728728728727	0.002540760018860288
2.8778778778778777	0.0025110866842545133
2.8828828828828827	0.002481918964330033
2.8878878878878878	0.002453245480983204
2.8928928928928928	0.0024250551741559533
2.8978978978978978	0.0023973372912282948
2.9029029029029028	0.0023700813768212886
2.9079079079079078	0.0023432772629924108
2.9129129129129128	0.002316915059806157
2.9179179179179178	0.002290985146263565
2.9229229229229228	0.00226547816157512
2.9279279279279278	0.0022403849967622767
2.932932932932933	0.0022156967865735173
2.937937937937938	0.002191404901701574
2.942942942942943	0.002167500941289039
2.947947947947948	0.002143976725710231
2.952952952952953	0.002120824289617739
2.957957957957958	0.0020980358752425935
2.962962962962963	0.0020756039259375767
2.967967967967968	0.0020535210799536062
2.972972972972973	0.002031780164439655
2.977977977977978	0.0020103741896570593
2.982982982982983	0.001989296343399514
2.987987987987988	0.0019685399856104397
2.992992992992993	0.0019480986431897782
2.997997997997998	0.0019279660049826425
3.003003003003003	0.0019081359169425762
3.008008008008008	0.0018886023774625
3.013013013013013	0.0018693595328667437
3.018018018018018	0.0018504016730578362
3.023023023023023	0.0018317232273120073
3.028028028028028	0.0018133187602176408
3.033033033033033	0.0017951829677511264
3.038038038038038	0.0017773106734848476
3.043043043043043	0.0017596968249222308
3.048048048048048	0.0017423364899550127
3.053053053053053	0.0017252248534381043
3.058058058058058	0.001708357213877592
3.063063063063063	0.0016917289802276378
3.068068068068068	0.0016753356687922057
3.073073073073073	0.0016591729002277044
3.078078078078078	0.0016432363966428125
3.083083083083083	0.0016275219787919007
3.088088088088088	0.0016120255633586156
3.093093093093093	0.0015967431603263276
3.098098098098098	0.0015816708704322869
3.103103103103103	0.0015668048827024489
3.108108108108108	0.0015521414720640703
3.113113113113113	0.001537676997033279
3.118118118118118	0.0015234078974749343
3.123123123123123	0.0015093306924322204
3.1281281281281283	0.0014954419780234868
3.1331331331331334	0.0014817384254039794
3.1381381381381384	0.0014682167787901706
3.1431431431431434	0.0014548738535445143
3.1481481481481484	0.0014417065343185114
3.1531531531531534	0.0014287117732520748
3.1581581581581584	0.0014158865882272444
3.1631631631631634	0.0014032280611743922
3.1681681681681684	0.0013907333364291136
3.1731731731731734	0.001378399619138087
3.1781781781781784	0.0013662241737122385
3.1831831831831834	0.0013542043223256093
3.1881881881881884	0.0013423374434583981
3.1931931931931934	0.0013306209704826888
3.1981981981981984	0.00131905239028945
3.2032032032032034	0.001307629241955431
3.2082082082082084	0.0012963491154486292
3.2132132132132134	0.0012852096503710735
3.2182182182182184	0.001274208534737682
3.2232232232232234	0.001263343503790031
3.2282282282282284	0.0012526123388438889
3.2332332332332334	0.0012420128661694257
3.2382382382382384	0.001231542955903042
3.2432432432432434	0.001221200520989805
3.2482482482482484	0.001210983516155505
3.2532532532532534	0.0012008899369073932
3.2582582582582584	0.0011909178185626895
3.2632632632632634	0.0011810652353039777
3.2682682682682684	0.001171330299260647
3.2732732732732734	0.001161711159615557
3.2782782782782784	0.0011522060017361425
3.2832832832832834	0.001142813046329191
3.2882882882882885	0.0011335305486185646
3.2932932932932935	0.0011243567975451549
3.2982982982982985	0.001115290114988384
3.3033033033033035	0.0011063288550085966
3.3083083083083085	0.0010974714031096982
3.3133133133133135	0.001088716175521431
3.3183183183183185	0.0010800616185006838
3.3233233233233235	0.0010715062076512697
3.3283283283283285	0.0010630484472616082
3.3333333333333335	0.0010546868696597797
3.3383383383383385	0.0010464200345854328
3.3433433433433435	0.0010382465285780431
3.3483483483483485	0.0010301649643810373
3.3533533533533535	0.001022173980361315
3.3583583583583585	0.001014272239943716
3.3633633633633635	0.0010064584310599943
3.3683683683683685	0.0009987312656118761
3.3733733733733735	0.0009910894789477867
3.3783783783783785	0.000983531829352861
3.3833833833833835	0.0009760570975518405
3.3883883883883885	0.0009686640862244951
3.3933933933933935	0.0009613516195332104
3.3983983983983985	0.0009541185426623829
3.4034034034034035	0.0009469637213693024
3.4084084084084085	0.0009398860415461804
3.4134134134134135	0.0009328844087930195
3.4184184184184185	0.000925957748001015
3.4234234234234235	0.0009191050029461912
3.4284284284284285	0.0009123251358929873
3.4334334334334335	0.0009056171272075194
3.4384384384384385	0.0008989799749802418
3.4434434434434436	0.0008924126946577543
3.4484484484484486	0.000885914318683499
3.4534534534534536	0.0008794838961471053
3.4584584584584586	0.000873120492442143
3.4634634634634636	0.0008668231889320545
3.4684684684684686	0.0008605910826240471
3.4734734734734736	0.0008544232858507235
3.4784784784784786	0.0008483189259592456
3.4834834834834836	0.0008422771450078282
3.4884884884884886	0.0008362970994693623
3.4934934934934936	0.0008303779599419833
3.4984984984984986	0.0008245189108663923
3.5035035035035036	0.0008187191502497553
3.5085085085085086	0.0008129778893960049
3.5135135135135136	0.0008072943526423744
3.5185185185185186	0.0008016677771020012
3.5235235235235236	0.0007960974124124405
3.5285285285285286	0.0007905825204899342
3.5335335335335336	0.0007851223752892839
3.5385385385385386	0.0007797162625691851
3.5435435435435436	0.000774363479662879
3.5485485485485486	0.0007690633352539848
3.5535535535535536	0.0007638151491573799
3.5585585585585586	0.000758618252104999
3.5635635635635636	0.0007534719855364235
3.5685685685685686	0.0007483757013941448
3.5735735735735736	0.0007433287619233746
3.5785785785785786	0.0007383305394762954
3.5835835835835836	0.0007333804163206331
3.5885885885885886	0.0007284777844524461
3.5935935935935936	0.0007236220454130242
3.5985985985985987	0.0007188126101097938
3.6036036036036037	0.0007140488986411307
3.6086086086086087	0.0007093303401249825
3.6136136136136137	0.0007046563725312078
3.6186186186186187	0.0007000264425175366
3.6236236236236237	0.000695440005269069
3.6286286286286287	0.0006908965243412182
3.6336336336336337	0.0006863954715060182
3.6386386386386387	0.0006819363266017147
3.6436436436436437	0.0006775185773855547
3.6486486486486487	0.0006731417193897014
3.6536536536536537	0.0006688052557801972
3.6586586586586587	0.0006645086972189027
3.6636636636636637	0.0006602515617283371
3.6686686686686687	0.0006560333745593543
3.6736736736736737	0.000651853668061584
3.6786786786786787	0.0006477119815565738
3.6836836836836837	0.0006436078612135666
3.6886886886886887	0.0006395408599278531
3.6936936936936937	0.0006355105372016357
3.6986986986986987	0.000631516459027347
3.7037037037037037	0.0006275581977733658
3.7087087087087087	0.0006236353320720702
3.7137137137137137	0.0006197474467101793
3.7187187187187187	0.0006158941325213255
3.7237237237237237	0.0006120749862808086
3.7287287287287287	0.000608289610602479
3.7337337337337337	0.0006045376138377026
3.7387387387387387	0.000600818609976359
3.7437437437437437	0.0005971322185498259
3.7487487487487487	0.0005934780645359045
3.7537537537537538	0.000589855778265643
3.7587587587587588	0.0005862649953320121
3.7637637637637638	0.0005827053565003931
3.7687687687687688	0.000579176507620838
3.7737737737737738	0.000575678099542058
3.7787787787787788	0.0005722097880271066
3.7837837837837838	0.0005687712336707137
3.7887887887887888	0.0005653621018182403
3.793793793793794	0.0005619820624862111
3.798798798798799	0.0005586307902843953
3.803803803803804	0.0005553079643393972
3.808808808808809	0.0005520132682197262
3.813813813813814	0.0005487463898623122
3.818818818818819	0.0005455070215004336
3.823823823823824	0.0005422948595930307
3.828828828828829	0.0005391096047553688
3.833833833833834	0.000535950961691026
3.838838838838839	0.000532818639125176
3.843843843843844	0.0005297123497391347
3.848848848848849	0.000526631810106148
3.853853853853854	0.0005235767406283912
3.858858858858859	0.0005205468654751529
3.863863863863864	0.0005175419125221823
3.868868868868869	0.0005145616132921696
3.873873873873874	0.0005116057028963396
3.878878878878879	0.0005086739199771326
3.883883883883884	0.0005057660066519502
3.888888888888889	0.000502881708457943
3.893893893893894	0.0005000207742978194
3.898898898898899	0.0004971829563866526
3.903903903903904	0.0004943680101996646
3.908908908908909	0.0004915756944209692
3.913913913913914	0.0004888057708932513
3.918918918918919	0.0004860580045683634
3.923923923923924	0.00048333216345882216
3.928928928928929	0.00048062801859018406
3.933933933933934	0.0004779453439542829
3.938938938938939	0.00047528391646331177
3.943943943943944	0.0004726435159047318
3.948948948948949	0.0004700239248969903
3.953953953953954	0.00046742492884603224
3.958958958958959	0.0004648463159025883
3.963963963963964	0.0004622878769202253
3.968968968968969	0.00045974940541414075
3.973973973973974	0.00045723069752068914
3.978978978978979	0.0004547315519576232
3.983983983983984	0.00045225176998503795
3.988988988988989	0.0004497911553670002
3.993993993993994	0.0004473495143338528
3.998998998998999	0.0004449266555451787
4.004004004004004	0.0004425223900534116
4.009009009009009	0.0004401365312680814
4.014014014014014	0.0004377688949206791
4.019019019019019	0.00043541929903013354
4.024024024024024	0.0004330875638688824
4.029029029029029	0.0004307735119295312
4.034034034034034	0.0004284769678920835
4.039039039039039	0.00042619775859173594
4.044044044044044	0.00042393571298722233
4.049049049049049	0.00042169066212970145
4.054054054054054	0.0004194624391321718
4.059059059059059	0.0004172508791394094
4.064064064064064	0.00041505581929841313
4.069069069069069	0.00041287709872935073
4.074074074074074	0.00041071455849699633
4.079079079079079	0.00040856804158264645
4.084084084084084	0.0004064373928565107
4.089089089089089	0.00040432245905056203
4.094094094094094	0.0004022230887318434
4.099099099099099	0.0004001391322762182
4.104104104104104	0.0003980704418425576
4.109109109109109	0.0003960168713473565
4.114114114114114	0.00039397827643976974
4.119119119119119	0.00039195451447706096
4.124124124124124	0.0003899454445004556
4.129129129129129	0.00038795092721139097
4.134134134134134	0.0003859708249481567
4.1391391391391394	0.000384005001662916
4.1441441441441444	0.0003820533228991038
4.1491491491491495	0.0003801156557691917
4.1541541541541545	0.00037819186893281497
4.1591591591591595	0.000376281832575254
4.1641641641641645	0.0003743854183862638
4.1691691691691695	0.00037250249953924545
4.1741741741741745	0.00037063295067075243
4.1791791791791795	0.00036877664786032693
4.1841841841841845	0.00036693346861065837
4.1891891891891895	0.0003651032918280605
4.1941941941941945	0.0003632859978032583
4.1991991991991995	0.00036148146819248254
4.2042042042042045	0.0003596895859988642
4.2092092092092095	0.0003579102355541216
4.2142142142142145	0.000356143302500541
4.2192192192192195	0.000354388673773238
4.2242242242242245	0.00035264623758269985
4.2292292292292295	0.00035091588339760164
4.2342342342342345	0.0003491975019278918
4.2392392392392395	0.0003474909851081421
4.2442442442442445	0.00034579622608115667
4.2492492492492495	0.0003441131191818379
4.2542542542542545	0.0003424415599213008
4.2592592592592595	0.0003407814449712355
4.2642642642642645	0.00033913267214851005
4.2692692692692695	0.00033749514040001154
4.2742742742742745	0.0003358687497877205
4.2792792792792795	0.000334253401474015
4.2842842842842845	0.0003326489977071988
4.2892892892892895	0.00033105544180725205
4.2942942942942945	0.0003294726381517991
4.2992992992992995	0.00032790049216228993
4.3043043043043046	0.00032633891029039126
4.3093093093093096	0.00032478780000458465
4.314314314314315	0.00032324706977696695
4.31931931931932	0.00032171662907025
4.324324324324325	0.00032019638832495663
4.32932932932933	0.0003186862589468082
4.334334334334335	0.00031718615329430293
4.33933933933934	0.0003156959846664784
4.344344344344345	0.0003142156672908577
4.34934934934935	0.0003127451163115757
4.354354354354355	0.0003112842477776807
4.35935935935936	0.0003098329786316116
4.364364364364365	0.0003083912266978428
4.36936936936937	0.0003069589106717004
4.374374374374375	0.0003055359501083408
4.37937937937938	0.0003041222654118923
4.384384384384385	0.00030271777782475646
4.38938938938939	0.00030132240941706614
4.394394394394395	0.00029993608307629714
4.3993993993994	0.0002985587224970328
4.404404404404405	0.00029719025217087556
4.40940940940941	0.00029583059737650776
4.414414414414415	0.0002944796841698944
4.41941941941942	0.00029313743937462876
4.424424424424425	0.00029180379057241763
4.42942942942943	0.000290478666093703
4.434434434434435	0.0002891619950084191
4.43943943943944	0.0002878537071168822
4.444444444444445	0.0002865537329408111
4.44944944944945	0.0002852620037144751
4.454454454454455	0.00028397845137596937
4.45945945945946	0.0002827030085586139
4.464464464464465	0.00028143560858247534
4.46946946946947	0.0002801761854460078
4.474474474474475	0.0002789246738178137
4.47947947947948	0.0002776810090285197
4.484484484484485	0.00027644512706276737
4.48948948948949	0.00027521696455131713
4.494494494494495	0.0002739964587632626
4.4994994994995	0.000272783547598354
4.504504504504505	0.0002715781695794291
4.50950950950951	0.0002703802638449498
4.514514514514515	0.00026918977014164254
4.51951951951952	0.00026800662881724133
4.524524524524525	0.00026683078081333084
4.52952952952953	0.0002656621676582895
4.534534534534535	0.0002645007314603293
4.53953953953954	0.00026334641490063216
4.544544544544545	0.0002621991612265803
4.54954954954955	0.0002610589142450799
4.554554554554555	0.0002599256183159768
4.55955955955956	0.0002587992183455609
4.564564564564565	0.00025767965978016114
4.56956956956957	0.00025656688859982595
4.574574574574575	0.00025546085131209124
4.57957957957958	0.0002543614949458319
4.584584584584585	0.00025326876704519766
4.58958958958959	0.00025218261566362944
4.594594594594595	0.0002511029893579585
4.5995995995996	0.00025002983718258354
4.604604604604605	0.00024896310868372656
4.60960960960961	0.00024790275389376614
4.614614614614615	0.0002468487233256464
4.61961961961962	0.00024580096796736063
4.624624624624625	0.0002447594392765089
4.62962962962963	0.0002437240891749275
4.634634634634635	0.00024269487004339088
4.63963963963964	0.00024167173471638284
4.644644644644645	0.00024065463647693724
4.64964964964965	0.00023964352905154777
4.654654654654655	0.00023863836660514362
4.65965965965966	0.00023763910373613233
4.664664664664665	0.00023664569547150703
4.66966966966967	0.00023565809726201886
4.674674674674675	0.00023467626497741153
4.67967967967968	0.00023370015490171913
4.684684684684685	0.00023272972372862454
4.68968968968969	0.00023176492855687898
4.694694694694695	0.0002308057268857806
4.6996996996997	0.000229852076610712
4.704704704704705	0.00022890393601873566
4.70970970970971	0.00022796126378424585
4.714714714714715	0.00022702401896467734
4.71971971971972	0.00022609216099626862
4.724724724724725	0.00022516564968988052
4.72972972972973	0.00022424444522686773
4.734734734734735	0.00022332850815500341
4.73973973973974	0.00022241779938445602
4.744744744744745	0.00022151228018381787
4.74974974974975	0.00022061191217618352
4.754754754754755	0.0002197166573352784
4.75975975975976	0.000218826477981637
4.764764764764765	0.00021794133677882882
4.76976976976977	0.00021706119672973247
4.774774774774775	0.0002161860211728569
4.77977977977978	0.00021531577377870858
4.784784784784785	0.00021445041854620478
4.78978978978979	0.0002135899197991318
4.794794794794795	0.00021273424218264767
4.7997997997998	0.00021188335065982822
4.804804804804805	0.00021103721050825706
4.80980980980981	0.00021019578731665741
4.814814814814815	0.0002093590469815661
4.81981981981982	0.00020852695570404902
4.824824824824825	0.00020769947998645717
4.82982982982983	0.00020687658662922302
4.834834834834835	0.00020605824272769614
4.83983983983984	0.0002052444156690184
4.844844844844845	0.0002044350731290374
4.84984984984985	0.00020363018306925767
4.854854854854855	0.00020282971373382957
4.85985985985986	0.00020203363364657502
4.864864864864865	0.0002012419116080497
4.86986986986987	0.00020045451669264072
4.874874874874875	0.00019967141824570034
4.87987987987988	0.00019889258588071405
4.884884884884885	0.00019811798947650324
4.88988988988989	0.00019734759917446187
4.894894894894895	0.00019658138537582623
4.8998998998999	0.00019581931873897834
4.904904904904905	0.00019506137017678127
4.90990990990991	0.00019430751085394707
4.914914914914915	0.0001935577121844357
4.91991991991992	0.00019281194582888614
4.924924924924925	0.000192070183692077
4.92992992992993	0.00019133239792041898
4.934934934934935	0.000190598560899476
4.93993993993994	0.00018986864525151673
4.944944944944945	0.0001891426238330947
4.94994994994995	0.00018842046973265768
4.954954954954955	0.00018770215626818506
4.95995995995996	0.0001869876569848532
4.964964964964965	0.00018627694565272854
4.96996996996997	0.0001855699962644882
4.974974974974975	0.0001848667830331665
4.97997997997998	0.0001841672803899292
4.984984984984985	0.00018347146298187318
4.98998998998999	0.00018277930566985173
4.994994994994995	0.000182090783526326
5.0	0.00018140587183324098
