0.0	0.0
0.005005005005005005	1.9932866644717204
0.01001001001001001	3.804897275658394
0.015015015015015015	5.304647786166278
0.02002002002002002	6.437455036934979
0.025025025025025027	7.214371918189535
0.03003003003003003	7.686593888572501
0.035035035035035036	7.91985816982717
0.04004004004004004	7.9776019913983065
0.04504504504504504	7.913110717507791
0.05005005005005005	7.76763348397825
0.055055055055055056	7.571467663215971
0.06006006006006006	7.346071925528749
0.06506506506506507	7.106229628066868
0.07007007007007007	6.861881030409927
0.07507507507507508	6.619541863046223
0.08008008008008008	6.383348582849091
0.08508508508508508	6.155806352107002
0.09009009009009009	5.938314779576177
0.09509509509509509	5.731533294678452
0.1001001001001001	5.535633166489299
0.10510510510510511	5.350470366068973
0.11011011011011011	5.175703542401231
0.11511511511511512	5.010874093219335
0.12012012012012012	4.855460118172155
0.12512512512512514	4.708912403296441
0.13013013013013014	4.570678060917201
0.13513513513513514	4.440215705515868
0.14014014014014015	4.317004844349906
0.14514514514514515	4.200551333356791
0.15015015015015015	4.090390177433803
0.15515515515515516	3.9860865592530392
0.16016016016016016	3.8872357072864396
0.16516516516516516	3.7934620239605783
0.17017017017017017	3.7044177629753197
0.17517517517517517	3.6197814530402828
0.18018018018018017	3.53925620137786
0.18518518518518517	3.462567965859128
0.19019019019019018	3.389463853724076
0.19519519519519518	3.319710483417322
0.2002002002002002	3.2530924313064338
0.20520520520520522	3.1894107749513445
0.21021021021021022	3.1284817377693313
0.21521521521521522	3.0701354354074377
0.22022022022022023	3.01421472120264
0.22522522522522523	2.96057412629272
0.23023023023023023	2.909078888892182
0.23523523523523523	2.8596040667249962
0.24024024024024024	2.8120337264388473
0.24524524524524524	2.766260203891243
0.2502502502502503	2.7221834294143608
0.2552552552552553	2.679710312471354
0.2602602602602603	2.638754180473376
0.2652652652652653	2.599234266904723
0.2702702702702703	2.561075244284867
0.2752752752752753	2.524206797869263
0.2802802802802803	2.4885632363469
0.2852852852852853	2.454083136127976
0.2902902902902903	2.4207090161275064
0.2952952952952953	2.3883870402385563
0.3003003003003003	2.3570667449532747
0.3053053053053053	2.326700789831119
0.3103103103103103	2.297244728733259
0.3153153153153153	2.268656799940783
0.3203203203203203	2.2408977334551907
0.3253253253253253	2.213930573941503
0.3303303303303303	2.1877205179221124
0.3353353353353353	2.16223476396139
0.34034034034034033	2.1374423747008033
0.34534534534534533	2.1133141497118477
0.35035035035035034	2.0898225082310944
0.35535535535535534	2.06694138092905
0.36036036036036034	2.0446461099431845
0.36536536536536535	2.02291335647673
0.37037037037037035	2.0017210153285707
0.37537537537537535	1.9810481357777108
0.38038038038038036	1.960874848297491
0.38538538538538536	1.9411822966223702
0.39039039039039036	1.9219525747321475
0.3953953953953954	1.9031686683574696
0.4004004004004004	1.8848144006449168
0.40540540540540543	1.866874381651788
0.41041041041041043	1.8493339613691093
0.41541541541541543	1.8321791859974963
0.42042042042042044	1.8153967572237155
0.42542542542542544	1.798973994267511
0.43043043043043044	1.7828987984874407
0.43543543543543545	1.7671596203520186
0.44044044044044045	1.7517454285987757
0.44544544544544545	1.7366456814183169
0.45045045045045046	1.7218502995136287
0.45545545545545546	1.707349640897288
0.46046046046046046	1.6931344773002057
0.46546546546546547	1.6791959720753955
0.47047047047047047	1.6655256594900039
0.4754754754754755	1.6521154253067474
0.4804804804804805	1.6389574885638665
0.4854854854854855	1.626044384469962
0.4904904904904905	1.6133689483360594
0.4954954954954955	1.6009243004737108
0.5005005005005005	1.588703831992866
0.5055055055055055	1.5767011914387874
0.5105105105105106	1.5649102722112893
0.5155155155155156	1.5533252007142868
0.5205205205205206	1.5419403251870971
0.5255255255255256	1.5307502051728386
0.5305305305305306	1.5197496015822123
0.5355355355355356	1.5089334673142751
0.5405405405405406	1.498296938398403
0.5455455455455456	1.4878353256240833
0.5505505505505506	1.477544106627984
0.5555555555555556	1.4674189184092863
0.5605605605605606	1.45745555024686
0.5655655655655656	1.4476499369933407
0.5705705705705706	1.4379981527230419
0.5755755755755756	1.4284964047121678
0.5805805805805806	1.4191410277312513
0.5855855855855856	1.4099284786311856
0.5905905905905906	1.400855331205337
0.5955955955955956	1.3919182713114444
0.6006006006006006	1.383114092238194
0.6056056056056056	1.3744396903021556
0.6106106106106106	1.3658920606619
0.6156156156156156	1.3574682933367717
0.6206206206206206	1.3491655694188076
0.6256256256256256	1.340981157466911
0.6306306306306306	1.3329124100729748
0.6356356356356356	1.3249567605906367
0.6406406406406406	1.3171117200174252
0.6456456456456456	1.309374874022278
0.6506506506506506	1.3017438801102237
0.6556556556556556	1.2942164649170216
0.6606606606606606	1.2867904216267645
0.6656656656656657	1.2794636075059982
0.6706706706706707	1.2722339415481416
0.6756756756756757	1.2650994022224524
0.6806806806806807	1.2580580253222453
0.6856856856856857	1.2511079019070412
0.6906906906906907	1.2442471763341463
0.6956956956956957	1.2374740443747851
0.7007007007007007	1.2307867514108024
0.7057057057057057	1.224183590707857
0.7107107107107107	1.217662901761177
0.7157157157157157	1.2112230687104786
0.7207207207207207	1.2048625188205484
0.7257257257257257	1.1985797210243998
0.7307307307307307	1.1923731845259544
0.7357357357357357	1.1862414574592406
0.7407407407407407	1.1801831256018058
0.7457457457457457	1.1741968111393724
0.7507507507507507	1.1682811714795904
0.7557557557557557	1.1624348981125532
0.7607607607607607	1.156656715515859
0.7657657657657657	1.1509453801022096
0.7707707707707707	1.1452996792077181
0.7757757757757757	1.1397184301187984
0.7807807807807807	1.1342004791362799
0.7857857857857858	1.128744700674784
0.7907907907907908	1.1233499963959195
0.7957957957957958	1.1180152943738721
0.8008008008008008	1.1127395482917448
0.8058058058058059	1.1075217366677248
0.8108108108108109	1.102360862109247
0.8158158158158159	1.0972559505944437
0.8208208208208209	1.0922060507794376
0.8258258258258259	1.0872102333304794
0.8308308308308309	1.0822675902798724
0.8358358358358359	1.077377234404655
0.8408408408408409	1.0725382986272145
0.8458458458458459	1.067749935436739
0.8508508508508509	1.0630113163308328
0.8558558558558559	1.058321631276387
0.8608608608608609	1.0536800881888755
0.8658658658658659	1.0490859124295242
0.8708708708708709	1.0445383463193905
0.8758758758758759	1.0400366486698627
0.8808808808808809	1.0355800943288749
0.8858858858858859	1.031167973742185
0.8908908908908909	1.0267995925292122
0.8958958958958959	1.0224742710727757
0.9009009009009009	1.018191344122251
0.9059059059059059	1.0139501604096388
0.9109109109109109	1.0097500822780119
0.9159159159159159	1.0055904853219
0.9209209209209209	1.0014707580391806
0.9259259259259259	0.9973903014940028
0.9309309309309309	0.9933485289903474
0.9359359359359359	0.9893448657558395
0.9409409409409409	0.9853787486354614
0.9459459459459459	0.981449625794732
0.950950950950951	0.9775569564320532
0.955955955955956	0.9737002104999504
0.960960960960961	0.9698788684347311
0.965965965965966	0.9660924208944252
0.970970970970971	0.9623403685045969
0.975975975975976	0.9586222216118658
0.980980980980981	0.9549375000446735
0.985985985985986	0.9512857328812734
0.990990990990991	0.9476664582245309
0.995995995995996	0.9440792229833487
1.001001001001001	0.9405235826605028
1.006006006006006	0.9369991011466451
1.011011011011011	0.9335053505202419
1.016016016016016	0.93004191085338
1.021021021021021	0.9266083700229747
1.026026026026026	0.9232043235275205
1.031031031031031	0.9198293743089413
1.0360360360360361	0.9164831325795101
1.0410410410410411	0.9131652156536475
1.0460460460460461	0.9098752477843298
1.0510510510510511	0.9066128600041907
1.0560560560560561	0.9033776899709173
1.0610610610610611	0.9001693818168957
1.0660660660660661	0.896987586003071
1.0710710710710711	0.8938319591767039
1.0760760760760761	0.8907021640330094
1.0810810810810811	0.8875978691805625
1.0860860860860861	0.884518749010311
1.0910910910910911	0.8814644835680573
1.0960960960960962	0.878434758430378
1.1011011011011012	0.8754292645838279
1.1061061061061062	0.8724476983073015
1.1111111111111112	0.8694897610575191
1.1161161161161162	0.8665551593574948
1.1211211211211212	0.863643604687864
1.1261261261261262	0.8607548133811206
1.1311311311311312	0.8578885065184765
1.1361361361361362	0.8550444098294351
1.1411411411411412	0.8522222535938994
1.1461461461461462	0.8494217725467957
1.1511511511511512	0.8466427057850854
1.1561561561561562	0.8438847966771307
1.1611611611611612	0.8411477927743422
1.1661661661661662	0.838431445725017
1.1711711711711712	0.8357355111903421
1.1761761761761762	0.833059748762457
1.1811811811811812	0.8304039218845555
1.1861861861861862	0.8277677977729356
1.1911911911911912	0.8251511473409447
1.1961961961961962	0.8225537451248154
1.2012012012012012	0.8199753692112385
1.2062062062062062	0.8174158011667668
1.2112112112112112	0.81487482596882
1.2162162162162162	0.8123522319384016
1.2212212212212212	0.8098478106744157
1.2262262262262262	0.8073613569895354
1.2312312312312312	0.8048926688475473
1.2362362362362362	0.8024415473022573
1.2412412412412412	0.8000077964377202
1.2462462462462462	0.7975912233099771
1.2512512512512513	0.795191637890043
1.2562562562562563	0.7928088530082823
1.2612612612612613	0.79044268430005
1.2662662662662663	0.7880929501525683
1.2712712712712713	0.7857594716530285
1.2762762762762763	0.7834420725378755
1.2812812812812813	0.7811405791432364
1.2862862862862863	0.7788548203564727
1.2912912912912913	0.7765846275688245
1.2962962962962963	0.7743298346291186
1.3013013013013013	0.7720902777984963
1.3063063063063063	0.7698657957061779
1.3113113113113113	0.7676562293061611
1.3163163163163163	0.7654614218349288
1.3213213213213213	0.7632812187700331
1.3263263263263263	0.761115467789635
1.3313313313313313	0.7589640187328955
1.3363363363363363	0.7568267235612307
1.3413413413413413	0.7547034363204216
1.3463463463463463	0.7525940131035281
1.3513513513513513	0.750498312014598
1.3563563563563563	0.7484161931331578
1.3613613613613613	0.7463475184794589
1.3663663663663663	0.744292151980489
1.3713713713713713	0.7422499594366304
1.3763763763763763	0.7402208084891108
1.3813813813813813	0.7382045685880665
1.3863863863863863	0.7362011109613336
1.3913913913913913	0.7342103085838256
1.3963963963963963	0.7322320361476038
1.4014014014014013	0.7302661700325395
1.4064064064064064	0.7283125882775927
1.4114114114114114	0.7263711705526591
1.4164164164164164	0.7244417981310338
1.4214214214214214	0.7225243538623797
1.4264264264264264	0.7206187221463242
1.4314314314314314	0.718724788906506
1.4364364364364364	0.7168424415652096
1.4414414414414414	0.7149715690184845
1.4464464464464464	0.7131120616117318
1.4514514514514514	0.7112638111158629
1.4564564564564564	0.7094267107038575
1.4614614614614614	0.707600654927803
1.4664664664664664	0.7057855396964053
1.4714714714714714	0.70398126225294
1.4764764764764764	0.7021877211536088
1.4814814814814814	0.7004048162463787
1.4864864864864864	0.6986324486501346
1.4914914914914914	0.6968705207343582
1.4964964964964964	0.6951189360991238
1.5015015015015014	0.6933775995554653
1.5065065065065064	0.6916464171062022
1.5115115115115114	0.6899252959270263
1.5165165165165164	0.6882141443480684
1.5215215215215214	0.6865128718357154
1.5265265265265264	0.6848213889748035
1.5315315315315314	0.6831396074511913
1.5365365365365364	0.6814674400346192
1.5415415415415414	0.6798048005618539
1.5465465465465464	0.6781516039202656
1.5515515515515514	0.6765077660315771
1.5565565565565564	0.6748732038360047
1.5615615615615615	0.6732478352766742
1.5665665665665667	0.671631579284294
1.5715715715715717	0.670024355762159
1.5765765765765767	0.6684260855713845
1.5815815815815817	0.6668366905164367
1.5865865865865867	0.6652560933309283
1.5915915915915917	0.663684217663655
1.5965965965965967	0.662120988064909
1.6016016016016017	0.6605663299730082
1.6066066066066067	0.6590201697011131
1.6116116116116117	0.6574824344242242
1.6166166166166167	0.6559530521664612
1.6216216216216217	0.6544319517885578
1.6266266266266267	0.6529190629755417
1.6316316316316317	0.6514143162246953
1.6366366366366367	0.6499176428336879
1.6416416416416417	0.6484289748889142
1.6466466466466467	0.6469482452540606
1.6516516516516517	0.6454753875588597
1.6566566566566567	0.6440103361880409
1.6616616616616617	0.6425530262704905
1.6666666666666667	0.6411033936685611
1.6716716716716717	0.6396613749676013
1.6766766766766767	0.6382269074656671
1.6816816816816818	0.6367999291633774
1.6866866866866868	0.635380378753972
1.6916916916916918	0.6339681956135416
1.6966966966966968	0.6325633197914018
1.7017017017017018	0.6311656920006542
1.7067067067067068	0.6297752536088931
1.7117117117117118	0.6283919466290645
1.7167167167167168	0.6270157137105045
1.7217217217217218	0.6256464981301038
1.7267267267267268	0.6242842437836248
1.7317317317317318	0.6229288951771744
1.7367367367367368	0.6215803974188013
1.7417417417417418	0.6202386962102628
1.7467467467467468	0.6189037378388959
1.7517517517517518	0.6175754691696107
1.7567567567567568	0.6162538376370942
1.7617617617617618	0.614938791238047
1.7667667667667668	0.6136302785235971
1.7717717717717718	0.6123282485918391
1.7767767767767768	0.6110326510804656
1.7817817817817818	0.6097434361595568
1.7867867867867868	0.6084605545244606
1.7917917917917918	0.6071839573887731
1.7967967967967968	0.6059135964774947
1.8018018018018018	0.6046494240202196
1.8068068068068068	0.6033913927444767
1.8118118118118118	0.6021394558691793
1.8168168168168168	0.6008935670981532
1.8218218218218218	0.5996536806138084
1.8268268268268268	0.5984197510708503
1.8318318318318318	0.5971917335901583
1.8368368368368369	0.5959695837527058
1.8418418418418419	0.5947532575936109
1.8468468468468469	0.5935427115962728
1.8518518518518519	0.592337902686558
1.8568568568568569	0.5911387882271556
1.8618618618618619	0.5899453260119747
1.8668668668668669	0.5887574742605941
1.8718718718718719	0.5875751916128709
1.8768768768768769	0.586398437123585
1.8818818818818819	0.5852271702571812
1.8868868868868869	0.5840613508825752
1.8918918918918919	0.5829009392680721
1.896896896896897	0.5817458960763271
1.901901901901902	0.5805961823593929
1.906906906906907	0.5794517595538752
1.911911911911912	0.5783125894760974
1.916916916916917	0.5771786343173938
1.921921921921922	0.5760498566394556
1.926926926926927	0.5749262193697365
1.931931931931932	0.5738076857969396
1.936936936936937	0.5726942195665685
1.941941941941942	0.5715857846765423
1.946946946946947	0.5704823454728684
1.951951951951952	0.5693838666454151
1.956956956956957	0.5682903132236734
1.961961961961962	0.5672016505726759
1.966966966966967	0.5661178443889023
1.971971971971972	0.5650388606962667
1.976976976976977	0.5639646658421823
1.981981981981982	0.5628952264936352
1.986986986986987	0.5618305096334067
1.991991991991992	0.5607704825562195
1.996996996996997	0.5597151128650781
2.002002002002002	0.5586643684675409
2.007007007007007	0.5576182175721367
2.012012012012012	0.5565766286847893
2.017017017017017	0.5555395706052834
2.022022022022022	0.5545070124238197
2.027027027027027	0.5534789235175809
2.032032032032032	0.5524552735473741
2.037037037037037	0.5514360324543162
2.042042042042042	0.5504211704565354
2.047047047047047	0.5494106580459592
2.052052052052052	0.5484044659851485
2.057057057057057	0.5474025653041222
2.062062062062062	0.5464049272973022
2.067067067067067	0.5454115235204192
2.0720720720720722	0.5444223257875649
2.0770770770770772	0.5434373061681678
2.0820820820820822	0.5424564369841013
2.0870870870870872	0.5414796908067825
2.0920920920920922	0.5405070404543456
2.0970970970970972	0.5395384589888262
2.1021021021021022	0.5385739197133794
2.1071071071071072	0.5376133961695876
2.1121121121121122	0.536656862134733
2.1171171171171173	0.5357042916191558
2.1221221221221223	0.5347556588636475
2.1271271271271273	0.5338109383368502
2.1321321321321323	0.5328701047327162
2.1371371371371373	0.5319331329679868
2.1421421421421423	0.5309999981797313
2.1471471471471473	0.530070675722878
2.1521521521521523	0.5291451411678083
2.1571571571571573	0.5282233702979913
2.1621621621621623	0.5273053391076032
2.1671671671671673	0.5263910237992365
2.1721721721721723	0.5254804007815951
2.1771771771771773	0.5245734466672439
2.1821821821821823	0.5236701382703991
2.1871871871871873	0.5227704526046837
2.1921921921921923	0.5218743668810111
2.1971971971971973	0.5209818585054049
2.2022022022022023	0.5200929050769162
2.2072072072072073	0.5192074843855177
2.2122122122122123	0.5183255744100562
2.2172172172172173	0.5174471533162144
2.2222222222222223	0.5165721994545222
2.2272272272272273	0.5157006913583602
2.2322322322322323	0.5148326077420128
2.2372372372372373	0.5139679274987472
2.2422422422422423	0.5131066296989095
2.2472472472472473	0.5122486935880338
2.2522522522522523	0.5113940985849942
2.2572572572572573	0.510542824280189
2.2622622622622623	0.5096948504337193
2.2672672672672673	0.5088501569735926
2.2722722722722724	0.5080087239939922
2.2772772772772774	0.5071705317535199
2.2822822822822824	0.5063355606734641
2.2872872872872874	0.5055037913361431
2.2922922922922924	0.5046752044831905
2.2972972972972974	0.503849781013926
2.3023023023023024	0.5030275019837243
2.3073073073073074	0.5022083486023783
2.3123123123123124	0.5013923022325478
2.3173173173173174	0.5005793443881438
2.3223223223223224	0.49976945673280754
2.3273273273273274	0.49896262107836603
2.3323323323323324	0.4981588193833102
2.3373373373373374	0.49735803375131726
2.3423423423423424	0.496560246429757
2.3473473473473474	0.4957654398082405
2.3523523523523524	0.4949735964171822
2.3573573573573574	0.4941846989263671
2.3623623623623624	0.49339873014355057
2.3673673673673674	0.4926156730130718
2.3723723723723724	0.49183551061447156
2.3773773773773774	0.4910582261611545
2.3823823823823824	0.4902838029990341
2.3873873873873874	0.48951222460520777
2.3923923923923924	0.4887434745866729
2.3973973973973974	0.48797753667901317
2.4024024024024024	0.4872143947451285
2.4074074074074074	0.486454032773978
2.4124124124124124	0.48569643487933606
2.4174174174174174	0.48494158529855885
2.4224224224224224	0.4841894683913667
2.4274274274274275	0.4834400686386518
2.4324324324324325	0.4826933706412745
2.4374374374374375	0.48194935911891224
2.4424424424424425	0.4812080189088797
2.4474474474474475	0.4804693349650049
2.4524524524524525	0.4797332923564684
2.4574574574574575	0.4789998762667148
2.4624624624624625	0.4782690719923322
2.4674674674674675	0.47754086494195386
2.4724724724724725	0.476815240635193
2.4774774774774775	0.4760921847015695
2.4824824824824825	0.47537168287945025
2.4874874874874875	0.4746537210150097
2.4924924924924925	0.4739382850611977
2.4974974974974975	0.4732253610767297
2.5025025025025025	0.4725149352250697
2.5075075075075075	0.47180699377343516
2.5125125125125125	0.4711015230918266
2.5175175175175175	0.47039850965203023
2.5225225225225225	0.4696979400266808
2.5275275275275275	0.46899980088829935
2.5325325325325325	0.46830407900835574
2.5375375375375375	0.467610761256337
2.5425425425425425	0.46691983459883024
2.5475475475475475	0.4662312860986208
2.5525525525525525	0.4655451029137842
2.5575575575575575	0.464861272296807
2.5625625625625625	0.4641797815937038
2.5675675675675675	0.46350061824315003
2.5725725725725725	0.4628237697756229
2.5775775775775776	0.462149223812567
2.5825825825825826	0.4614769680655241
2.5875875875875876	0.46080699033534317
2.5925925925925926	0.4601392785113228
2.5975975975975976	0.4594738205704235
2.6026026026026026	0.4588106045764606
2.6076076076076076	0.4581496186793072
2.6126126126126126	0.45749085111410664
2.6176176176176176	0.4568342902005142
2.6226226226226226	0.45617992434188936
2.6276276276276276	0.4555277420245949
2.6326326326326326	0.4548777318171917
2.6376376376376376	0.4542298823697339
2.6426426426426426	0.45358418241301185
2.6476476476476476	0.4529406207578371
2.6526526526526526	0.4522991862943162
2.6576576576576576	0.45165986799115015
2.6626626626626626	0.45102265489491933
2.6676676676676676	0.45038753612940025
2.6726726726726726	0.44975450089486785
2.6776776776776776	0.44912353846741876
2.6826826826826826	0.4484946381982964
2.6876876876876876	0.4478677895132321
2.6926926926926926	0.44724298191177414
2.6976976976976976	0.4466202049666509
2.7027027027027026	0.4459994483231058
2.7077077077077076	0.44538070169828003
2.7127127127127126	0.44476395488057
2.7177177177177176	0.4441491977290059
2.7227227227227226	0.44353642017263495
2.7277277277277276	0.44292561220989735
2.7327327327327327	0.44231676390804664
2.7377377377377377	0.4417098654025309
2.7427427427427427	0.441104906896408
2.7477477477477477	0.4405018786597542
2.7527527527527527	0.4399007710290922
2.7577577577577577	0.4393015744068076
2.7627627627627627	0.4387042792605918
2.7677677677677677	0.4381088761228749
2.7727727727727727	0.437515355590272
2.7777777777777777	0.43692370832302396
2.7827827827827827	0.4363339250444586
2.7877877877877877	0.4357459965404623
2.7927927927927927	0.4351599136589279
2.7977977977977977	0.4345756673092428
2.8028028028028027	0.433993248461752
2.8078078078078077	0.43341264814725444
2.8128128128128127	0.4328338574564817
2.8178178178178177	0.43225686753960063
2.8228228228228227	0.4316816696056947
2.8278278278278277	0.43110825492229776
2.8328328328328327	0.4305366148148635
2.8378378378378377	0.4299667406663149
2.8428428428428427	0.4293986239165442
2.8478478478478477	0.42883225606193576
2.8528528528528527	0.4282676286549123
2.8578578578578577	0.4277047333034346
2.8628628628628627	0.4271435616705753
2.8678678678678677	0.4265841054740454
2.8728728728728727	0.42602635648573434
2.8778778778778777	0.4254703065312746
2.8828828828828827	0.4249159474895914
2.8878878878878878	0.4243632712924576
2.8928928928928928	0.4238122699240714
2.8978978978978978	0.42326293542061927
2.9029029029029028	0.42271525986984987
2.9079079079079078	0.4221692354106522
2.9129129129129128	0.42162485423262785
2.9179179179179178	0.4210821085756973
2.9229229229229228	0.42054099072967077
2.9279279279279278	0.4200014930338592
2.932932932932933	0.41946360787665854
2.937937937937938	0.4189273276951505
2.942942942942943	0.4183926449747284
2.947947947947948	0.41785955224868143
2.952952952952953	0.41732804209782554
2.957957957957958	0.4167981071501185
2.962962962962963	0.41626974008028417
2.967967967967968	0.41574293360941106
2.972972972972973	0.4152176805046188
2.977977977977978	0.4146939735786715
2.982982982982983	0.4141718056896115
2.987987987987988	0.4136511697404016
2.992992992992993	0.4131320586785651
2.997997997997998	0.41261446549583936
3.003003003003003	0.41209838322782005
3.008008008008008	0.41158380495361563
3.013013013013013	0.41107072379550275
3.018018018018018	0.4105591329185756
3.023023023023023	0.41004902553043165
3.028028028028028	0.4095403948808173
3.033033033033033	0.40903323426130234
3.038038038038038	0.40852753700496414
3.043043043043043	0.40802329648603597
3.048048048048048	0.4075205061196122
3.053053053053053	0.4070191593613239
3.058058058058058	0.4065192497070098
3.063063063063063	0.40602077069241177
3.068068068068068	0.4055237158928812
3.073073073073073	0.40502807892303355
3.078078078078078	0.4045338534364873
3.083083083083083	0.40404103312553763
3.088088088088088	0.4035496117208592
3.093093093093093	0.40305958299122685
3.098098098098098	0.40257094074320043
3.103103103103103	0.40208367882085316
3.108108108108108	0.40159779110547045
3.113113113113113	0.40111327151527887
3.118118118118118	0.40063011400516024
3.123123123123123	0.40014831256635897
3.1281281281281283	0.399667861226219
3.1331331331331334	0.3991887540479126
3.1381381381381384	0.39871098513015796
3.1431431431431434	0.3982345486069517
3.1481481481481484	0.397759438647303
3.1531531531531534	0.3972856494549771
3.1581581581581584	0.39681317526822896
3.1631631631631634	0.3963420103595332
3.1681681681681684	0.3958721490353367
3.1731731731731734	0.39540358563580946
3.1781781781781784	0.39493631453457206
3.1831831831831834	0.3944703301384753
3.1881881881881884	0.3940056268873212
3.1931931931931934	0.3935421992536398
3.1981981981981984	0.3930800417424344
3.2032032032032034	0.3926191488909404
3.2082082082082084	0.39215951526838605
3.2132132132132134	0.3917011354757714
3.2182182182182184	0.39124400414560484
3.2232232232232234	0.39078811594169793
3.2282282282282284	0.39033346555890125
3.2332332332332334	0.38988004772292456
3.2382382382382384	0.38942785719006023
3.2432432432432434	0.38897688874699626
3.2482482482482484	0.38852713721056514
3.2532532532532534	0.38807859742754314
3.2582582582582584	0.38763126427441597
3.2632632632632634	0.38718513265718363
3.2682682682682684	0.38674019751112104
3.2732732732732734	0.3862964538005855
3.2782782782782784	0.3858538965187859
3.2832832832832834	0.38541252068759246
3.2882882882882885	0.3849723213573149
3.2932932932932935	0.38453329360650657
3.2982982982982985	0.38409543254175826
3.3033033033033035	0.3836587332974925
3.3083083083083085	0.383223191035754
3.3133133133133135	0.3827888009460505
3.3183183183183185	0.38235555824509876
3.3233233233233235	0.38192345817667706
3.3283283283283285	0.3814924960114062
3.3333333333333335	0.3810626670465635
3.3383383383383385	0.3806339666058966
3.3433433433433435	0.38020639003944434
3.3483483483483485	0.37977993272331373
3.3533533533533535	0.3793545900595407
3.3583583583583585	0.37893035747587483
3.3633633633633635	0.3785072304256067
3.3683683683683685	0.3780852043873882
3.3733733733733735	0.37766427486507337
3.3783783783783785	0.377244437387486
3.3833833833833835	0.37682568750831186
3.3883883883883885	0.3764080208058607
3.3933933933933935	0.37599143288295217
3.3983983983983985	0.37557591936669904
3.4034034034034035	0.375161475908361
3.4084084084084085	0.374748098183169
3.4134134134134135	0.3743357818901499
3.4184184184184185	0.3739245227519831
3.4234234234234235	0.3735143165148126
3.4284284284284285	0.3731051589480956
3.4334334334334335	0.3726970458444458
3.4384384384384385	0.37228997301944733
3.4434434434434436	0.37188393631154243
3.4484484484484486	0.3714789315818198
3.4534534534534536	0.37107495471390595
3.4584584584584586	0.3706720016137755
3.4634634634634636	0.3702700682096211
3.4684684684684686	0.36986915045167706
3.4734734734734736	0.36946924431209666
3.4784784784784786	0.36907034578478287
3.4834834834834836	0.36867245088524075
3.4884884884884886	0.36827555565043757
3.4934934934934936	0.3678796561386563
3.4984984984984986	0.36748474842933415
3.5035035035035036	0.36709082862295456
3.5085085085085086	0.3666978928408578
3.5135135135135136	0.3663059372251415
3.5185185185185186	0.36591495793849027
3.5235235235235236	0.36552495116405814
3.5285285285285286	0.3651359131053097
3.5335335335335336	0.36474783998591503
3.5385385385385386	0.36436072804957353
3.5435435435435436	0.36397457355991
3.5485485485485486	0.36358937280031717
3.5535535535535536	0.36320512207386035
3.5585585585585586	0.3628218177031002
3.5635635635635636	0.3624394560299934
3.5685685685685686	0.36205803341575843
3.5735735735735736	0.3616775462407298
3.5785785785785786	0.3612979909042519
3.5835835835835836	0.360919363824555
3.5885885885885886	0.3605416614386056
3.5935935935935936	0.3601648802020035
3.5985985985985987	0.3597890165888492
3.6036036036036037	0.3594140670916203
3.6086086086086087	0.3590400282210681
3.6136136136136137	0.3586668965060728
3.6186186186186187	0.35829466849353286
3.6236236236236237	0.3579233407482629
3.6286286286286287	0.3575529098528393
3.6336336336336337	0.35718337240752585
3.6386386386386387	0.3568147250301373
3.6436436436436437	0.3564469643559164
3.6486486486486487	0.3560800870374341
3.6536536536536537	0.35571408974448043
3.6586586586586587	0.35534896916393355
3.6636636636636637	0.354984721999672
3.6686686686686687	0.3546213449724296
3.6736736736736737	0.3542588348197425
3.6786786786786787	0.35389718829577943
3.6836836836836837	0.3535364021712758
3.6886886886886887	0.3531764732333995
3.6936936936936937	0.3528173982856815
3.6986986986986987	0.35245917414786376
3.7037037037037037	0.3521017976558347
3.7087087087087087	0.35174526566149417
3.7137137137137137	0.3513895750326849
3.7187187187187187	0.35103472265305663
3.7237237237237237	0.3506807054219904
3.7287287287287287	0.3503275202544843
3.7337337337337337	0.3499751640810497
3.7387387387387387	0.34962363384763423
3.7437437437437437	0.3492729265155023
3.7487487487487487	0.348923039061145
3.7537537537537538	0.34857396847619265
3.7587587587587588	0.34822571176729494
3.7637637637637638	0.3478782659560566
3.7687687687687688	0.3475316280789123
3.7737737737737738	0.34718579518707027
3.7787787787787788	0.3468407643463777
3.7837837837837838	0.3464965326372599
3.7887887887887888	0.34615309715460446
3.793793793793794	0.3458104550077022
3.798798798798799	0.3454686033201166
3.803803803803804	0.345127539229643
3.808808808808809	0.34478725988816755
3.813813813813814	0.3444477624616166
3.818818818818819	0.3441090441298527
3.823823823823824	0.34377110208660056
3.828828828828829	0.3434339335393382
3.833833833833834	0.3430975357092441
3.838838838838839	0.342761905831075
3.843843843843844	0.342427041153116
3.848848848848849	0.34209293893707776
3.853853853853854	0.34175959645801135
3.858858858858859	0.34142701100424055
3.863863863863864	0.3410951798772745
3.868868868868869	0.34076410039170824
3.873873873873874	0.3404337698751739
3.878878878878879	0.3401041856682376
3.883883883883884	0.33977534512433516
3.888888888888889	0.3394472456096741
3.893893893893894	0.3391198845031775
3.898898898898899	0.3387932591963848
3.903903903903904	0.33846736709340114
3.908908908908909	0.33814220561079467
3.913913913913914	0.33781777217753856
3.918918918918919	0.3374940642349192
3.923923923923924	0.337171079236487
3.928928928928929	0.33684881464794997
3.933933933933934	0.33652726794713334
3.938938938938939	0.33620643662387817
3.943943943943944	0.33588631817998243
3.948948948948949	0.33556691012913265
3.953953953953954	0.3352482099968161
3.958958958958959	0.33493021532026773
3.963963963963964	0.3346129236484002
3.968968968968969	0.33429633254171276
3.973973973973974	0.33398043957223733
3.978978978978979	0.3336652423234712
3.983983983983984	0.33335073839030743
3.988988988988989	0.33303692537895857
3.993993993993994	0.33272380090690223
3.998998998998999	0.3324113626027922
4.004004004004004	0.3320996081064197
4.009009009009009	0.3317885350686354
4.014014014014014	0.3314781411512715
4.019019019019019	0.3311684240270952
4.024024024024024	0.3308593813797333
4.029029029029029	0.330551010903622
4.034034034034034	0.3302433103039132
4.039039039039039	0.3299362772964441
4.044044044044044	0.3296299096076606
4.049049049049049	0.32932420497455134
4.054054054054054	0.3290191611445904
4.059059059059059	0.32871477587568176
4.064064064064064	0.32841104693607437
4.069069069069069	0.3281079721043443
4.074074074074074	0.32780554916928123
4.079079079079079	0.3275037759298823
4.084084084084084	0.32720265019524736
4.089089089089089	0.3269021697845522
4.094094094094094	0.3266023325269742
4.099099099099099	0.3263031362616386
4.104104104104104	0.3260045788375497
4.109109109109109	0.32570665811356514
4.114114114114114	0.3254093719582908
4.119119119119119	0.32511271825007904
4.124124124124124	0.3248166948769235
4.129129129129129	0.3245212997364382
4.134134134134134	0.32422653073577773
4.1391391391391394	0.3239323857916052
4.1441441441441444	0.3236388628300173
4.1491491491491495	0.32334595978650044
4.1541541541541545	0.32305367460587864
4.1591591591591595	0.32276200524225535
4.1641641641641645	0.3224709496589522
4.1691691691691695	0.32218050582849156
4.1741741741741745	0.32189067173249203
4.1791791791791795	0.3216014453616558
4.1841841841841845	0.32131282471569655
4.1891891891891895	0.32102480780331416
4.1941941941941945	0.3207373926421001
4.1991991991991995	0.32045057725853726
4.2042042042042045	0.3201643596879098
4.2092092092092095	0.3198787379742711
4.2142142142142145	0.319593710170393
4.2192192192192195	0.31930927433771855
4.2242242242242245	0.3190254285463084
4.2292292292292295	0.3187421708747908
4.2342342342342345	0.31845949941032164
4.2392392392392395	0.3181774122485259
4.2442442442442445	0.31789590749345575
4.2492492492492495	0.3176149832575596
4.2542542542542545	0.31733463766159353
4.2592592592592595	0.31705486883461775
4.2642642642642645	0.31677567491392433
4.2692692692692695	0.3164970540450116
4.2742742742742745	0.31621900438150785
4.2792792792792795	0.31594152408516857
4.2842842842842845	0.31566461132578494
4.2892892892892895	0.3153882642811791
4.2942942942942945	0.31511248113712975
4.2992992992992995	0.31483726008735535
4.3043043043043046	0.3145625993334387
4.3093093093093096	0.3142884970848214
4.314314314314315	0.3140149515587138
4.31931931931932	0.31374196098010465
4.324324324324325	0.31346952358166974
4.32932932932933	0.31319763760377617
4.334334334334335	0.31292630129438503
4.33933933933934	0.312655512909071
4.344344344344345	0.3123852707109296
4.34934934934935	0.31211557297056525
4.354354354354355	0.31184641796603124
4.35935935935936	0.31157780398282175
4.364364364364365	0.31130972931378864
4.36936936936937	0.31104219225912627
4.374374374374375	0.310775191126329
4.37937937937938	0.3105087242301527
4.384384384384385	0.31024278989256443
4.38938938938939	0.3099773864427262
4.394394394394395	0.309712512216917
4.3993993993994	0.30944816555853716
4.404404404404405	0.30918434481804274
4.40940940940941	0.3089210483529247
4.414414414414415	0.3086582745276487
4.41941941941942	0.3083960217136411
4.424424424424425	0.3081342882892362
4.42942942942943	0.3078730726396467
4.434434434434435	0.3076123731569222
4.43943943943944	0.30735218823992255
4.444444444444445	0.3070925162942571
4.44944944944945	0.3068333557322755
4.454454454454455	0.3065747049730294
4.45945945945946	0.30631656244220923
4.464464464464465	0.30605892657214695
4.46946946946947	0.3058017958017455
4.474474474474475	0.3055451685764699
4.47947947947948	0.30528904334830625
4.484484484484485	0.3050334185757075
4.48948948948949	0.30477829272359513
4.494494494494495	0.30452366426329125
4.4994994994995	0.30426953167250503
4.504504504504505	0.3040158934352867
4.50950950950951	0.3037627480420077
4.514514514514515	0.30351009398930895
4.51951951951952	0.3032579297800941
4.524524524524525	0.3030062539234648
4.52952952952953	0.3027550649347145
4.534534534534535	0.3025043613352796
4.53953953953954	0.30225414165271375
4.544544544544545	0.3020044044206649
4.54954954954955	0.3017551481788243
4.554554554554555	0.30150637147290626
4.55955955955956	0.30125807285461653
4.564564564564565	0.30101025088161504
4.56956956956957	0.3007629041175023
4.574574574574575	0.3005160311317627
4.57957957957958	0.300269630499751
4.584584584584585	0.3000237008026557
4.58958958958959	0.2997782406274771
4.594594594594595	0.29953324856698876
4.5995995995996	0.299288723219705
4.604604604604605	0.299044663189862
4.60960960960961	0.2988010670873772
4.614614614614615	0.29855793352783067
4.61961961961962	0.2983152611324287
4.624624624624625	0.29807304852797073
4.62962962962963	0.29783129434683914
4.634634634634635	0.29758999722694657
4.63963963963964	0.29734915581172006
4.644644644644645	0.2971087687500785
4.64964964964965	0.29686883469639574
4.654654654654655	0.2966293523104712
4.65965965965966	0.2963903202575048
4.664664664664665	0.29615173720807414
4.66966966966967	0.29591360183810267
4.674674674674675	0.2956759128288312
4.67967967967968	0.2954386688667967
4.684684684684685	0.29520186864380044
4.68968968968969	0.29496551085687567
4.694694694694695	0.2947295942082731
4.6996996996997	0.29449411740543147
4.704704704704705	0.2942590791609435
4.70970970970971	0.2940244781925442
4.714714714714715	0.2937903132230623
4.71971971971972	0.2935565829804228
4.724724724724725	0.29332328619759324
4.72972972972973	0.29309042161258586
4.734734734734735	0.2928579879684087
4.73973973973974	0.29262598401305295
4.744744744744745	0.29239440849945947
4.74974974974975	0.2921632601855143
4.754754754754755	0.2919325378339899
4.75975975975976	0.29170224021256336
4.764764764764765	0.29147236609375166
4.76976976976977	0.2912429142549
4.774774774774775	0.2910138834781802
4.77977977977978	0.29078527255053843
4.784784784784785	0.2905570802636781
4.78978978978979	0.2903293054140551
4.794794794794795	0.29010194680281587
4.7997997997998	0.2898750032358235
4.804804804804805	0.28964847352358547
4.80980980980981	0.2894223564812679
4.814814814814815	0.2891966509286525
4.81981981981982	0.2889713556901235
4.824824824824825	0.2887464695946325
4.82982982982983	0.2885219914756943
4.834834834834835	0.28829792017134365
4.83983983983984	0.2880742545241373
4.844844844844845	0.28785099338110337
4.84984984984985	0.2876281355937514
4.854854854854855	0.28740568001801475
4.85985985985986	0.2871836255142603
4.864864864864865	0.28696197094725173
4.86986986986987	0.2867407151861286
4.874874874874875	0.28651985710438826
4.87987987987988	0.2862993955798614
4.884884884884885	0.2860793294946909
4.88988988988989	0.2858596577353151
4.894894894894895	0.28564037919245056
4.8998998998999	0.2854214927610549
4.904904904904905	0.285202997340317
4.90990990990991	0.2849848918336486
4.914914914914915	0.2847671751486342
4.91991991991992	0.2845498461970438
4.924924924924925	0.2843329038947775
4.92992992992993	0.28411634716188905
4.934934934934935	0.28390017492251823
4.93993993993994	0.283684386104913
4.944944944944945	0.2834689796413817
4.94994994994995	0.2832539544682859
4.954954954954955	0.28303930952601314
4.95995995995996	0.28282504375897516
4.964964964964965	0.28261115611556104
4.96996996996997	0.28239764554814273
4.974974974974975	0.2821845110130439
4.97997997997998	0.28197175147052794
4.984984984984985	0.28175936588476674
4.98998998998999	0.28154735322383256
4.994994994994995	0.2813357124596841
5.0	0.2811244425681372
