-5.0	-0.00018583993934178722
-4.98998998998999	-0.00019419711227608913
-4.97997997997998	-0.0002029073228458035
-4.96996996996997	-0.00021198439575845866
-4.95995995995996	-0.00022144264721452283
-4.94994994994995	-0.00023129690019419892
-4.93993993993994	-0.00024156250012755375
-4.92992992992993	-0.0002522553309537884
-4.91991991991992	-0.0002633918315753809
-4.90990990990991	-0.000274989012712745
-4.8998998998999	-0.000287064474164949
-4.88988988988989	-0.00029963642248193067
-4.87987987987988	-0.0003127236890535255
-4.86986986986987	-0.00032634574862050003
-4.85985985985986	-0.00034052273821262786
-4.84984984984985	-0.0003552754765187078
-4.83983983983984	-0.000370625483693245
-4.82982982982983	-0.00038659500160434534
-4.81981981981982	-0.00040320701452717345
-4.80980980980981	-0.0004204852702871277
-4.7997997997998	-0.00043845430185665796
-4.78978978978979	-0.00045713944940942814
-4.77977977977978	-0.0004765668828352603
-4.76976976976977	-0.0004967636247190525
-4.75975975975976	-0.0005177575737865687
-4.74974974974975	-0.0005395775288197142
-4.73973973973974	-0.0005622532130435834
-4.72972972972973	-0.0005858152989872569
-4.71971971971972	-0.0006102954338199629
-4.70970970970971	-0.0006357262651638694
-4.6996996996997	-0.0006621414673843695
-4.68968968968969	-0.0006895757683583512
-4.67967967967968	-0.0007180649767205035
-4.66966966966967	-0.0007476460095872752
-4.65965965965966	-0.0007783569207576557
-4.64964964964965	-0.0008102369293894606
-4.63963963963964	-0.0008433264491493141
-4.62962962962963	-0.0008776671178339886
-4.61961961961962	-0.0009133018274602438
-4.60960960960961	-0.0009502747548197299
-4.5995995995996	-0.000988631392494951
-4.58958958958959	-0.0010284185803316628
-4.57957957957958	-0.0010696845373624761
-4.56956956956957	-0.0011124788941757702
-4.55955955955956	-0.0011568527257233702
-4.54954954954955	-0.0012028585845597134
-4.53953953953954	-0.0012505505345045567
-4.52952952952953	-0.0012999841847205107
-4.51951951951952	-0.001351216724195912
-4.50950950950951	-0.0014043069566228022
-4.4994994994995	-0.0014593153356589257
-4.48948948948949	-0.001516304000561823
-4.47947947947948	-0.0015753368121823059
-4.46946946946947	-0.0016364793893036155
-4.45945945945946	-0.0016997991453117352
-4.44944944944945	-0.0017653653251813852
-4.43943943943944	-0.0018332490427612244
-4.42942942942943	-0.001903523318340884
-4.41941941941942	-0.0019762631164813773
-4.40940940940941	-0.0020515453840894786
-4.3993993993994	-0.0021294490887155382
-4.38938938938939	-0.0022100552570531898
-4.37937937937938	-0.002293447013618281
-4.36936936936937	-0.002379709619583263
-4.35935935935936	-0.00246893051174208
-4.34934934934935	-0.0025611993415795057
-4.33933933933934	-0.002656608014417671
-4.32932932932933	-0.0027552507286112407
-4.31931931931932	-0.002857224014761642
-4.3093093093093096	-0.002962626774919324
-4.2992992992992995	-0.003071560321741825
-4.2892892892892895	-0.0031841284175742543
-4.2792792792792795	-0.0033004373134172637
-4.2692692692692695	-0.003420595787746479
-4.2592592592592595	-0.0035447151851459254
-4.2492492492492495	-0.0036729094547166023
-4.2392392392392395	-0.003805295188220086
-4.2292292292292295	-0.003941991657915577
-4.2192192192192195	-0.004083120854047502
-4.2092092092092095	-0.0042288075219392394
-4.1991991991991995	-0.004379179198647293
-4.1891891891891895	-0.00453436624912868
-4.1791791791791795	-0.004694501901872966
-4.1691691691691695	-0.004859722283948836
-4.1591591591591595	-0.005030166455413747
-4.1491491491491495	-0.005205976443033769
-4.1391391391391394	-0.005387297273259079
-4.129129129129129	-0.005574277004399485
-4.119119119119119	-0.005767066757942544
-4.109109109109109	-0.005965820748955532
-4.099099099099099	-0.006170696315511299
-4.089089089089089	-0.006381853947076165
-4.079079079079079	-0.006599457311797012
-4.069069069069069	-0.006823673282623108
-4.059059059059059	-0.0070546719621967634
-4.049049049049049	-0.007292626706445689
-4.039039039039039	-0.007537714146808446
-4.029029029029029	-0.0077901142110230765
-4.019019019019019	-0.008050010142407613
-4.009009009009009	-0.008317588517559952
-3.998998998998999	-0.008593039262403339
-3.988988988988989	-0.008876555666502093
-3.978978978978979	-0.009168334395571819
-3.968968968968969	-0.009468575502106068
-3.958958958958959	-0.009777482434041192
-3.948948948948949	-0.010095262041379565
-3.938938938938939	-0.010422124580690473
-3.928928928928929	-0.010758283717406792
-3.918918918918919	-0.01110395652583479
-3.908908908908909	-0.011459363486793387
-3.898898898898899	-0.01182472848279831
-3.888888888888889	-0.012200278790705895
-3.878878878878879	-0.01258624507173048
-3.868868868868869	-0.012982861358748607
-3.858858858858859	-0.013390365040802729
-3.848848848848849	-0.013808996844716617
-3.838838838838839	-0.01423900081373401
-3.828828828828829	-0.014680624283091939
-3.818818818818819	-0.015134117852439571
-3.808808808808809	-0.015599735355013368
-3.798798798798799	-0.016077733823479313
-3.7887887887887888	-0.01656837345235255
-3.7787787787787788	-0.017071917556905233
-3.7687687687687688	-0.017588632528473362
-3.7587587587587588	-0.01811878778607355
-3.7487487487487487	-0.01866265572424114
-3.7387387387387387	-0.019220511657001487
-3.7287287287287287	-0.019792633757886924
-3.7187187187187187	-0.020379302995912323
-3.7087087087087087	-0.020980803067423268
-3.6986986986986987	-0.02159742032373167
-3.6886886886886887	-0.02222944369445453
-3.6786786786786787	-0.022877164606473176
-3.6686686686686687	-0.023540876898430905
-3.6586586586586587	-0.024220876730689286
-3.6486486486486487	-0.02491746249066396
-3.6386386386386387	-0.02563093469346349
-3.6286286286286287	-0.02636159587775569
-3.6186186186186187	-0.027109750496788848
-3.6086086086086087	-0.027875704804496356
-3.5985985985985987	-0.02865976673661658
-3.5885885885885886	-0.029462245786761466
-3.5785785785785786	-0.030283452877370345
-3.5685685685685686	-0.031123700225488132
-3.5585585585585586	-0.031983301203310034
-3.5485485485485486	-0.0328625701934378
-3.5385385385385386	-0.03376182243879599
-3.5285285285285286	-0.03468137388716006
-3.5185185185185186	-0.03562154103025163
-3.5085085085085086	-0.036582640737359985
-3.4984984984984986	-0.03756499008345315
-3.4884884884884886	-0.038568906171744986
-3.4784784784784786	-0.03959470595069049
-3.4684684684684686	-0.04064270602538445
-3.4584584584584586	-0.04171322246334415
-3.4484484484484486	-0.042806570594660864
-3.4384384384384385	-0.0439230648065111
-3.4284284284284285	-0.04506301833202154
-3.4184184184184185	-0.04622674303348915
-3.4084084084084085	-0.04741454917996197
-3.3983983983983985	-0.04862674521919196
-3.3883883883883885	-0.04986363754397772
-3.3783783783783785	-0.05112553025291982
-3.3683683683683685	-0.052412724905618414
-3.3583583583583585	-0.053725520272348844
-3.3483483483483485	-0.05506421207825747
-3.3383383383383385	-0.05642909274212584
-3.3283283283283285	-0.05782045110975968
-3.3183183183183185	-0.059238572182064415
-3.3083083083083085	-0.06068373683787663
-3.2982982982982985	-0.06215622155162888
-3.2882882882882885	-0.06365629810593088
-3.2782782782782784	-0.06518423329915966
-3.2682682682682684	-0.06674028864815675
-3.2582582582582584	-0.06832472008614023
-3.2482482482482484	-0.06993777765594568
-3.2382382382382384	-0.07157970519871934
-3.2282282282282284	-0.07325074003819383
-3.2182182182182184	-0.0749511126606858
-3.2082082082082084	-0.07668104639096249
-3.1981981981981984	-0.07844075706413366
-3.1881881881881884	-0.08023045269373198
-3.1781781781781784	-0.08205033313615591
-3.1681681681681684	-0.08390058975165485
-3.1581581581581584	-0.08578140506204836
-3.1481481481481484	-0.08769295240537689
-3.1381381381381384	-0.08963539558769197
-3.1281281281281283	-0.0916088885322024
-3.118118118118118	-0.09361357492600131
-3.108108108108108	-0.09564958786460774
-3.098098098098098	-0.09771704949456692
-3.088088088088088	-0.0998160706543591
-3.078078078078078	-0.10194675051387835
-3.068068068068068	-0.10410917621275084
-3.058058058058058	-0.10630342249776976
-3.048048048048048	-0.10852955135973429
-3.038038038038038	-0.11078761166998734
-3.028028028028028	-0.11307763881695627
-3.018018018018018	-0.11539965434300843
-3.008008008008008	-0.11775366558194293
-2.997997997997998	-0.12013966529744671
-2.987987987987988	-0.12255763132285183
-2.977977977977978	-0.1250075262025396
-2.967967967967968	-0.12748929683534405
-2.957957957957958	-0.1300028741203144
-2.947947947947948	-0.13254817260520502
-2.937937937937938	-0.13512509013806798
-2.9279279279279278	-0.13773350752232966
-2.9179179179179178	-0.1403732881757412
-2.9079079079079078	-0.14304427779359682
-2.8978978978978978	-0.14574630401662375
-2.8878878878878878	-0.1484791761039495
-2.8778778778778777	-0.15124268461156176
-2.8678678678678677	-0.15403660107667835
-2.8578578578578577	-0.15686067770845305
-2.8478478478478477	-0.15971464708544433
-2.8378378378378377	-0.16259822186028222
-2.8278278278278277	-0.16551109447196866
-2.8178178178178177	-0.16845293686625543
-2.8078078078078077	-0.17142340022454097
-2.7977977977977977	-0.17442211470173558
-2.7877877877877877	-0.17744868917354445
-2.7777777777777777	-0.18050271099362036
-2.7677677677677677	-0.18358374576103964
-2.7577577577577577	-0.18669133709855612
-2.7477477477477477	-0.18982500644208908
-2.7377377377377377	-0.19298425284190063
-2.7277277277277276	-0.19616855277591666
-2.7177177177177176	-0.1993773599756487
-2.7077077077077076	-0.20261010526516646
-2.6976976976976976	-0.20586619641357568
-2.6876876876876876	-0.20914501800144777
-2.6776776776776776	-0.21244593130164802
-2.6676676676676676	-0.21576827417500577
-2.6576576576576576	-0.21911136098126277
-2.6476476476476476	-0.22247448250573498
-2.6376376376376376	-0.2258569059021151
-2.6276276276276276	-0.22925787465183836
-2.6176176176176176	-0.23267660854042746
-2.6076076076076076	-0.23611230365122457
-2.5975975975975976	-0.23956413237691224
-2.5875875875875876	-0.24303124344921426
-2.5775775775775776	-0.24651276198716052
-2.5675675675675675	-0.25000778956428943
-2.5575575575575575	-0.2535154042951501
-2.5475475475475475	-0.25703466094145844
-2.5375375375375375	-0.260564591038244
-2.5275275275275275	-0.2641042030403207
-2.5175175175175175	-0.26765248248939133
-2.5075075075075075	-0.2712083922020921
-2.4974974974974975	-0.2747708724792597
-2.4874874874874875	-0.27833884133669734
-2.4774774774774775	-0.281911194757694
-2.4674674674674675	-0.2854868069675378
-2.4574574574574575	-0.28906453073024724
-2.4474474474474475	-0.2926431976677257
-2.4374374374374375	-0.29622161860152807
-2.4274274274274275	-0.2997985839174078
-2.4174174174174174	-0.303372863952794
-2.4074074074074074	-0.30694320940732844
-2.3973973973973974	-0.31050835177657204
-2.3873873873873874	-0.31406700380896896
-2.3773773773773774	-0.3176178599861325
-2.3673673673673674	-0.32115959702649977
-2.3573573573573574	-0.324690874412375
-2.3473473473473474	-0.32821033494035784
-2.3373373373373374	-0.33171660529513497
-2.3273273273273274	-0.3352082966465785
-2.3173173173173174	-0.33868400527008263
-2.3073073073073074	-0.3421423131900341
-2.2972972972972974	-0.34558178884629137
-2.2872872872872874	-0.3490009877835222
-2.2772772772772774	-0.35239845336321923
-2.2672672672672673	-0.3557727174981896
-2.2572572572572573	-0.3591223014092866
-2.2472472472472473	-0.3624457164041219
-2.2372372372372373	-0.3657414646774749
-2.2272272272272273	-0.3690080401330788
-2.2172172172172173	-0.37224392922644506
-2.2072072072072073	-0.3754476118283514
-2.1971971971971973	-0.37861756210859465
-2.1871871871871873	-0.3817522494395784
-2.1771771771771773	-0.3848501393192812
-2.1671671671671673	-0.38790969431311456
-2.1571571571571573	-0.3909293750141605
-2.1471471471471473	-0.39390764102124204
-2.1371371371371373	-0.3968429519342556
-2.1271271271271273	-0.3997337683661647
-2.1171171171171173	-0.4025785529710238
-2.1071071071071072	-0.40537577148737897
-2.0970970970970972	-0.4081238937963531
-2.0870870870870872	-0.41082139499370945
-2.0770770770770772	-0.41346675647514614
-2.067067067067067	-0.4160584670340575
-2.057057057057057	-0.41859502397096393
-2.047047047047047	-0.4210749342137916
-2.037037037037037	-0.42349671544815054
-2.027027027027027	-0.4258588972567415
-2.017017017017017	-0.4281600222669889
-2.007007007007007	-0.43039864730598226
-1.996996996996997	-0.432573344561773
-1.986986986986987	-0.4346827027500627
-1.976976976976977	-0.43672532828528576
-1.966966966966967	-0.43869984645507326
-1.956956956956957	-0.44060490259706503
-1.946946946946947	-0.44243916327701005
-1.936936936936937	-0.4442013174670832
-1.926926926926927	-0.4458900777233241
-1.916916916916917	-0.4475041813610865
-1.906906906906907	-0.44904239162737014
-1.896896896896897	-0.45050349886889324
-1.8868868868868869	-0.4518863216947467
-1.8768768768768769	-0.4531897081324585
-1.8668668668668669	-0.45441253677628546
-1.8568568568568569	-0.4555537179265372
-1.8468468468468469	-0.4566121947187269
-1.8368368368368369	-0.45758694424133645
-1.8268268268268268	-0.45847697864097325
-1.8168168168168168	-0.45928134621369265
-1.8068068068068068	-0.45999913248125296
-1.7967967967967968	-0.4606294612510663
-1.7867867867867868	-0.46117149565860893
-1.7767767767767768	-0.46162443919104973
-1.7667667667667668	-0.4619875366908606
-1.7567567567567568	-0.46226007533817026
-1.7467467467467468	-0.46244138561062875
-1.7367367367367368	-0.4625308422195567
-1.7267267267267268	-0.4625278650211535
-1.7167167167167168	-0.4624319199015557
-1.7067067067067068	-0.46224251963453666
-1.6966966966966968	-0.4619592247106574
-1.6866866866866868	-0.4615816441366878
-1.6766766766766767	-0.4611094362041285
-1.6666666666666667	-0.46054230922568845
-1.6566566566566567	-0.4598800222385779
-1.6466466466466467	-0.45912238567350877
-1.6366366366366367	-0.4582692619883024
-1.6266266266266267	-0.4573205662650366
-1.6166166166166167	-0.4562762667696814
-1.6066066066066067	-0.4551363854732005
-1.5965965965965967	-0.45390099853312166
-1.5865865865865867	-0.45257023673460633
-1.5765765765765767	-0.4511442858900831
-1.5665665665665667	-0.4496233871965321
-1.5565565565565564	-0.4480078375495508
-1.5465465465465464	-0.4462979898133576
-1.5365365365365364	-0.44449425304592943
-1.5265265265265264	-0.44259709267850583
-1.5165165165165164	-0.4406070306487304
-1.5065065065065064	-0.4385246454867405
-1.4964964964964964	-0.43635057235355773
-1.4864864864864864	-0.434085503031173
-1.4764764764764764	-0.43173018586376694
-1.4664664664664664	-0.42928542564954714
-1.4564564564564564	-0.426752083482734
-1.4464464464464464	-0.42413107654527316
-1.4364364364364364	-0.42142337784789813
-1.4264264264264264	-0.418630015920224
-1.4164164164164164	-0.4157520744495932
-1.4064064064064064	-0.41279069186845624
-1.3963963963963963	-0.4097470608901163
-1.3863863863863863	-0.4066224279927213
-1.3763763763763763	-0.4034180928514449
-1.3663663663663663	-0.40013540771884726
-1.3563563563563563	-0.3967757767534652
-1.3463463463463463	-0.39334065529674
-1.3363363363363363	-0.38983154909844203
-1.3263263263263263	-0.3862500134908135
-1.3163163163163163	-0.38259765251170796
-1.3063063063063063	-0.37887611797705995
-1.2962962962962963	-0.3750871085030819
-1.2862862862862863	-0.3712323684786382
-1.2762762762762763	-0.3673136869883114
-1.2662662662662663	-0.36333289668672814
-1.2562562562562563	-0.359291872624776
-1.2462462462462462	-0.3551925310283998
-1.2362362362362362	-0.35103682803072306
-1.2262262262262262	-0.3468267583583017
-1.2162162162162162	-0.3425643539723716
-1.2062062062062062	-0.3382516826660138
-1.1961961961961962	-0.3338908466182133
-1.1861861861861862	-0.3294839809058497
-1.1761761761761762	-0.325033251974709
-1.1661661661661662	-0.32054085607066446
-1.1561561561561562	-0.31600901763222905
-1.1461461461461462	-0.3114399876457336
-1.1361361361361362	-0.3068360419644402
-1.1261261261261262	-0.3021994795929515
-1.1161161161161162	-0.2975326209383259
-1.1061061061061062	-0.2928378060293609
-1.0960960960960962	-0.2881173927055536
-1.0860860860860861	-0.2833737547772947
-1.0760760760760761	-0.27860928015889863
-1.0660660660660661	-0.27382636897611545
-1.0560560560560561	-0.26902743164981613
-1.0460460460460461	-0.2642148869575793
-1.0360360360360361	-0.2593911600749511
-1.026026026026026	-0.25455868059818587
-1.016016016016016	-0.249719880550311
-1.006006006006006	-0.24487719237239544
-0.995995995995996	-0.24003304690192978
-0.985985985985986	-0.2351898713402621
-0.975975975975976	-0.230350087211054
-0.965965965965966	-0.2255161083117563
-0.955955955955956	-0.2206903386601199
-0.9459459459459459	-0.2158751704377845
-0.9359359359359359	-0.2110729819330048
-0.9259259259259259	-0.2062861354845919
-0.9159159159159159	-0.20151697542916325
-0.9059059059059059	-0.1967678260538047
-0.8958958958958959	-0.19204098955626206
-0.8858858858858859	-0.18733874401478406
-0.8758758758758759	-0.18266334136974524
-0.8658658658658659	-0.17801700541918072
-0.8558558558558559	-0.1734019298303641
-0.8458458458458459	-0.16882027616955744
-0.8358358358358359	-0.16427417195205873
-0.8258258258258259	-0.15976570871466317
-0.8158158158158159	-0.15529694011264603
-0.8058058058058059	-0.15086988004336185
-0.7957957957957958	-0.14648650079853923
-0.7857857857857858	-0.14214873124733365
-0.7757757757757757	-0.13785845505217953
-0.7657657657657657	-0.13361750891946025
-0.7557557557557557	-0.12942768088699014
-0.7457457457457457	-0.12529070865027286
-0.7357357357357357	-0.12120827792947203
-0.7257257257257257	-0.11718202087899483
-0.7157157157157157	-0.11321351454155593
-0.7057057057057057	-0.1093042793485492
-0.6956956956956957	-0.10545577766851559
-0.6856856856856857	-0.10166941240545217
-0.6756756756756757	-0.09794652564866217
-0.6656656656656657	-0.09428839737579849
-0.6556556556556556	-0.09069624421070364
-0.6456456456456456	-0.0871712182375968
-0.6356356356356356	-0.08371440587310439
-0.6256256256256256	-0.08032682679757519
-0.6156156156156156	-0.07700943294706203
-0.6056056056056056	-0.07376310756729172
-0.5955955955955956	-0.0705886643308837
-0.5855855855855856	-0.06748684651901274
-0.5755755755755756	-0.06445832626864606
-0.5655655655655656	-0.06150370388641746
-0.5555555555555556	-0.058623507230131905
-0.5455455455455456	-0.05581819115882342
-0.5355355355355356	-0.053088137052217335
-0.5255255255255256	-0.0504336524003738
-0.5155155155155156	-0.04785497046421556
-0.5055055055055055	-0.04535225000756613
-0.4954954954954955	-0.04292557510124846
-0.4854854854854855	-0.04057495499971501
-0.4754754754754755	-0.038300324090602016
-0.46546546546546547	-0.03610154191752068
-0.45545545545545546	-0.03397839327631713
-0.44544544544544545	-0.031930588384952455
-0.43543543543543545	-0.029957763127071952
-0.42542542542542544	-0.028059479369250944
-0.41541541541541543	-0.02623522535182193
-0.40540540540540543	-0.024484416153105495
-0.3953953953953954	-0.022806394226784404
-0.38538538538538536	-0.021200430012077845
-0.37537537537537535	-0.01966572261629019
-0.36536536536536535	-0.018201400569226044
-0.35535535535535534	-0.016806522648881793
-0.34534534534534533	-0.01548007877774172
-0.3353353353353353	-0.014220990988926116
-0.3253253253253253	-0.01302811446135823
-0.3153153153153153	-0.011900238623037193
-0.3053053053053053	-0.010836088321425406
-0.2952952952952953	-0.009834325059880881
-0.2852852852852853	-0.008893548298988368
-0.2752752752752753	-0.008012296821567379
-0.2652652652652653	-0.00718905016006097
-0.2552552552552553	-0.006422230084936087
-0.24524524524524524	-0.005710202152654836
-0.23523523523523523	-0.005051277311705981
-0.22522522522522523	-0.004443713565117781
-0.21521521521521522	-0.003885717687806632
-0.20520520520520522	-0.0033754469970513007
-0.19519519519519518	-0.0029110111743196987
-0.18518518518518517	-0.002490474136614417
-0.17517517517517517	-0.0021118559554444256
-0.16516516516516516	-0.001773134821473936
-0.15515515515515516	-0.0014722490528450366
-0.14514514514514515	-0.0012070991451187806
-0.13513513513513514	-0.0009755498607298344
-0.12512512512512514	-0.0007754323558026575
-0.11511511511511512	-0.000604546342132596
-0.10510510510510511	-0.00046066228209326127
-0.09509509509509509	-0.00034152361419218793
-0.08508508508508508	-0.000244849006960097
-0.07507507507507508	-0.00016833463882515005
-0.06506506506506507	-0.0001096565015924528
-0.055055055055055056	-6.647272512075429e-5
-0.04504504504504504	-3.64259207628631e-5
-0.035035035035035036	-1.7145541113780207e-5
-0.025025025025025027	-6.2502535909662915e-6
-0.015015015015015015	-1.3503253545480545e-6
-0.005005005005005005	-5.001706164196837e-8
0.005005005005005005	5.001706164196837e-8
0.015015015015015015	1.3503253545480545e-6
0.025025025025025027	6.2502535909662915e-6
0.035035035035035036	1.7145541113780207e-5
0.04504504504504504	3.64259207628631e-5
0.055055055055055056	6.647272512075429e-5
0.06506506506506507	0.0001096565015924528
0.07507507507507508	0.00016833463882515005
0.08508508508508508	0.000244849006960097
0.09509509509509509	0.00034152361419218793
0.10510510510510511	0.00046066228209326127
0.11511511511511512	0.000604546342132596
0.12512512512512514	0.0007754323558026575
0.13513513513513514	0.0009755498607298344
0.14514514514514515	0.0012070991451187806
0.15515515515515516	0.0014722490528450366
0.16516516516516516	0.001773134821473936
0.17517517517517517	0.0021118559554444256
0.18518518518518517	0.002490474136614417
0.19519519519519518	0.0029110111743196987
0.20520520520520522	0.0033754469970513007
0.21521521521521522	0.003885717687806632
0.22522522522522523	0.004443713565117781
0.23523523523523523	0.005051277311705981
0.24524524524524524	0.005710202152654836
0.2552552552552553	0.006422230084936087
0.2652652652652653	0.00718905016006097
0.2752752752752753	0.008012296821567379
0.2852852852852853	0.008893548298988368
0.2952952952952953	0.009834325059880881
0.3053053053053053	0.010836088321425406
0.3153153153153153	0.011900238623037193
0.3253253253253253	0.01302811446135823
0.3353353353353353	0.014220990988926116
0.34534534534534533	0.01548007877774172
0.35535535535535534	0.016806522648881793
0.36536536536536535	0.018201400569226044
0.37537537537537535	0.01966572261629019
0.38538538538538536	0.021200430012077845
0.3953953953953954	0.022806394226784404
0.40540540540540543	0.024484416153105495
0.41541541541541543	0.02623522535182193
0.42542542542542544	0.028059479369250944
0.43543543543543545	0.029957763127071952
0.44544544544544545	0.031930588384952455
0.45545545545545546	0.03397839327631713
0.46546546546546547	0.03610154191752068
0.4754754754754755	0.038300324090602016
0.4854854854854855	0.04057495499971501
0.4954954954954955	0.04292557510124846
0.5055055055055055	0.04535225000756613
0.5155155155155156	0.04785497046421556
0.5255255255255256	0.0504336524003738
0.5355355355355356	0.053088137052217335
0.5455455455455456	0.05581819115882342
0.5555555555555556	0.058623507230131905
0.5655655655655656	0.06150370388641746
0.5755755755755756	0.06445832626864606
0.5855855855855856	0.06748684651901274
0.5955955955955956	0.0705886643308837
0.6056056056056056	0.07376310756729172
0.6156156156156156	0.07700943294706203
0.6256256256256256	0.08032682679757519
0.6356356356356356	0.08371440587310439
0.6456456456456456	0.0871712182375968
0.6556556556556556	0.09069624421070364
0.6656656656656657	0.09428839737579849
0.6756756756756757	0.09794652564866217
0.6856856856856857	0.10166941240545217
0.6956956956956957	0.10545577766851559
0.7057057057057057	0.1093042793485492
0.7157157157157157	0.11321351454155593
0.7257257257257257	0.11718202087899483
0.7357357357357357	0.12120827792947203
0.7457457457457457	0.12529070865027286
0.7557557557557557	0.12942768088699014
0.7657657657657657	0.13361750891946025
0.7757757757757757	0.13785845505217953
0.7857857857857858	0.14214873124733365
0.7957957957957958	0.14648650079853923
0.8058058058058059	0.15086988004336185
0.8158158158158159	0.15529694011264603
0.8258258258258259	0.15976570871466317
0.8358358358358359	0.16427417195205873
0.8458458458458459	0.16882027616955744
0.8558558558558559	0.1734019298303641
0.8658658658658659	0.17801700541918072
0.8758758758758759	0.18266334136974524
0.8858858858858859	0.18733874401478406
0.8958958958958959	0.19204098955626206
0.9059059059059059	0.1967678260538047
0.9159159159159159	0.20151697542916325
0.9259259259259259	0.2062861354845919
0.9359359359359359	0.2110729819330048
0.9459459459459459	0.2158751704377845
0.955955955955956	0.2206903386601199
0.965965965965966	0.2255161083117563
0.975975975975976	0.230350087211054
0.985985985985986	0.2351898713402621
0.995995995995996	0.24003304690192978
1.006006006006006	0.24487719237239544
1.016016016016016	0.249719880550311
1.026026026026026	0.25455868059818587
1.0360360360360361	0.2593911600749511
1.0460460460460461	0.2642148869575793
1.0560560560560561	0.26902743164981613
1.0660660660660661	0.27382636897611545
1.0760760760760761	0.27860928015889863
1.0860860860860861	0.2833737547772947
1.0960960960960962	0.2881173927055536
1.1061061061061062	0.2928378060293609
1.1161161161161162	0.2975326209383259
1.1261261261261262	0.3021994795929515
1.1361361361361362	0.3068360419644402
1.1461461461461462	0.3114399876457336
1.1561561561561562	0.31600901763222905
1.1661661661661662	0.32054085607066446
1.1761761761761762	0.325033251974709
1.1861861861861862	0.3294839809058497
1.1961961961961962	0.3338908466182133
1.2062062062062062	0.3382516826660138
1.2162162162162162	0.3425643539723716
1.2262262262262262	0.3468267583583017
1.2362362362362362	0.35103682803072306
1.2462462462462462	0.3551925310283998
1.2562562562562563	0.359291872624776
1.2662662662662663	0.36333289668672814
1.2762762762762763	0.3673136869883114
1.2862862862862863	0.3712323684786382
1.2962962962962963	0.3750871085030819
1.3063063063063063	0.37887611797705995
1.3163163163163163	0.38259765251170796
1.3263263263263263	0.3862500134908135
1.3363363363363363	0.38983154909844203
1.3463463463463463	0.39334065529674
1.3563563563563563	0.3967757767534652
1.3663663663663663	0.40013540771884726
1.3763763763763763	0.4034180928514449
1.3863863863863863	0.4066224279927213
1.3963963963963963	0.4097470608901163
1.4064064064064064	0.41279069186845624
1.4164164164164164	0.4157520744495932
1.4264264264264264	0.418630015920224
1.4364364364364364	0.42142337784789813
1.4464464464464464	0.42413107654527316
1.4564564564564564	0.426752083482734
1.4664664664664664	0.42928542564954714
1.4764764764764764	0.43173018586376694
1.4864864864864864	0.434085503031173
1.4964964964964964	0.43635057235355773
1.5065065065065064	0.4385246454867405
1.5165165165165164	0.4406070306487304
1.5265265265265264	0.44259709267850583
1.5365365365365364	0.44449425304592943
1.5465465465465464	0.4462979898133576
1.5565565565565564	0.4480078375495508
1.5665665665665667	0.4496233871965321
1.5765765765765767	0.4511442858900831
1.5865865865865867	0.45257023673460633
1.5965965965965967	0.45390099853312166
1.6066066066066067	0.4551363854732005
1.6166166166166167	0.4562762667696814
1.6266266266266267	0.4573205662650366
1.6366366366366367	0.4582692619883024
1.6466466466466467	0.45912238567350877
1.6566566566566567	0.4598800222385779
1.6666666666666667	0.46054230922568845
1.6766766766766767	0.4611094362041285
1.6866866866866868	0.4615816441366878
1.6966966966966968	0.4619592247106574
1.7067067067067068	0.46224251963453666
1.7167167167167168	0.4624319199015557
1.7267267267267268	0.4625278650211535
1.7367367367367368	0.4625308422195567
1.7467467467467468	0.46244138561062875
1.7567567567567568	0.46226007533817026
1.7667667667667668	0.4619875366908606
1.7767767767767768	0.46162443919104973
1.7867867867867868	0.46117149565860893
1.7967967967967968	0.4606294612510663
1.8068068068068068	0.45999913248125296
1.8168168168168168	0.45928134621369265
1.8268268268268268	0.45847697864097325
1.8368368368368369	0.45758694424133645
1.8468468468468469	0.4566121947187269
1.8568568568568569	0.4555537179265372
1.8668668668668669	0.45441253677628546
1.8768768768768769	0.4531897081324585
1.8868868868868869	0.4518863216947467
1.896896896896897	0.45050349886889324
1.906906906906907	0.44904239162737014
1.916916916916917	0.4475041813610865
1.926926926926927	0.4458900777233241
1.936936936936937	0.4442013174670832
1.946946946946947	0.44243916327701005
1.956956956956957	0.44060490259706503
1.966966966966967	0.43869984645507326
1.976976976976977	0.43672532828528576
1.986986986986987	0.4346827027500627
1.996996996996997	0.432573344561773
2.007007007007007	0.43039864730598226
2.017017017017017	0.4281600222669889
2.027027027027027	0.4258588972567415
2.037037037037037	0.42349671544815054
2.047047047047047	0.4210749342137916
2.057057057057057	0.41859502397096393
2.067067067067067	0.4160584670340575
2.0770770770770772	0.41346675647514614
2.0870870870870872	0.41082139499370945
2.0970970970970972	0.4081238937963531
2.1071071071071072	0.40537577148737897
2.1171171171171173	0.4025785529710238
2.1271271271271273	0.3997337683661647
2.1371371371371373	0.3968429519342556
2.1471471471471473	0.39390764102124204
2.1571571571571573	0.3909293750141605
2.1671671671671673	0.38790969431311456
2.1771771771771773	0.3848501393192812
2.1871871871871873	0.3817522494395784
2.1971971971971973	0.37861756210859465
2.2072072072072073	0.3754476118283514
2.2172172172172173	0.37224392922644506
2.2272272272272273	0.3690080401330788
2.2372372372372373	0.3657414646774749
2.2472472472472473	0.3624457164041219
2.2572572572572573	0.3591223014092866
2.2672672672672673	0.3557727174981896
2.2772772772772774	0.35239845336321923
2.2872872872872874	0.3490009877835222
2.2972972972972974	0.34558178884629137
2.3073073073073074	0.3421423131900341
2.3173173173173174	0.33868400527008263
2.3273273273273274	0.3352082966465785
2.3373373373373374	0.33171660529513497
2.3473473473473474	0.32821033494035784
2.3573573573573574	0.324690874412375
2.3673673673673674	0.32115959702649977
2.3773773773773774	0.3176178599861325
2.3873873873873874	0.31406700380896896
2.3973973973973974	0.31050835177657204
2.4074074074074074	0.30694320940732844
2.4174174174174174	0.303372863952794
2.4274274274274275	0.2997985839174078
2.4374374374374375	0.29622161860152807
2.4474474474474475	0.2926431976677257
2.4574574574574575	0.28906453073024724
2.4674674674674675	0.2854868069675378
2.4774774774774775	0.281911194757694
2.4874874874874875	0.27833884133669734
2.4974974974974975	0.2747708724792597
2.5075075075075075	0.2712083922020921
2.5175175175175175	0.26765248248939133
2.5275275275275275	0.2641042030403207
2.5375375375375375	0.260564591038244
2.5475475475475475	0.25703466094145844
2.5575575575575575	0.2535154042951501
2.5675675675675675	0.25000778956428943
2.5775775775775776	0.24651276198716052
2.5875875875875876	0.24303124344921426
2.5975975975975976	0.23956413237691224
2.6076076076076076	0.23611230365122457
2.6176176176176176	0.23267660854042746
2.6276276276276276	0.22925787465183836
2.6376376376376376	0.2258569059021151
2.6476476476476476	0.22247448250573498
2.6576576576576576	0.21911136098126277
2.6676676676676676	0.21576827417500577
2.6776776776776776	0.21244593130164802
2.6876876876876876	0.20914501800144777
2.6976976976976976	0.20586619641357568
2.7077077077077076	0.20261010526516646
2.7177177177177176	0.1993773599756487
2.7277277277277276	0.19616855277591666
2.7377377377377377	0.19298425284190063
2.7477477477477477	0.18982500644208908
2.7577577577577577	0.18669133709855612
2.7677677677677677	0.18358374576103964
2.7777777777777777	0.18050271099362036
2.7877877877877877	0.17744868917354445
2.7977977977977977	0.17442211470173558
2.8078078078078077	0.17142340022454097
2.8178178178178177	0.16845293686625543
2.8278278278278277	0.16551109447196866
2.8378378378378377	0.16259822186028222
2.8478478478478477	0.15971464708544433
2.8578578578578577	0.15686067770845305
2.8678678678678677	0.15403660107667835
2.8778778778778777	0.15124268461156176
2.8878878878878878	0.1484791761039495
2.8978978978978978	0.14574630401662375
2.9079079079079078	0.14304427779359682
2.9179179179179178	0.1403732881757412
2.9279279279279278	0.13773350752232966
2.937937937937938	0.13512509013806798
2.947947947947948	0.13254817260520502
2.957957957957958	0.1300028741203144
2.967967967967968	0.12748929683534405
2.977977977977978	0.1250075262025396
2.987987987987988	0.12255763132285183
2.997997997997998	0.12013966529744671
3.008008008008008	0.11775366558194293
3.018018018018018	0.11539965434300843
3.028028028028028	0.11307763881695627
3.038038038038038	0.11078761166998734
3.048048048048048	0.10852955135973429
3.058058058058058	0.10630342249776976
3.068068068068068	0.10410917621275084
3.078078078078078	0.10194675051387835
3.088088088088088	0.0998160706543591
3.098098098098098	0.09771704949456692
3.108108108108108	0.09564958786460774
3.118118118118118	0.09361357492600131
3.1281281281281283	0.0916088885322024
3.1381381381381384	0.08963539558769197
3.1481481481481484	0.08769295240537689
3.1581581581581584	0.08578140506204836
3.1681681681681684	0.08390058975165485
3.1781781781781784	0.08205033313615591
3.1881881881881884	0.08023045269373198
3.1981981981981984	0.07844075706413366
3.2082082082082084	0.07668104639096249
3.2182182182182184	0.0749511126606858
3.2282282282282284	0.07325074003819383
3.2382382382382384	0.07157970519871934
3.2482482482482484	0.06993777765594568
3.2582582582582584	0.06832472008614023
3.2682682682682684	0.06674028864815675
3.2782782782782784	0.06518423329915966
3.2882882882882885	0.06365629810593088
3.2982982982982985	0.06215622155162888
3.3083083083083085	0.06068373683787663
3.3183183183183185	0.059238572182064415
3.3283283283283285	0.05782045110975968
3.3383383383383385	0.05642909274212584
3.3483483483483485	0.05506421207825747
3.3583583583583585	0.053725520272348844
3.3683683683683685	0.052412724905618414
3.3783783783783785	0.05112553025291982
3.3883883883883885	0.04986363754397772
3.3983983983983985	0.04862674521919196
3.4084084084084085	0.04741454917996197
3.4184184184184185	0.04622674303348915
3.4284284284284285	0.04506301833202154
3.4384384384384385	0.0439230648065111
3.4484484484484486	0.042806570594660864
3.4584584584584586	0.04171322246334415
3.4684684684684686	0.04064270602538445
3.4784784784784786	0.03959470595069049
3.4884884884884886	0.038568906171744986
3.4984984984984986	0.03756499008345315
3.5085085085085086	0.036582640737359985
3.5185185185185186	0.03562154103025163
3.5285285285285286	0.03468137388716006
3.5385385385385386	0.03376182243879599
3.5485485485485486	0.0328625701934378
3.5585585585585586	0.031983301203310034
3.5685685685685686	0.031123700225488132
3.5785785785785786	0.030283452877370345
3.5885885885885886	0.029462245786761466
3.5985985985985987	0.02865976673661658
3.6086086086086087	0.027875704804496356
3.6186186186186187	0.027109750496788848
3.6286286286286287	0.02636159587775569
3.6386386386386387	0.02563093469346349
3.6486486486486487	0.02491746249066396
3.6586586586586587	0.024220876730689286
3.6686686686686687	0.023540876898430905
3.6786786786786787	0.022877164606473176
3.6886886886886887	0.02222944369445453
3.6986986986986987	0.02159742032373167
3.7087087087087087	0.020980803067423268
3.7187187187187187	0.020379302995912323
3.7287287287287287	0.019792633757886924
3.7387387387387387	0.019220511657001487
3.7487487487487487	0.01866265572424114
3.7587587587587588	0.01811878778607355
3.7687687687687688	0.017588632528473362
3.7787787787787788	0.017071917556905233
3.7887887887887888	0.01656837345235255
3.798798798798799	0.016077733823479313
3.808808808808809	0.015599735355013368
3.818818818818819	0.015134117852439571
3.828828828828829	0.014680624283091939
3.838838838838839	0.01423900081373401
3.848848848848849	0.013808996844716617
3.858858858858859	0.013390365040802729
3.868868868868869	0.012982861358748607
3.878878878878879	0.01258624507173048
3.888888888888889	0.012200278790705895
3.898898898898899	0.01182472848279831
3.908908908908909	0.011459363486793387
3.918918918918919	0.01110395652583479
3.928928928928929	0.010758283717406792
3.938938938938939	0.010422124580690473
3.948948948948949	0.010095262041379565
3.958958958958959	0.009777482434041192
3.968968968968969	0.009468575502106068
3.978978978978979	0.009168334395571819
3.988988988988989	0.008876555666502093
3.998998998998999	0.008593039262403339
4.009009009009009	0.008317588517559952
4.019019019019019	0.008050010142407613
4.029029029029029	0.0077901142110230765
4.039039039039039	0.007537714146808446
4.049049049049049	0.007292626706445689
4.059059059059059	0.0070546719621967634
4.069069069069069	0.006823673282623108
4.079079079079079	0.006599457311797012
4.089089089089089	0.006381853947076165
4.099099099099099	0.006170696315511299
4.109109109109109	0.005965820748955532
4.119119119119119	0.005767066757942544
4.129129129129129	0.005574277004399485
4.1391391391391394	0.005387297273259079
4.1491491491491495	0.005205976443033769
4.1591591591591595	0.005030166455413747
4.1691691691691695	0.004859722283948836
4.1791791791791795	0.004694501901872966
4.1891891891891895	0.00453436624912868
4.1991991991991995	0.004379179198647293
4.2092092092092095	0.0042288075219392394
4.2192192192192195	0.004083120854047502
4.2292292292292295	0.003941991657915577
4.2392392392392395	0.003805295188220086
4.2492492492492495	0.0036729094547166023
4.2592592592592595	0.0035447151851459254
4.2692692692692695	0.003420595787746479
4.2792792792792795	0.0033004373134172637
4.2892892892892895	0.0031841284175742543
4.2992992992992995	0.003071560321741825
4.3093093093093096	0.002962626774919324
4.31931931931932	0.002857224014761642
4.32932932932933	0.0027552507286112407
4.33933933933934	0.002656608014417671
4.34934934934935	0.0025611993415795057
4.35935935935936	0.00246893051174208
4.36936936936937	0.002379709619583263
4.37937937937938	0.002293447013618281
4.38938938938939	0.0022100552570531898
4.3993993993994	0.0021294490887155382
4.40940940940941	0.0020515453840894786
4.41941941941942	0.0019762631164813773
4.42942942942943	0.001903523318340884
4.43943943943944	0.0018332490427612244
4.44944944944945	0.0017653653251813852
4.45945945945946	0.0016997991453117352
4.46946946946947	0.0016364793893036155
4.47947947947948	0.0015753368121823059
4.48948948948949	0.001516304000561823
4.4994994994995	0.0014593153356589257
4.50950950950951	0.0014043069566228022
4.51951951951952	0.001351216724195912
4.52952952952953	0.0012999841847205107
4.53953953953954	0.0012505505345045567
4.54954954954955	0.0012028585845597134
4.55955955955956	0.0011568527257233702
4.56956956956957	0.0011124788941757702
4.57957957957958	0.0010696845373624761
4.58958958958959	0.0010284185803316628
4.5995995995996	0.000988631392494951
4.60960960960961	0.0009502747548197299
4.61961961961962	0.0009133018274602438
4.62962962962963	0.0008776671178339886
4.63963963963964	0.0008433264491493141
4.64964964964965	0.0008102369293894606
4.65965965965966	0.0007783569207576557
4.66966966966967	0.0007476460095872752
4.67967967967968	0.0007180649767205035
4.68968968968969	0.0006895757683583512
4.6996996996997	0.0006621414673843695
4.70970970970971	0.0006357262651638694
4.71971971971972	0.0006102954338199629
4.72972972972973	0.0005858152989872569
4.73973973973974	0.0005622532130435834
4.74974974974975	0.0005395775288197142
4.75975975975976	0.0005177575737865687
4.76976976976977	0.0004967636247190525
4.77977977977978	0.0004765668828352603
4.78978978978979	0.00045713944940942814
4.7997997997998	0.00043845430185665796
4.80980980980981	0.0004204852702871277
4.81981981981982	0.00040320701452717345
4.82982982982983	0.00038659500160434534
4.83983983983984	0.000370625483693245
4.84984984984985	0.0003552754765187078
4.85985985985986	0.00034052273821262786
4.86986986986987	0.00032634574862050003
4.87987987987988	0.0003127236890535255
4.88988988988989	0.00029963642248193067
4.8998998998999	0.000287064474164949
4.90990990990991	0.000274989012712745
4.91991991991992	0.0002633918315753809
4.92992992992993	0.0002522553309537884
4.93993993993994	0.00024156250012755375
4.94994994994995	0.00023129690019419892
4.95995995995996	0.00022144264721452283
4.96996996996997	0.00021198439575845866
4.97997997997998	0.0002029073228458035
4.98998998998999	0.00019419711227608913
5.0	0.00018583993934178722
