        ω                       A(ω)      
--------------------  --------------------
-6.283185307179586	-0.008950739728695098
-6.258002199735981	-0.009178238935952304
-6.232819092292375	-0.009415197725953688
-6.207635984848769	-0.009662195702019349
-6.182452877405164	-0.009919860759261597
-6.157269769961559	-0.01018887424635972
-6.132086662517953	-0.010469976804233058
-6.106903555074347	-0.010763974995527956
-6.081720447630742	-0.011071748842456063
-6.056537340187136	-0.011394260431474333
-6.0313542327435306	-0.011732563758155854
-6.006171125299925	-0.01208781603176825
-5.98098801785632	-0.012461290693495107
-5.955804910412714	-0.012854392466638411
-5.9306218029691085	-0.01326867481713608
-5.905438695525503	-0.013705860281545603
-5.880255588081897	-0.01416786423730709
-5.855072480638292	-0.014656822811589861
-5.829889373194686	-0.015175125792214967
-5.804706265751081	-0.015725455633335546
-5.779523158307475	-0.0163108338987593
-5.75434005086387	-0.016934676863373244
-5.729156943420264	-0.017600862453219
-5.703973835976658	-0.018313811303117006
-5.678790728533053	-0.019078585579739776
-5.6536076210894475	-0.019901010207563265
-5.628424513645842	-0.020787822719124844
-5.603241406202236	-0.021746859922885914
-5.578058298758631	-0.022787292356540208
-5.552875191315025	-0.023919921446777338
-5.527692083871419	-0.025157559817362146
-5.502508976427814	-0.026515523162040092
-5.477325868984209	-0.028012273741587365
-5.452142761540603	-0.029670272824555675
-5.426959654096997	-0.03151712549198741
-5.401776546653392	-0.033587141329636756
-5.3765934392097865	-0.03592349774583541
-5.35141033176618	-0.03858129432638607
-5.326227224322575	-0.0416319545762149
-5.30104411687897	-0.04516971684504947
-5.275861009435364	-0.04932145696644421
-5.250677901991758	-0.0542619938814955
-5.225494794548153	-0.060238745932054465
-5.200311687104548	-0.06761298509773339
-5.175128579660941	-0.07693190843832486
-5.149945472217336	-0.08906082363455475
-5.124762364773731	-0.10543875244805244
-5.0995792573301255	-0.12859853925636683
-5.074396149886519	-0.16325262117844808
-5.049213042442914	-0.2183413375645997
-5.024029934999309	-0.30816609473214857
-4.9988468275557025	-0.4365929189082254
-4.973663720112097	-0.5630777104095247
-4.948480612668492	-0.6506756588526708
-4.923297505224887	-0.7055199885072495
-4.89811439778128	-0.7413859433892632
-4.872931290337675	-0.7666003951781074
-4.84774818289407	-0.7855381851352456
-4.822565075450464	-0.8005571068164502
-4.797381968006858	-0.8130014350611664
-4.772198860563253	-0.8236821263372419
-4.747015753119648	-0.8331135132304489
-4.7218326456760416	-0.8416361444929648
-4.696649538232436	-0.8494839764521908
-4.671466430788831	-0.8568229380042437
-4.646283323345225	-0.8637740306603291
-4.6211002159016195	-0.8704276941874982
-4.595917108458014	-0.8768530398551719
-4.570734001014409	-0.8831039601141911
-4.545550893570803	-0.8892232771186479
-4.520367786127197	-0.8952456254322992
-4.495184678683592	-0.9011994972757175
-4.470001571239986	-0.9071087213900928
-4.444818463796381	-0.9129935512224351
-4.419635356352775	-0.9188714787751753
-4.39445224890917	-0.9247578528007165
-4.369269141465564	-0.9306663554438505
-4.3440860340219585	-0.9366093752148071
-4.318902926578353	-0.9425983032409431
-4.293719819134747	-0.9486437722263981
-4.268536711691142	-0.9547558523847945
-4.243353604247536	-0.9609442149057144
-4.218170496803931	-0.967218270965363
-4.192987389360325	-0.973587292370292
-4.16780428191672	-0.9800605186275518
-4.142621174473114	-0.9866472542154594
-4.117438067029508	-0.993356959154213
-4.092254959585903	-1.0001993354500232
-4.0670718521422975	-1.0071844116398887
-4.041888744698691	-1.0143226274388346
-4.016705637255086	-1.021624920339716
-3.9915225298114807	-1.0291028159731441
-3.966339422367875	-1.0367685240442115
-3.9411563149242697	-1.0446350417550818
-3.915973207480664	-1.0527162667870682
-3.8907901000370586	-1.0610271221348446
-3.865606992593453	-1.0695836954259959
-3.840423885149847	-1.078403395766586
-3.815240777706242	-1.0875051317020323
-3.790057670262636	-1.096909514579687
-3.7648745628190308	-1.106639092468311
-3.739691455375425	-1.1167186209311202
-3.7145083479318197	-1.1271753783626992
-3.689325240488214	-1.138039535441363
-3.6641421330446082	-1.1493445906243187
-3.638959025601003	-1.161127886660176
-3.613775918157397	-1.1734312271245997
-3.588592810713792	-1.1863016172539087
-3.563409703270186	-1.1997921603931494
-3.538226595826581	-1.213963150792102
-3.513043488382975	-1.2288834162400972
-3.4878603809393693	-1.2446319815832152
-3.462677273495764	-1.2613001483279087
-3.4374941660521583	-1.2789941195324093
-3.412311058608553	-1.297838347310007
-3.3871279511649472	-1.317979849372598
-3.361944843721342	-1.3395938414563229
-3.336761736277736	-1.3628911800418795
-3.3115786288341305	-1.3881283286849977
-3.286395521390525	-1.415620887573505
-3.2612124139469194	-1.4457622100534606
-3.236029306503314	-1.4790493292998448
-3.2108461990597084	-1.5161193472625278
-3.185663091616103	-1.5578003468752641
-3.1604799841724973	-1.6051803860516511
-3.1352968767288916	-1.6596901944726976
-3.1101137692852863	-1.72315478323702
-3.0849306618416805	-1.7975904665924856
-3.059747554398075	-1.8837596962326157
-3.0345644469544695	-1.9746388719391954
-3.0093813395108637	-2.0367851255824005
-2.9841982320672584	-2.0150323628176836
-2.9590151246236527	-1.9216380884221154
-2.9338320171800474	-1.812889924617373
-2.9086489097364416	-1.7133276059076679
-2.8834658022928363	-1.6266412524851628
-2.8582826948492306	-1.5513068354185822
-2.833099587405625	-1.4851838803588602
-2.8079164799620195	-1.4264526379823306
-2.782733372518414	-1.3737029984069076
-2.7575502650748085	-1.3258609404190358
-2.7323671576312027	-1.2821043492215167
-2.7071840501875974	-1.2417962977569157
-2.6820009427439917	-1.2044364523596858
-2.656817835300386	-1.1696264108767362
-2.6316347278567807	-1.1370449668518114
-2.606451620413175	-1.1064303090058563
-2.5812685129695696	-1.0775670733696066
-2.556085405525964	-1.0502768281986172
-2.5309022980823586	-1.0244110277983718
-2.505719190638753	-0.9998457809012511
-2.480536083195147	-0.97647799132949
-2.4553529757515418	-0.9542225783212612
-2.430169868307936	-0.9330105954345016
-2.4049867608643307	-0.9127881586333338
-2.379803653420725	-0.893516181150774
-2.3546205459771197	-0.8751710116105383
-2.329437438533514	-0.8577462046202677
-2.304254331089908	-0.8412558556388172
-2.279071223646303	-0.8257402690169467
-2.253888116202697	-0.8112753251061278
-2.228705008759092	-0.7979880244735001
-2.203521901315486	-0.7860828600944634
-2.178338793871881	-0.7758881218380389
-2.153155686428275	-0.7679408172865722
-2.1279725789846693	-0.7631504171936522
-2.102789471541064	-0.7631309673801046
-2.0776063640974582	-0.7708955703708182
-2.052423256653853	-0.7922059299034894
-2.027240149210247	-0.8367228878210099
-2.002057041766642	-0.9093819851100995
-1.9768739343230362	-0.9849051772690987
-1.9516908268794306	-1.0334141637473226
-1.926507719435825	-1.0569034856015862
-1.9013246119922196	-1.0656657602560462
-1.8761415045486138	-1.0662281392941866
-1.8509583971050083	-1.0620306512904962
-1.8257752896614028	-1.0549150559522718
-1.8005921822177973	-1.0459217826284164
-1.7754090747741917	-1.0356718287479578
-1.7502259673305862	-1.0245541573106296
-1.7250428598869807	-1.0128224226985083
-1.699859752443375	-1.0006476006072604
-1.6746766449997694	-0.9881480471954911
-1.649493537556164	-0.9754074172192077
-1.6243104301125584	-0.9624857481161756
-1.5991273226689529	-0.94942653673576
-1.5739442152253473	-0.9362613775435119
-1.5487611077817416	-0.9230130649144377
-1.523578000338136	-0.9096976948093854
-1.4983948928945305	-0.896326090500747
-1.473211785450925	-0.8829047513319459
-1.4480286780073195	-0.8694364445442176
-1.422845570563714	-0.855920506929706
-1.3976624631201084	-0.8423528825099899
-1.3724793556765027	-0.8287258854874511
-1.3472962482328972	-0.815027635966433
-1.3221131407892917	-0.8012410589667812
-1.2969300333456861	-0.7873422479000829
-1.2717469259020806	-0.7732978420654507
-1.246563818458475	-0.7590607940295077
-1.2213807110148696	-0.7445633836221073
-1.1961976035712638	-0.7297053041291159
-1.1710144961276583	-0.7143324965017597
-1.1458313886840528	-0.6981977083328316
-1.1206482812404472	-0.6808830715534515
-1.0954651737968417	-0.6616406342905851
-1.0702820663532362	-0.6390593601438893
-1.0450989589096307	-0.610471976442274
-1.019915851466025	-0.5719831300368947
-0.9947327440224195	-0.5244739426455948
-0.9695496365788139	-0.48126887298007703
-0.9443665291352084	-0.450464434015777
-0.9191834216916028	-0.4288836450143785
-0.8940003142479972	-0.41254301988698133
-0.8688172068043917	-0.39915092503934535
-0.8436340993607861	-0.38749543960932337
-0.8184509919171806	-0.3769104485173474
-0.793267884473575	-0.3670071109912241
-0.7680847770299695	-0.35754468305030607
-0.7429016695863639	-0.34836599550763764
-0.7177185621427583	-0.3393634619035458
-0.6925354546991528	-0.3304602001313231
-0.6673523472555473	-0.32159902967606313
-0.6421692398119416	-0.31273577512626316
-0.6169861323683361	-0.30383502784499905
-0.5918030249247306	-0.29486736451291923
-0.5666199174811251	-0.28580745708019184
-0.5414368100375194	-0.2766327424381478
-0.5162537025939139	-0.26732245003652244
-0.4910705951503083	-0.25785686031152133
-0.4658874877067028	-0.24821671051067487
-0.4407043802630972	-0.2383826906165808
-0.4155212728194917	-0.2283349874332125
-0.3903381653758861	-0.21805284345241693
-0.36515505793228054	-0.20751410087145603
-0.339971950488675	-0.19669470113547982
-0.31478884304506943	-0.18556810667555912
-0.2896057356014639	-0.17410460374808842
-0.26442262815785833	-0.16227043217006426
-0.23923952071425278	-0.15002666744716497
-0.21405641327064723	-0.13732775053477633
-0.18887330582704168	-0.12411951829489644
-0.16369019838343613	-0.11033653821848062
-0.13850709093983055	-0.0958985301305001
-0.11332398349622501	-0.08070583498544283
-0.08814087605261944	-0.06463499284332125
-0.06295776860901389	-0.04754061478274894
-0.037774661165408334	-0.029291344920437584
-0.012591553721802777	-0.009935208753835356
0.012591553721802777	0.009935208753837316
0.037774661165408334	0.02929134492043493
0.06295776860901389	0.04754061478274891
0.08814087605261944	0.06463499284332119
0.11332398349622501	0.08070583498544266
0.13850709093983055	0.0958985301304997
0.16369019838343613	0.1103365382184805
0.18887330582704168	0.12411951829489587
0.21405641327064723	0.13732775053477636
0.23923952071425278	0.1500266674471653
0.26442262815785833	0.16227043217006376
0.2896057356014639	0.17410460374808984
0.31478884304506943	0.18556810667555887
0.339971950488675	0.1966947011354789
0.36515505793228054	0.20751410087145652
0.3903381653758861	0.21805284345241668
0.4155212728194917	0.22833498743321443
0.4407043802630972	0.23838269061658143
0.4658874877067028	0.24821671051067445
0.4910705951503083	0.25785686031152255
0.5162537025939139	0.2673224500365227
0.5414368100375194	0.2766327424381479
0.5666199174811251	0.28580745708019273
0.5918030249247306	0.2948673645129192
0.6169861323683361	0.30383502784499933
0.6421692398119416	0.3127357751262603
0.6673523472555473	0.3215990296760614
0.6925354546991528	0.33046020013132255
0.7177185621427583	0.33936346190354644
0.7429016695863639	0.3483659955076378
0.7680847770299695	0.3575446830503069
0.793267884473575	0.36700711099122324
0.8184509919171806	0.3769104485173464
0.8436340993607861	0.3874954396093233
0.8688172068043917	0.39915092503934524
0.8940003142479972	0.4125430198869796
0.9191834216916028	0.42888364501438037
0.9443665291352084	0.45046443401577574
0.9695496365788139	0.4812688729800811
0.9947327440224195	0.5244739426455948
1.019915851466025	0.5719831300368902
1.0450989589096307	0.6104719764422775
1.0702820663532362	0.639059360143893
1.0954651737968417	0.6616406342905818
1.1206482812404472	0.6808830715534503
1.1458313886840528	0.6981977083328291
1.1710144961276583	0.7143324965017631
1.1961976035712638	0.729705304129113
1.2213807110148696	0.7445633836221012
1.246563818458475	0.7590607940295047
1.2717469259020806	0.7732978420654499
1.2969300333456861	0.7873422479000834
1.3221131407892917	0.8012410589667868
1.3472962482328972	0.8150276359664306
1.3724793556765027	0.828725885487453
1.3976624631201084	0.8423528825099925
1.422845570563714	0.8559205069297092
1.4480286780073195	0.8694364445442176
1.473211785450925	0.8829047513319468
1.4983948928945305	0.8963260905007405
1.523578000338136	0.9096976948093807
1.5487611077817416	0.923013064914436
1.5739442152253473	0.9362613775435235
1.5991273226689529	0.949426536735757
1.6243104301125584	0.9624857481161698
1.649493537556164	0.9754074172192043
1.6746766449997694	0.9881480471954914
1.699859752443375	1.0006476006072582
1.7250428598869807	1.0128224226985132
1.7502259673305862	1.0245541573106276
1.7754090747741917	1.0356718287479616
1.8005921822177973	1.045921782628416
1.8257752896614028	1.0549150559522664
1.8509583971050083	1.062030651290499
1.8761415045486138	1.066228139294192
1.9013246119922196	1.065665760256051
1.926507719435825	1.056903485601583
1.9516908268794306	1.0334141637473309
1.9768739343230362	0.984905177269095
2.002057041766642	0.9093819851101046
2.027240149210247	0.8367228878210051
2.052423256653853	0.7922059299034926
2.0776063640974582	0.7708955703708248
2.102789471541064	0.7631309673801051
2.1279725789846693	0.763150417193656
2.153155686428275	0.7679408172865819
2.178338793871881	0.7758881218380399
2.203521901315486	0.7860828600944615
2.228705008759092	0.7979880244734947
2.253888116202697	0.8112753251061294
2.279071223646303	0.8257402690169457
2.304254331089908	0.8412558556388121
2.329437438533514	0.8577462046202707
2.3546205459771197	0.8751710116105349
2.379803653420725	0.8935161811507754
2.4049867608643307	0.9127881586333331
2.430169868307936	0.9330105954344973
2.4553529757515418	0.9542225783212575
2.480536083195147	0.9764779913294866
2.505719190638753	0.9998457809012651
2.5309022980823586	1.0244110277983698
2.556085405525964	1.050276828198618
2.5812685129695696	1.077567073369607
2.606451620413175	1.1064303090058558
2.6316347278567807	1.1370449668518237
2.656817835300386	1.1696264108767433
2.6820009427439917	1.2044364523596838
2.7071840501875974	1.2417962977569235
2.7323671576312027	1.2821043492215167
2.7575502650748085	1.3258609404190254
2.782733372518414	1.373702998406905
2.8079164799620195	1.426452637982351
2.833099587405625	1.4851838803588477
2.8582826948492306	1.5513068354185742
2.8834658022928363	1.6266412524851628
2.9086489097364416	1.713327605907663
2.9338320171800474	1.8128899246173737
2.9590151246236527	1.9216380884221123
2.9841982320672584	2.01503236281771
3.0093813395108637	2.0367851255824054
3.0345644469544695	1.9746388719391827
3.059747554398075	1.8837596962326013
3.0849306618416805	1.7975904665924758
3.1101137692852863	1.7231547832370229
3.1352968767288916	1.6596901944727054
3.1604799841724973	1.605180386051648
3.185663091616103	1.5578003468752792
3.2108461990597084	1.5161193472625483
3.236029306503314	1.4790493292998426
3.2612124139469194	1.4457622100534617
3.286395521390525	1.415620887573518
3.3115786288341305	1.3881283286850044
3.336761736277736	1.3628911800418746
3.361944843721342	1.339593841456331
3.3871279511649472	1.3179798493726014
3.412311058608553	1.2978383473100101
3.4374941660521583	1.2789941195324006
3.462677273495764	1.2613001483279043
3.4878603809393693	1.244631981583209
3.513043488382975	1.2288834162401014
3.538226595826581	1.2139631507920945
3.563409703270186	1.199792160393143
3.588592810713792	1.1863016172538994
3.613775918157397	1.1734312271246037
3.638959025601003	1.1611278866601713
3.6641421330446082	1.1493445906243163
3.689325240488214	1.1380395354413633
3.7145083479318197	1.1271753783626965
3.739691455375425	1.1167186209311128
3.7648745628190308	1.1066390924683074
3.790057670262636	1.096909514579686
3.815240777706242	1.0875051317020332
3.840423885149847	1.0784033957665864
3.865606992593453	1.0695836954259954
3.8907901000370586	1.0610271221348462
3.915973207480664	1.0527162667870682
3.9411563149242697	1.0446350417550798
3.966339422367875	1.0367685240442106
3.9915225298114807	1.0291028159731472
4.016705637255086	1.0216249203397207
4.041888744698691	1.0143226274388255
4.0670718521422975	1.0071844116398918
4.092254959585903	1.0001993354500207
4.117438067029508	0.9933569591542089
4.142621174473114	0.9866472542154623
4.16780428191672	0.9800605186275526
4.192987389360325	0.9735872923702886
4.218170496803931	0.967218270965366
4.243353604247536	0.9609442149057056
4.268536711691142	0.9547558523847948
4.293719819134747	0.9486437722263923
4.318902926578353	0.9425983032409457
4.3440860340219585	0.9366093752148121
4.369269141465564	0.9306663554438518
4.39445224890917	0.9247578528007162
4.419635356352775	0.9188714787751779
4.444818463796381	0.9129935512224339
4.470001571239986	0.907108721390096
4.495184678683592	0.9011994972757131
4.520367786127197	0.8952456254323016
4.545550893570803	0.8892232771186537
4.570734001014409	0.8831039601141899
4.595917108458014	0.8768530398551764
4.6211002159016195	0.8704276941875007
4.646283323345225	0.8637740306603272
4.671466430788831	0.8568229380042436
4.696649538232436	0.8494839764521918
4.7218326456760416	0.841636144492964
4.747015753119648	0.8331135132304544
4.772198860563253	0.8236821263372422
4.797381968006858	0.8130014350611658
4.822565075450464	0.8005571068164506
4.84774818289407	0.7855381851352451
4.872931290337675	0.7666003951781085
4.89811439778128	0.7413859433892641
4.923297505224887	0.7055199885072491
4.948480612668492	0.6506756588526712
4.973663720112097	0.5630777104095233
4.9988468275557025	0.4365929189082261
5.024029934999309	0.3081660947321489
5.049213042442914	0.21834133756459959
5.074396149886519	0.16325262117844827
5.0995792573301255	0.12859853925636705
5.124762364773731	0.10543875244805254
5.149945472217336	0.08906082363455473
5.175128579660941	0.07693190843832493
5.200311687104548	0.06761298509773345
5.225494794548153	0.06023874593205451
5.250677901991758	0.05426199388149549
5.275861009435364	0.04932145696644423
5.30104411687897	0.04516971684504942
5.326227224322575	0.041631954576214915
5.35141033176618	0.03858129432638614
5.3765934392097865	0.03592349774583542
5.401776546653392	0.03358714132963676
5.426959654096997	0.03151712549198744
5.452142761540603	0.02967027282455567
5.477325868984209	0.02801227374158736
5.502508976427814	0.026515523162040092
5.527692083871419	0.025157559817362136
5.552875191315025	0.02391992144677735
5.578058298758631	0.0227872923565402
5.603241406202236	0.021746859922885924
5.628424513645842	0.020787822719124847
5.6536076210894475	0.01990101020756327
5.678790728533053	0.019078585579739786
5.703973835976658	0.018313811303117
5.729156943420264	0.017600862453218992
5.75434005086387	0.01693467686337325
5.779523158307475	0.016310833898759307
5.804706265751081	0.015725455633335543
5.829889373194686	0.015175125792214967
5.855072480638292	0.014656822811589877
5.880255588081897	0.014167864237307088
5.905438695525503	0.013705860281545624
5.9306218029691085	0.013268674817136079
5.955804910412714	0.012854392466638416
5.98098801785632	0.012461290693495101
6.006171125299925	0.012087816031768258
6.0313542327435306	0.011732563758155864
6.056537340187136	0.011394260431474353
6.081720447630742	0.011071748842456073
6.106903555074347	0.010763974995527963
6.132086662517953	0.01046997680423306
6.157269769961559	0.010188874246359716
6.182452877405164	0.009919860759261611
6.207635984848769	0.00966219570201935
6.232819092292375	0.009415197725953693
6.258002199735981	0.009178238935952302
6.283185307179586	0.008950739728695088
