        ω                       A(ω)      
--------------------  --------------------
-6.283185307179586	-0.01205836730695899
-6.258002199735981	-0.012355758770688235
-6.232819092292375	-0.012665174643079577
-6.207635984848769	-0.012987336102518322
-6.182452877405164	-0.01332302354854737
-6.157269769961559	-0.013673082875288862
-6.132086662517953	-0.01403843255782803
-6.106903555074347	-0.014420071697982314
-6.081720447630742	-0.014819089161735445
-6.056537340187136	-0.015236674003603233
-6.0313542327435306	-0.015674127387610363
-6.006171125299925	-0.01613287626106382
-5.98098801785632	-0.016614489098932317
-5.955804910412714	-0.017120694087491794
-5.9306218029691085	-0.017653400204610627
-5.905438695525503	-0.018214721750946895
-5.880255588081897	-0.018807007015127917
-5.855072480638292	-0.01943287190203692
-5.829889373194686	-0.020095239579246704
-5.804706265751081	-0.02079738741774455
-5.779523158307475	-0.021543002839282954
-5.75434005086387	-0.022336250182811927
-5.729156943420264	-0.023181851101772448
-5.703973835976658	-0.024085181903242974
-5.678790728533053	-0.025052392086950124
-5.6536076210894475	-0.026090549754454795
-5.628424513645842	-0.02720782119213573
-5.603241406202236	-0.02841369445412406
-5.578058298758631	-0.02971926002696875
-5.552875191315025	-0.031137566371390556
-5.527692083871419	-0.03268407468107636
-5.502508976427814	-0.03437724671678142
-5.477325868984209	-0.0362393134592122
-5.452142761540603	-0.03829729277208374
-5.426959654096997	-0.04058435538668677
-5.401776546653392	-0.043141686186658576
-5.3765934392097865	-0.046021062819807196
-5.35141033176618	-0.049288494610043705
-5.326227224322575	-0.05302946413089515
-5.30104411687897	-0.057356652835020706
-5.275861009435364	-0.06242162646654073
-5.250677901991758	-0.06843303492208272
-5.225494794548153	-0.07568591734712055
-5.200311687104548	-0.08461071289233525
-5.175128579660941	-0.09585884570919447
-5.149945472217336	-0.11045963094047224
-5.124762364773731	-0.1301235627682122
-5.0995792573301255	-0.1578592473325718
-5.074396149886519	-0.19926101786699607
-5.049213042442914	-0.2649384107577189
-5.024029934999309	-0.3718691320061782
-4.9988468275557025	-0.5247259261656616
-4.973663720112097	-0.6756397310437255
-4.948480612668492	-0.7808813908867683
-4.923297505224887	-0.8476116352447065
-4.89811439778128	-0.8920549889651173
-4.872931290337675	-0.9240220290927093
-4.84774818289407	-0.9486662628663473
-4.822565075450464	-0.968764576370138
-4.797381968006858	-0.9859000569042623
-4.772198860563253	-1.0010278766913603
-4.747015753119648	-1.0147541427683866
-4.7218326456760416	-1.027480569445745
-4.696649538232436	-1.0394835861529983
-4.671466430788831	-1.0509597276321978
-4.646283323345225	-1.0620528141208654
-4.6211002159016195	-1.0728708500105133
-4.595917108458014	-1.083496882967073
-4.570734001014409	-1.093996188628317
-4.545550893570803	-1.1044211491622276
-4.520367786127197	-1.1148146439466686
-4.495184678683592	-1.125212456323775
-4.470001571239986	-1.1356450153172974
-4.444818463796381	-1.1461386789127432
-4.419635356352775	-1.1567166957573671
-4.39445224890917	-1.1673999377623276
-4.369269141465564	-1.1782074672593668
-4.3440860340219585	-1.1891569832657416
-4.318902926578353	-1.2002651785859029
-4.293719819134747	-1.2115480306653932
-4.268536711691142	-1.2230210430019017
-4.243353604247536	-1.2346994496737478
-4.218170496803931	-1.2465983924732158
-4.192987389360325	-1.2587330779618637
-4.16780428191672	-1.2711189202301978
-4.142621174473114	-1.2837716739894236
-4.117438067029508	-1.2967075618557198
-4.092254959585903	-1.3099433991051335
-4.0670718521422975	-1.3234967188199154
-4.041888744698691	-1.3373859001182522
-4.016705637255086	-1.3516303020549267
-3.9915225298114807	-1.3662504057917875
-3.966339422367875	-1.3812679677302862
-3.9411563149242697	-1.3967061865147845
-3.915973207480664	-1.4125898871231999
-3.8907901000370586	-1.4289457256663574
-3.865606992593453	-1.4458024191028218
-3.840423885149847	-1.4631910047667807
-3.815240777706242	-1.4811451355290466
-3.790057670262636	-1.4997014175554448
-3.7648745628190308	-1.5188997990872803
-3.739691455375425	-1.5387840205053565
-3.7145083479318197	-1.5594021382876546
-3.689325240488214	-1.5808071384739224
-3.6641421330446082	-1.6030576591003554
-3.638959025601003	-1.626218846076638
-3.613775918157397	-1.6503633735033574
-3.588592810713792	-1.6755726680045016
-3.563409703270186	-1.7019383880864785
-3.538226595826581	-1.7295642247897465
-3.513043488382975	-1.7585681106628506
-3.4878603809393693	-1.7890849523211152
-3.462677273495764	-1.8212700411929652
-3.4374941660521583	-1.8553033518028106
-3.412311058608553	-1.8913950147903729
-3.3871279511649472	-1.9297923633501002
-3.361944843721342	-1.9707891137469775
-3.336761736277736	-2.014737478393683
-3.3115786288341305	-2.062064362580005
-3.286395521390525	-2.1132933212913114
-3.2612124139469194	-2.169074731786875
-3.236029306503314	-2.230227763635324
-3.2108461990597084	-2.29779922547877
-3.185663091616103	-2.3731458430956884
-3.1604799841724973	-2.458045767811484
-3.1352968767288916	-2.554832551925432
-3.1101137692852863	-2.6664806388812727
-3.0849306618416805	-2.796287290553375
-3.059747554398075	-2.9455807260151663
-3.0345644469544695	-3.1033383502921574
-3.0093813395108637	-3.2165210966256037
-2.9841982320672584	-3.1972196116882396
-2.9590151246236527	-3.064037590232068
-2.9338320171800474	-2.9057171059966524
-2.9086489097364416	-2.7611098983488245
-2.8834658022928363	-2.6361605130086225
-2.8582826948492306	-2.528559815032008
-2.833099587405625	-2.435004542214799
-2.8079164799620195	-2.352681226551454
-2.782733372518414	-2.2794104679736225
-2.7575502650748085	-2.2135337703893536
-2.7323671576312027	-2.1537827761230965
-2.7071840501875974	-2.099175457587635
-2.6820009427439917	-2.048940477072535
-2.656817835300386	-2.0024632164664986
-2.6316347278567807	-1.9592472324057888
-2.606451620413175	-1.9188864669229726
-2.5812685129695696	-1.8810449561148472
-2.556085405525964	-1.84544180918981
-2.5309022980823586	-1.8118399358865964
-2.505719190638753	-1.780037474789662
-2.480536083195147	-1.749861193746174
-2.4553529757515418	-1.721161349055218
-2.430169868307936	-1.6938076371480153
-2.4049867608643307	-1.6676859740914691
-2.379803653420725	-1.6426959094079063
-2.3546205459771197	-1.6187485308509106
-2.329437438533514	-1.595764752967443
-2.304254331089908	-1.5736739083598403
-2.279071223646303	-1.5524125796687729
-2.253888116202697	-1.5319236245427705
-2.228705008759092	-1.5121553564089953
-2.203521901315486	-1.493060851907189
-2.178338793871881	-1.4745973618959536
-2.153155686428275	-1.4567258076640872
-2.1279725789846693	-1.4394103475535256
-2.102789471541064	-1.422618002066828
-2.0776063640974582	-1.406318327669445
-2.052423256653853	-1.3904831312997734
-2.027240149210247	-1.3750862189256339
-2.002057041766642	-1.360103172587757
-1.9768739343230362	-1.345511151215835
-1.9516908268794306	-1.331288711194599
-1.926507719435825	-1.3174156431511472
-1.9013246119922196	-1.3038728218429894
-1.8761415045486138	-1.2906420663136815
-1.8509583971050083	-1.2777060076405782
-1.8257752896614028	-1.2650479616984276
-1.8005921822177973	-1.2526518043280703
-1.7754090747741917	-1.240501846184082
-1.7502259673305862	-1.2285827042502409
-1.7250428598869807	-1.216879166625599
-1.699859752443375	-1.2053760465443843
-1.6746766449997694	-1.1940580207430693
-1.649493537556164	-1.18290944606306
-1.6243104301125584	-1.1719141464567233
-1.5991273226689529	-1.16105516023287
-1.5739442152253473	-1.1503144340584162
-1.5487611077817416	-1.139672445517468
-1.523578000338136	-1.1291077293809264
-1.4983948928945305	-1.1185962730521417
-1.473211785450925	-1.1081107324638322
-1.4480286780073195	-1.0976193985043552
-1.422845570563714	-1.0870848119988763
-1.3976624631201084	-1.07646187550471
-1.3724793556765027	-1.0656952316468669
-1.3472962482328972	-1.0547155505213774
-1.3221131407892917	-1.043434157374122
-1.2969300333456861	-1.0317350704931956
-1.2717469259020806	-1.0194628812880757
-1.246563818458475	-1.0064037416636382
-1.2213807110148696	-0.9922545036662953
-1.1961976035712638	-0.976570646037915
-1.1710144961276583	-0.9586744445960051
-1.1458313886840528	-0.9374848239611566
-1.1206482812404472	-0.9111849005186641
-1.0954651737968417	-0.8765397302721225
-1.0702820663532362	-0.8274745657639909
-1.0450989589096307	-0.7525330751921713
-1.019915851466025	-0.6348460596978042
-0.9947327440224195	-0.47696703695133486
-0.9695496365788139	-0.3334524696733928
-0.9443665291352084	-0.23858035260305774
-0.9191834216916028	-0.18034874930389602
-0.8940003142479972	-0.14303938893155227
-0.8688172068043917	-0.11760828842901362
-0.8436340993607861	-0.09930031157740997
-0.8184509919171806	-0.08552462376034772
-0.793267884473575	-0.07478608780290874
-0.7680847770299695	-0.06617263854177145
-0.7429016695863639	-0.059100210030191974
-0.7177185621427583	-0.053178953023946304
-0.6925354546991528	-0.04813931487288212
-0.6673523472555473	-0.04378921729657692
-0.6421692398119416	-0.039988189963773124
-0.6169861323683361	-0.036631162228475685
-0.5918030249247306	-0.03363797431271457
-0.5666199174811251	-0.03094639441331403
-0.5414368100375194	-0.028507351390469133
-0.5162537025939139	-0.026281606595679755
-0.4910705951503083	-0.024237383445430975
-0.4658874877067028	-0.02234864814025586
-0.4407043802630972	-0.02059384241072828
-0.4155212728194917	-0.018954935241361087
-0.3903381653758861	-0.0174167036298592
-0.36515505793228054	-0.015966180057947595
-0.339971950488675	-0.014592223061310309
-0.31478884304506943	-0.013285179704036847
-0.2896057356014639	-0.012036617553246247
-0.26442262815785833	-0.010839109546658355
-0.23923952071425278	-0.009686059686556423
-0.21405641327064723	-0.008571560311728184
-0.18887330582704168	-0.007490274042394649
-0.16369019838343613	-0.006437335031199242
-0.13850709093983055	-0.005408265432442365
-0.11332398349622501	-0.004398903794429566
-0.08814087605261944	-0.0034053428157755756
-0.06295776860901389	-0.00242387429818462
-0.037774661165408334	-0.0014509396490683102
-0.012591553721802777	-0.0004830844235955497
0.012591553721802777	0.0004830844235955438
0.037774661165408334	0.0014509396490683072
0.06295776860901389	0.002423874298184615
0.08814087605261944	0.003405342815775577
0.11332398349622501	0.00439890379442957
0.13850709093983055	0.005408265432442356
0.16369019838343613	0.006437335031199234
0.18887330582704168	0.007490274042394638
0.21405641327064723	0.008571560311728194
0.23923952071425278	0.009686059686556411
0.26442262815785833	0.01083910954665835
0.2896057356014639	0.012036617553246238
0.31478884304506943	0.013285179704036877
0.339971950488675	0.014592223061310283
0.36515505793228054	0.015966180057947577
0.3903381653758861	0.017416703629859188
0.4155212728194917	0.0189549352413611
0.4407043802630972	0.02059384241072826
0.4658874877067028	0.022348648140255886
0.4910705951503083	0.024237383445430975
0.5162537025939139	0.026281606595679727
0.5414368100375194	0.028507351390469112
0.5666199174811251	0.03094639441331407
0.5918030249247306	0.03363797431271454
0.6169861323683361	0.03663116222847566
0.6421692398119416	0.039988189963773145
0.6673523472555473	0.04378921729657697
0.6925354546991528	0.048139314872882054
0.7177185621427583	0.053178953023946256
0.7429016695863639	0.059100210030191926
0.7680847770299695	0.06617263854177136
0.793267884473575	0.07478608780290866
0.8184509919171806	0.08552462376034771
0.8436340993607861	0.0993003115774099
0.8688172068043917	0.11760828842901364
0.8940003142479972	0.14303938893155213
0.9191834216916028	0.1803487493038957
0.9443665291352084	0.23858035260305707
0.9695496365788139	0.3334524696733924
0.9947327440224195	0.4769670369513341
1.019915851466025	0.634846059697804
1.0450989589096307	0.7525330751921688
1.0702820663532362	0.8274745657639895
1.0954651737968417	0.876539730272127
1.1206482812404472	0.9111849005186642
1.1458313886840528	0.9374848239611553
1.1710144961276583	0.9586744445960068
1.1961976035712638	0.9765706460379142
1.2213807110148696	0.9922545036662946
1.246563818458475	1.0064037416636402
1.2717469259020806	1.0194628812880775
1.2969300333456861	1.0317350704931905
1.3221131407892917	1.0434341573741195
1.3472962482328972	1.0547155505213757
1.3724793556765027	1.0656952316468642
1.3976624631201084	1.076461875504715
1.422845570563714	1.0870848119988785
1.4480286780073195	1.0976193985043592
1.473211785450925	1.1081107324638284
1.4983948928945305	1.1185962730521477
1.523578000338136	1.1291077293809237
1.5487611077817416	1.1396724455174712
1.5739442152253473	1.1503144340584157
1.5991273226689529	1.1610551602328665
1.6243104301125584	1.1719141464567147
1.649493537556164	1.1829094460630616
1.6746766449997694	1.1940580207430656
1.699859752443375	1.2053760465443857
1.7250428598869807	1.2168791666255914
1.7502259673305862	1.228582704250243
1.7754090747741917	1.2405018461840842
1.8005921822177973	1.2526518043280657
1.8257752896614028	1.2650479616984327
1.8509583971050083	1.2777060076405753
1.8761415045486138	1.290642066313685
1.9013246119922196	1.3038728218429914
1.926507719435825	1.3174156431511341
1.9516908268794306	1.331288711194593
1.9768739343230362	1.3455111512158338
2.002057041766642	1.3601031725877621
2.027240149210247	1.375086218925638
2.052423256653853	1.3904831312997692
2.0776063640974582	1.4063183276694404
2.102789471541064	1.4226180020668302
2.1279725789846693	1.4394103475535287
2.153155686428275	1.456725807664087
2.178338793871881	1.4745973618959551
2.203521901315486	1.4930608519071895
2.228705008759092	1.5121553564089874
2.253888116202697	1.531923624542774
2.279071223646303	1.5524125796687869
2.304254331089908	1.5736739083598732
2.329437438533514	1.5957647529674275
2.3546205459771197	1.6187485308509135
2.379803653420725	1.6426959094079128
2.4049867608643307	1.6676859740914753
2.430169868307936	1.6938076371480268
2.4553529757515418	1.7211613490552187
2.480536083195147	1.749861193746163
2.505719190638753	1.780037474789659
2.5309022980823586	1.8118399358865975
2.556085405525964	1.8454418091897973
2.5812685129695696	1.8810449561148435
2.606451620413175	1.91888646692298
2.6316347278567807	1.9592472324057872
2.656817835300386	2.0024632164665186
2.6820009427439917	2.048940477072523
2.7071840501875974	2.099175457587657
2.7323671576312027	2.1537827761230948
2.7575502650748085	2.2135337703893594
2.782733372518414	2.2794104679736322
2.8079164799620195	2.352681226551454
2.833099587405625	2.4350045422148163
2.8582826948492306	2.528559815031975
2.8834658022928363	2.6361605130085994
2.9086489097364416	2.761109898348795
2.9338320171800474	2.90571710599667
2.9590151246236527	3.064037590232092
2.9841982320672584	3.1972196116882596
3.0093813395108637	3.216521096625602
3.0345644469544695	3.1033383502921663
3.059747554398075	2.945580726015145
3.0849306618416805	2.796287290553375
3.1101137692852863	2.666480638881284
3.1352968767288916	2.5548325519254416
3.1604799841724973	2.458045767811495
3.185663091616103	2.3731458430956915
3.2108461990597084	2.2977992254787702
3.236029306503314	2.230227763635336
3.2612124139469194	2.1690747317868815
3.286395521390525	2.113293321291315
3.3115786288341305	2.0620643625800312
3.336761736277736	2.0147374783936915
3.361944843721342	1.9707891137469697
3.3871279511649472	1.9297923633501015
3.412311058608553	1.891395014790385
3.4374941660521583	1.8553033518027966
3.462677273495764	1.8212700411929563
3.4878603809393693	1.7890849523211156
3.513043488382975	1.7585681106628548
3.538226595826581	1.7295642247897471
3.563409703270186	1.7019383880864816
3.588592810713792	1.675572668004505
3.613775918157397	1.6503633735033554
3.638959025601003	1.6262188460766442
3.6641421330446082	1.603057659100366
3.689325240488214	1.5808071384739268
3.7145083479318197	1.5594021382876515
3.739691455375425	1.5387840205053596
3.7648745628190308	1.5188997990872928
3.790057670262636	1.499701417555452
3.815240777706242	1.4811451355290366
3.840423885149847	1.4631910047667858
3.865606992593453	1.4458024191028187
3.8907901000370586	1.4289457256663631
3.915973207480664	1.412589887123191
3.9411563149242697	1.3967061865147756
3.966339422367875	1.3812679677302733
3.9915225298114807	1.3662504057917986
4.016705637255086	1.3516303020549179
4.041888744698691	1.3373859001182566
4.0670718521422975	1.3234967188199107
4.092254959585903	1.3099433991051372
4.117438067029508	1.2967075618557142
4.142621174473114	1.2837716739894212
4.16780428191672	1.2711189202302011
4.192987389360325	1.2587330779618593
4.218170496803931	1.2465983924732094
4.243353604247536	1.2346994496737473
4.268536711691142	1.2230210430019097
4.293719819134747	1.2115480306653925
4.318902926578353	1.2002651785858969
4.3440860340219585	1.189156983265747
4.369269141465564	1.1782074672593692
4.39445224890917	1.16739993776233
4.419635356352775	1.1567166957573598
4.444818463796381	1.1461386789127372
4.470001571239986	1.1356450153172974
4.495184678683592	1.125212456323775
4.520367786127197	1.114814643946674
4.545550893570803	1.1044211491622222
4.570734001014409	1.0939961886283254
4.595917108458014	1.0834968829670786
4.6211002159016195	1.0728708500105129
4.646283323345225	1.062052814120868
4.671466430788831	1.050959727632197
4.696649538232436	1.039483586153001
4.7218326456760416	1.0274805694457445
4.747015753119648	1.014754142768394
4.772198860563253	1.0010278766913572
4.797381968006858	0.985900056904263
4.822565075450464	0.9687645763701369
4.84774818289407	0.9486662628663473
4.872931290337675	0.9240220290927107
4.89811439778128	0.892054988965117
4.923297505224887	0.8476116352447102
4.948480612668492	0.7808813908867662
4.973663720112097	0.6756397310437244
4.9988468275557025	0.5247259261656623
5.024029934999309	0.37186913200617944
5.049213042442914	0.26493841075771896
5.074396149886519	0.19926101786699613
5.0995792573301255	0.15785924733257195
5.124762364773731	0.13012356276821221
5.149945472217336	0.11045963094047236
5.175128579660941	0.09585884570919448
5.200311687104548	0.08461071289233525
5.225494794548153	0.07568591734712057
5.250677901991758	0.06843303492208272
5.275861009435364	0.06242162646654071
5.30104411687897	0.057356652835020755
5.326227224322575	0.053029464130895265
5.35141033176618	0.04928849461004374
5.3765934392097865	0.04602106281980725
5.401776546653392	0.0431416861866586
5.426959654096997	0.04058435538668678
5.452142761540603	0.03829729277208377
5.477325868984209	0.036239313459212226
5.502508976427814	0.03437724671678143
5.527692083871419	0.03268407468107636
5.552875191315025	0.03113756637139053
5.578058298758631	0.02971926002696877
5.603241406202236	0.02841369445412407
5.628424513645842	0.027207821192135762
5.6536076210894475	0.026090549754454823
5.678790728533053	0.02505239208695013
5.703973835976658	0.024085181903242957
5.729156943420264	0.023181851101772462
5.75434005086387	0.022336250182811927
5.779523158307475	0.02154300283928295
5.804706265751081	0.02079738741774455
5.829889373194686	0.020095239579246714
5.855072480638292	0.01943287190203693
5.880255588081897	0.018807007015127906
5.905438695525503	0.018214721750946905
5.9306218029691085	0.017653400204610634
5.955804910412714	0.017120694087491777
5.98098801785632	0.01661448909893232
6.006171125299925	0.01613287626106382
6.0313542327435306	0.01567412738761036
6.056537340187136	0.015236674003603217
6.081720447630742	0.01481908916173546
6.106903555074347	0.01442007169798231
6.132086662517953	0.014038432557828034
6.157269769961559	0.013673082875288862
6.182452877405164	0.013323023548547383
6.207635984848769	0.01298733610251833
6.232819092292375	0.012665174643079577
6.258002199735981	0.012355758770688228
6.283185307179586	0.012058367306958983
