        ω                       A(ω)      
--------------------  --------------------
-6.283185307179586	-0.010677264475414665
-6.258002199735981	-0.010910000779607932
-6.232819092292375	-0.011150678649182734
-6.207635984848769	-0.011399687048296412
-6.182452877405164	-0.011657440538404248
-6.157269769961559	-0.011924381429275389
-6.132086662517953	-0.012200982154498342
-6.106903555074347	-0.012487747893668282
-6.081720447630742	-0.012785219477629136
-6.056537340187136	-0.013093976618522843
-6.0313542327435306	-0.01341464145516249
-6.006171125299925	-0.013747882591341585
-5.98098801785632	-0.014094419509113582
-5.955804910412714	-0.014455027549242216
-5.9306218029691085	-0.014830543483559841
-5.905438695525503	-0.015221871772639327
-5.880255588081897	-0.015629991609253064
-5.855072480638292	-0.01605596486950405
-5.829889373194686	-0.016500945106691596
-5.804706265751081	-0.01696618774218678
-5.779523158307475	-0.01745306173023183
-5.75434005086387	-0.0179630627195377
-5.729156943420264	-0.01849782826856411
-5.703973835976658	-0.0190591552409854
-5.678790728533053	-0.01964901985128298
-5.6536076210894475	-0.02026960085789838
-5.628424513645842	-0.020923306452427164
-5.603241406202236	-0.021612805602424127
-5.578058298758631	-0.02234106470536582
-5.552875191315025	-0.023111390644381384
-5.527692083871419	-0.023927481603109264
-5.502508976427814	-0.024793487321511317
-5.477325868984209	-0.025714080906697984
-5.452142761540603	-0.026694544886645938
-5.426959654096997	-0.027740874938617318
-5.401776546653392	-0.02885990562258346
-5.3765934392097865	-0.030059463905076734
-5.35141033176618	-0.03134855777524515
-5.326227224322575	-0.032737609841481906
-5.30104411687897	-0.03423874886116447
-5.275861009435364	-0.035866176757470614
-5.250677901991758	-0.03763663495757533
-5.225494794548153	-0.039570002889290246
-5.200311687104548	-0.04169007451657733
-5.175128579660941	-0.04402557784965672
-5.149945472217336	-0.04661153087003569
-5.124762364773731	-0.04949107063054969
-5.0995792573301255	-0.05271795953895402
-5.074396149886519	-0.05636007909621652
-5.049213042442914	-0.06050439465394988
-5.024029934999309	-0.0652641629468556
-4.9988468275557025	-0.07078964980898565
-4.973663720112097	-0.07728450506840505
-4.948480612668492	-0.08503156029894582
-4.923297505224887	-0.0944349165427837
-4.89811439778128	-0.10609139791461192
-4.872931290337675	-0.12091747569320574
-4.84774818289407	-0.14038641088240222
-4.822565075450464	-0.1669956428575336
-4.797381968006858	-0.2052315912760466
-4.772198860563253	-0.26356121546253014
-4.747015753119648	-0.3576671199260236
-4.7218326456760416	-0.5076356427709818
-4.696649538232436	-0.6988753737414037
-4.671466430788831	-0.8614787541464687
-4.646283323345225	-0.9685548673914884
-4.6211002159016195	-1.0377638796022517
-4.595917108458014	-1.0857761422051229
-4.570734001014409	-1.1217923192318353
-4.545550893570803	-1.1506532786373334
-4.520367786127197	-1.1750207842721114
-4.495184678683592	-1.1964467785763417
-4.470001571239986	-1.2158877192638495
-4.444818463796381	-1.2339626454312946
-4.419635356352775	-1.2510897266585579
-4.39445224890917	-1.2675623185549556
-4.369269141465564	-1.2835933341280146
-4.3440860340219585	-1.2993422159354835
-4.318902926578353	-1.3149319388274092
-4.293719819134747	-1.33046008137011
-4.268536711691142	-1.3460062495979477
-4.243353604247536	-1.3616371914959602
-4.218170496803931	-1.3774104122061215
-4.192987389360325	-1.393376794814769
-4.16780428191672	-1.4095825498652046
-4.142621174473114	-1.4260707059244484
-4.117438067029508	-1.4428822841549835
-4.092254959585903	-1.460057255792003
-4.0670718521422975	-1.4776353528803545
-4.041888744698691	-1.4956567841646267
-4.016705637255086	-1.5141628960598055
-3.9915225298114807	-1.5331968111272392
-3.966339422367875	-1.5528040722461613
-3.9411563149242697	-1.5730333188473895
-3.915973207480664	-1.5939370218719329
-3.8907901000370586	-1.6155723064059928
-3.865606992593453	-1.6380018953342521
-3.840423885149847	-1.661295214235821
-3.815240777706242	-1.685529707826477
-3.790057670262636	-1.710792432514735
-3.7648745628190308	-1.7371820097336605
-3.739691455375425	-1.764811053095295
-3.7145083479318197	-1.7938092226224935
-3.689325240488214	-1.824327116989344
-3.6641421330446082	-1.856541298166069
-3.638959025601003	-1.8906608650593053
-3.613775918157397	-1.9269361734174983
-3.588592810713792	-1.9656705681733277
-3.563409703270186	-2.0072363945941523
-3.538226595826581	-2.0520971407122732
-3.513043488382975	-2.100838376228032
-3.4878603809393693	-2.1542110959504135
-3.462677273495764	-2.2131914162361603
-3.4374941660521583	-2.279056966404564
-3.412311058608553	-2.3534587956194475
-3.3871279511649472	-2.438369638884667
-3.361944843721342	-2.5353654262857837
-3.336761736277736	-2.641976404660241
-3.3115786288341305	-2.7385336048114595
-3.286395521390525	-2.7740545560375
-3.2612124139469194	-2.7281450909664
-3.236029306503314	-2.650721355422678
-3.2108461990597084	-2.577432555954671
-3.185663091616103	-2.5166376346326884
-3.1604799841724973	-2.467995809305364
-3.1352968767288916	-2.429668860199011
-3.1101137692852863	-2.3999690426027054
-3.0849306618416805	-2.3776144410241273
-3.059747554398075	-2.3616945354982164
-3.0345644469544695	-2.3515979576586545
-3.0093813395108637	-2.3469546550176306
-2.9841982320672584	-2.3475996105699326
-2.9590151246236527	-2.353556636708859
-2.9338320171800474	-2.365040711356218
-2.9086489097364416	-2.3824791030745827
-2.8834658022928363	-2.4065531055695533
-2.8582826948492306	-2.438260988696471
-2.833099587405625	-2.4789891253293472
-2.8079164799620195	-2.5305119765179276
-2.782733372518414	-2.594551437812924
-2.7575502650748085	-2.670311614170032
-2.7323671576312027	-2.7445702255383466
-2.7071840501875974	-2.772971300927086
-2.6820009427439917	-2.7166053085546364
-2.656817835300386	-2.6137232181941887
-2.6316347278567807	-2.5086969527336445
-2.606451620413175	-2.4147735416896543
-2.5812685129695696	-2.3326784777516125
-2.556085405525964	-2.260576039926918
-2.5309022980823586	-2.1965515014645383
-2.505719190638753	-2.139053008553039
-2.480536083195147	-2.0868876041820097
-2.4553529757515418	-2.0391432264920057
-2.430169868307936	-1.9951159991694432
-2.4049867608643307	-1.9542550139203916
-2.379803653420725	-1.9161225368111556
-2.3546205459771197	-1.8803656178749248
-2.329437438533514	-1.8466957287024375
-2.304254331089908	-1.8148739910563851
-2.279071223646303	-1.7847003141354563
-2.253888116202697	-1.7560052915394277
-2.228705008759092	-1.728644070821579
-2.203521901315486	-1.702491651414661
-2.178338793871881	-1.6774392301214163
-2.153155686428275	-1.6533913241040887
-2.1279725789846693	-1.6302634772314828
-2.102789471541064	-1.6079804081324915
-2.0776063640974582	-1.5864744951451517
-2.052423256653853	-1.565684519267911
-2.027240149210247	-1.545554604661145
-2.002057041766642	-1.526033309322997
-1.9768739343230362	-1.507072827747677
-1.9516908268794306	-1.4886282735263252
-1.926507719435825	-1.4706570137556259
-1.9013246119922196	-1.4531180288333956
-1.8761415045486138	-1.4359712710111743
-1.8509583971050083	-1.419176992712804
-1.8257752896614028	-1.4026950106210712
-1.8005921822177973	-1.3864838630058445
-1.7754090747741917	-1.3704998044951222
-1.7502259673305862	-1.3546955617043688
-1.7250428598869807	-1.3390187414457135
-1.699859752443375	-1.3234097337001565
-1.6746766449997694	-1.3077988736574404
-1.649493537556164	-1.2921025015913252
-1.6243104301125584	-1.2762173525865301
-1.5991273226689529	-1.2600123580949005
-1.5739442152253473	-1.24331633051348
-1.5487611077817416	-1.225898899277537
-1.523578000338136	-1.2074399997585037
-1.4983948928945305	-1.187479175837033
-1.473211785450925	-1.165327693045839
-1.4480286780073195	-1.1399087372748429
-1.422845570563714	-1.1094512623570316
-1.3976624631201084	-1.070871992818602
-1.3724793556765027	-1.0184844258744148
-1.3472962482328972	-0.9414529821239415
-1.3221131407892917	-0.8212053900317583
-1.2969300333456861	-0.6455267429775716
-1.2717469259020806	-0.45908383679320236
-1.246563818458475	-0.32444934647781354
-1.2213807110148696	-0.2413416211948813
-1.1961976035712638	-0.18917707172241155
-1.1710144961276583	-0.15439982501408195
-1.1458313886840528	-0.12982912318802212
-1.1206482812404472	-0.11162199251962626
-1.0954651737968417	-0.09760712648332791
-1.0702820663532362	-0.0864853234775446
-1.0450989589096307	-0.07743829953781464
-1.019915851466025	-0.0699274963542016
-0.9947327440224195	-0.06358495485031386
-0.9695496365788139	-0.05815113521002174
-0.9443665291352084	-0.053437899268421865
-0.9191834216916028	-0.04930560735851072
-0.8940003142479972	-0.045648460987526174
-0.8688172068043917	-0.042384839568636035
-0.8436340993607861	-0.0394507603445952
-0.8184509919171806	-0.03679534765012876
-0.793267884473575	-0.03437762800448253
-0.7680847770299695	-0.03216422069425692
-0.7429016695863639	-0.0301276450842095
-0.7177185621427583	-0.028245061104583767
-0.6925354546991528	-0.026497318838830906
-0.6673523472555473	-0.0248682322562208
-0.6421692398119416	-0.023344017770514886
-0.6169861323683361	-0.021912855433381364
-0.5918030249247306	-0.02056454265292598
-0.5666199174811251	-0.01929021839972095
-0.5414368100375194	-0.018082141548496338
-0.5162537025939139	-0.016933511427254723
-0.4910705951503083	-0.015838321348247343
-0.4658874877067028	-0.014791238222121453
-0.4407043802630972	-0.013787502926769482
-0.4155212728194917	-0.012822847321869757
-0.3903381653758861	-0.011893424681784925
-0.36515505793228054	-0.01099575101483932
-0.339971950488675	-0.010126655270269846
-0.31478884304506943	-0.00928323682123545
-0.2896057356014639	-0.008462828947641237
-0.26442262815785833	-0.0076629672636311635
-0.23923952071425278	-0.006881362238860721
-0.21405641327064723	-0.006115875144339838
-0.18887330582704168	-0.0053644968030095415
-0.16369019838343613	-0.004625328693702725
-0.13850709093983055	-0.003896565991723723
-0.11332398349622501	-0.003176482209820599
-0.08814087605261944	-0.0024634151362902114
-0.06295776860901389	-0.0017557538148659066
-0.037774661165408334	-0.0010519263539599424
-0.012591553721802777	-0.00035038833672200665
0.012591553721802777	0.0003503883367220034
0.037774661165408334	0.0010519263539599394
0.06295776860901389	0.0017557538148659038
0.08814087605261944	0.002463415136290209
0.11332398349622501	0.0031764822098205954
0.13850709093983055	0.003896565991723714
0.16369019838343613	0.004625328693702724
0.18887330582704168	0.005364496803009541
0.21405641327064723	0.006115875144339832
0.23923952071425278	0.006881362238860717
0.26442262815785833	0.007662967263631162
0.2896057356014639	0.008462828947641231
0.31478884304506943	0.009283236821235436
0.339971950488675	0.010126655270269841
0.36515505793228054	0.01099575101483932
0.3903381653758861	0.011893424681784916
0.4155212728194917	0.012822847321869748
0.4407043802630972	0.013787502926769472
0.4658874877067028	0.014791238222121446
0.4910705951503083	0.01583832134824734
0.5162537025939139	0.01693351142725472
0.5414368100375194	0.018082141548496345
0.5666199174811251	0.019290218399720963
0.5918030249247306	0.020564542652925944
0.6169861323683361	0.021912855433381364
0.6421692398119416	0.023344017770514883
0.6673523472555473	0.024868232256220802
0.6925354546991528	0.026497318838830924
0.7177185621427583	0.028245061104583767
0.7429016695863639	0.03012764508420952
0.7680847770299695	0.032164220694256916
0.793267884473575	0.0343776280044825
0.8184509919171806	0.036795347650128755
0.8436340993607861	0.03945076034459518
0.8688172068043917	0.042384839568635965
0.8940003142479972	0.04564846098752613
0.9191834216916028	0.0493056073585107
0.9443665291352084	0.05343789926842183
0.9695496365788139	0.05815113521002174
0.9947327440224195	0.06358495485031386
1.019915851466025	0.06992749635420153
1.0450989589096307	0.07743829953781459
1.0702820663532362	0.08648532347754453
1.0954651737968417	0.09760712648332784
1.1206482812404472	0.11162199251962625
1.1458313886840528	0.12982912318802206
1.1710144961276583	0.1543998250140817
1.1961976035712638	0.18917707172241138
1.2213807110148696	0.24134162119488123
1.246563818458475	0.324449346477813
1.2717469259020806	0.4590838367932022
1.2969300333456861	0.6455267429775707
1.3221131407892917	0.8212053900317586
1.3472962482328972	0.9414529821239412
1.3724793556765027	1.0184844258744137
1.3976624631201084	1.0708719928186048
1.422845570563714	1.1094512623570307
1.4480286780073195	1.139908737274843
1.473211785450925	1.1653276930458343
1.4983948928945305	1.1874791758370338
1.523578000338136	1.2074399997585035
1.5487611077817416	1.2258988992775344
1.5739442152253473	1.2433163305134787
1.5991273226689529	1.260012358094894
1.6243104301125584	1.2762173525865295
1.649493537556164	1.2921025015913274
1.6746766449997694	1.3077988736574375
1.699859752443375	1.3234097337001511
1.7250428598869807	1.3390187414457149
1.7502259673305862	1.3546955617043699
1.7754090747741917	1.3704998044951218
1.8005921822177973	1.3864838630058494
1.8257752896614028	1.4026950106210636
1.8509583971050083	1.4191769927128
1.8761415045486138	1.4359712710111776
1.9013246119922196	1.4531180288333865
1.926507719435825	1.4706570137556318
1.9516908268794306	1.4886282735263172
1.9768739343230362	1.5070728277476804
2.002057041766642	1.5260333093229885
2.027240149210247	1.5455546046611466
2.052423256653853	1.5656845192679125
2.0776063640974582	1.5864744951451517
2.102789471541064	1.607980408132491
2.1279725789846693	1.6302634772315001
2.153155686428275	1.6533913241040763
2.178338793871881	1.677439230121417
2.203521901315486	1.7024916514146664
2.228705008759092	1.7286440708215811
2.253888116202697	1.7560052915394355
2.279071223646303	1.7847003141354516
2.304254331089908	1.8148739910563918
2.329437438533514	1.846695728702438
2.3546205459771197	1.880365617874915
2.379803653420725	1.9161225368111447
2.4049867608643307	1.9542550139203934
2.430169868307936	1.995115999169437
2.4553529757515418	2.0391432264920013
2.480536083195147	2.0868876041820235
2.505719190638753	2.1390530085530357
2.5309022980823586	2.196551501464531
2.556085405525964	2.260576039926891
2.5812685129695696	2.332678477751604
2.606451620413175	2.414773541689664
2.6316347278567807	2.5086969527336653
2.656817835300386	2.613723218194191
2.6820009427439917	2.716605308554626
2.7071840501875974	2.7729713009270793
2.7323671576312027	2.744570225538353
2.7575502650748085	2.67031161417005
2.782733372518414	2.5945514378129153
2.8079164799620195	2.5305119765179063
2.833099587405625	2.4789891253293592
2.8582826948492306	2.438260988696444
2.8834658022928363	2.4065531055695653
2.9086489097364416	2.382479103074585
2.9338320171800474	2.365040711356218
2.9590151246236527	2.3535566367088716
2.9841982320672584	2.347599610569919
3.0093813395108637	2.3469546550176656
3.0345644469544695	2.35159795765864
3.059747554398075	2.3616945354982124
3.0849306618416805	2.3776144410241407
3.1101137692852863	2.3999690426027045
3.1352968767288916	2.4296688601990124
3.1604799841724973	2.467995809305394
3.185663091616103	2.5166376346326738
3.2108461990597084	2.5774325559546725
3.236029306503314	2.650721355422696
3.2612124139469194	2.7281450909664144
3.286395521390525	2.774054556037499
3.3115786288341305	2.738533604811448
3.336761736277736	2.6419764046602507
3.361944843721342	2.535365426285794
3.3871279511649472	2.4383696388846716
3.412311058608553	2.3534587956194613
3.4374941660521583	2.2790569664045637
3.462677273495764	2.213191416236159
3.4878603809393693	2.154211095950421
3.513043488382975	2.1008383762280163
3.538226595826581	2.052097140712267
3.563409703270186	2.0072363945941625
3.588592810713792	1.9656705681733189
3.613775918157397	1.926936173417496
3.638959025601003	1.890660865059301
3.6641421330446082	1.856541298166069
3.689325240488214	1.8243271169893454
3.7145083479318197	1.7938092226224904
3.739691455375425	1.7648110530952998
3.7648745628190308	1.7371820097336494
3.790057670262636	1.7107924325147255
3.815240777706242	1.685529707826472
3.840423885149847	1.661295214235821
3.865606992593453	1.6380018953342614
3.8907901000370586	1.6155723064059877
3.915973207480664	1.5939370218719284
3.9411563149242697	1.5730333188473917
3.966339422367875	1.5528040722461522
3.9915225298114807	1.5331968111272447
4.016705637255086	1.5141628960598046
4.041888744698691	1.4956567841646151
4.0670718521422975	1.4776353528803454
4.092254959585903	1.4600572557919975
4.117438067029508	1.442882284154973
4.142621174473114	1.4260707059244462
4.16780428191672	1.409582549865201
4.192987389360325	1.3933767948147746
4.218170496803931	1.3774104122061182
4.243353604247536	1.361637191495963
4.268536711691142	1.3460062495979488
4.293719819134747	1.3304600813701104
4.318902926578353	1.314931938827411
4.3440860340219585	1.2993422159354802
4.369269141465564	1.283593334128015
4.39445224890917	1.2675623185549574
4.419635356352775	1.2510897266585619
4.444818463796381	1.2339626454312942
4.470001571239986	1.2158877192638484
4.495184678683592	1.1964467785763366
4.520367786127197	1.175020784272107
4.545550893570803	1.1506532786373287
4.570734001014409	1.121792319231839
4.595917108458014	1.0857761422051222
4.6211002159016195	1.0377638796022526
4.646283323345225	0.9685548673914881
4.671466430788831	0.8614787541464677
4.696649538232436	0.6988753737414037
4.7218326456760416	0.507635642770982
4.747015753119648	0.35766711992602296
4.772198860563253	0.2635612154625304
4.797381968006858	0.20523159127604657
4.822565075450464	0.1669956428575337
4.84774818289407	0.1403864108824023
4.872931290337675	0.12091747569320568
4.89811439778128	0.1060913979146119
4.923297505224887	0.09443491654278369
4.948480612668492	0.08503156029894594
4.973663720112097	0.07728450506840508
4.9988468275557025	0.0707896498089857
5.024029934999309	0.06526416294685569
5.049213042442914	0.060504394653949946
5.074396149886519	0.056360079096216514
5.0995792573301255	0.052717959538953967
5.124762364773731	0.04949107063054971
5.149945472217336	0.04661153087003573
5.175128579660941	0.04402557784965675
5.200311687104548	0.04169007451657735
5.225494794548153	0.039570002889290246
5.250677901991758	0.037636634957575306
5.275861009435364	0.03586617675747062
5.30104411687897	0.034238748861164466
5.326227224322575	0.0327376098414819
5.35141033176618	0.03134855777524515
5.3765934392097865	0.030059463905076748
5.401776546653392	0.02885990562258348
5.426959654096997	0.027740874938617315
5.452142761540603	0.026694544886645945
5.477325868984209	0.02571408090669797
5.502508976427814	0.02479348732151131
5.527692083871419	0.02392748160310925
5.552875191315025	0.02311139064438138
5.578058298758631	0.02234106470536583
5.603241406202236	0.021612805602424134
5.628424513645842	0.02092330645242717
5.6536076210894475	0.02026960085789839
5.678790728533053	0.01964901985128298
5.703973835976658	0.0190591552409854
5.729156943420264	0.018497828268564113
5.75434005086387	0.017963062719537688
5.779523158307475	0.017453061730231815
5.804706265751081	0.016966187742186764
5.829889373194686	0.0165009451066916
5.855072480638292	0.016055964869504044
5.880255588081897	0.015629991609253057
5.905438695525503	0.015221871772639334
5.9306218029691085	0.014830543483559833
5.955804910412714	0.014455027549242216
5.98098801785632	0.014094419509113587
6.006171125299925	0.013747882591341586
6.0313542327435306	0.013414641455162496
6.056537340187136	0.013093976618522848
6.081720447630742	0.012785219477629136
6.106903555074347	0.012487747893668287
6.132086662517953	0.012200982154498356
6.157269769961559	0.011924381429275398
6.182452877405164	0.011657440538404248
6.207635984848769	0.011399687048296412
6.232819092292375	0.011150678649182727
6.258002199735981	0.010910000779607923
6.283185307179586	0.01067726447541467
