        ω                       A(ω)      
--------------------  --------------------
-6.283185307179586	-0.008100982110160266
-6.258002199735981	-0.008238334275536463
-6.232819092292375	-0.008379004048384108
-6.207635984848769	-0.008523097043633474
-6.182452877405164	-0.008670723084061924
-6.157269769961559	-0.008821996402597808
-6.132086662517953	-0.008977035856053282
-6.106903555074347	-0.009135965151029364
-6.081720447630742	-0.009298913082792175
-6.056537340187136	-0.009466013787977734
-6.0313542327435306	-0.009637407012047827
-6.006171125299925	-0.009813238392488962
-5.98098801785632	-0.00999365975882191
-5.955804910412714	-0.010178829450571893
-5.9306218029691085	-0.010368912654438027
-5.905438695525503	-0.010564081761998611
-5.880255588081897	-0.010764516749393193
-5.855072480638292	-0.010970405580538066
-5.829889373194686	-0.01118194463555656
-5.804706265751081	-0.01139933916624159
-5.779523158307475	-0.011622803780517403
-5.75434005086387	-0.011852562958028827
-5.729156943420264	-0.012088851599164596
-5.703973835976658	-0.012331915610015235
-5.678790728533053	-0.01258201252597716
-5.6536076210894475	-0.012839412176949217
-5.628424513645842	-0.013104397397320614
-5.603241406202236	-0.013377264784230201
-5.578058298758631	-0.013658325507883666
-5.552875191315025	-0.013947906178051988
-5.527692083871419	-0.01424634977124736
-5.502508976427814	-0.014554016623478622
-5.477325868984209	-0.014871285493941882
-5.452142761540603	-0.01519855470549558
-5.426959654096997	-0.015536243368319947
-5.401776546653392	-0.015884792693765862
-5.3765934392097865	-0.016244667406069006
-5.35141033176618	-0.016616357260347856
-5.326227224322575	-0.017000378676127484
-5.30104411687897	-0.01739727649654522
-5.275861009435364	-0.017807625884409314
-5.250677901991758	-0.018232034367410704
-5.225494794548153	-0.018671144046047125
-5.200311687104548	-0.019125633979219205
-5.175128579660941	-0.019596222764024365
-5.149945472217336	-0.020083671328023592
-5.124762364773731	-0.020588785954212617
-5.0995792573301255	-0.02111242156112293
-5.074396149886519	-0.021655485262938024
-5.049213042442914	-0.022218940237273305
-5.024029934999309	-0.02280380993137857
-4.9988468275557025	-0.02341118264102315
-4.973663720112097	-0.024042216500274747
-4.948480612668492	-0.024698144924847558
-4.923297505224887	-0.025380282556745133
-4.89811439778128	-0.026090031763646732
-4.872931290337675	-0.02682888975298185
-4.84774818289407	-0.027598456368023803
-4.822565075450464	-0.02840044264174102
-4.797381968006858	-0.029236680193739057
-4.772198860563253	-0.030109131566587833
-4.747015753119648	-0.031019901610376273
-4.7218326456760416	-0.03197125003872984
-4.696649538232436	-0.0329656052960609
-4.671466430788831	-0.03400557989486337
-4.646283323345225	-0.03509398740382492
-4.6211002159016195	-0.03623386129292063
-4.595917108458014	-0.037428475871068685
-4.570734001014409	-0.038681369586074425
-4.545550893570803	-0.03999637099633364
-4.520367786127197	-0.041377627770110975
-4.495184678683592	-0.04282963912240459
-4.470001571239986	-0.04435729216291902
-4.444818463796381	-0.04596590270330361
-4.419635356352775	-0.04766126115974697
-4.39445224890917	-0.04944968429089242
-4.369269141465564	-0.05133807363411556
-4.3440860340219585	-0.05333398164942585
-4.318902926578353	-0.055445686754532125
-4.293719819134747	-0.057682278642945325
-4.268536711691142	-0.06005375552687508
-4.243353604247536	-0.06257113524738624
-4.218170496803931	-0.06524658255741508
-4.192987389360325	-0.06809355532337184
-4.16780428191672	-0.0711269729264785
-4.142621174473114	-0.07436341079892464
-4.117438067029508	-0.07782132583182051
-4.092254959585903	-0.08152131837946579
-4.0670718521422975	-0.08548643780597796
-4.041888744698691	-0.08974254003823111
-4.016705637255086	-0.09431870748437418
-3.9915225298114807	-0.09924774405565352
-3.966339422367875	-0.10456676102974047
-3.9411563149242697	-0.11031787329982519
-3.915973207480664	-0.11654903040956163
-3.8907901000370586	-0.12331501300670186
-3.865606992593453	-0.13067863339937738
-3.840423885149847	-0.13871218936875684
-3.815240777706242	-0.1474992341030614
-3.790057670262636	-0.1571367432080777
-3.7648745628190308	-0.16773778380485763
-3.739691455375425	-0.1794348229799177
-3.7145083479318197	-0.19238385648337078
-3.689325240488214	-0.20676959814109966
-3.6641421330446082	-0.2228120525928275
-3.638959025601003	-0.2407749084464651
-3.613775918157397	-0.2609763502844837
-3.588592810713792	-0.2838031181135444
-3.563409703270186	-0.309728975425831
-3.538226595826581	-0.33933923432736296
-3.513043488382975	-0.37336371088959003
-3.4878603809393693	-0.41272157916978147
-3.462677273495764	-0.4585832768396311
-3.4374941660521583	-0.512457255492139
-3.412311058608553	-0.5763135926799678
-3.3871279511649472	-0.6527633943233431
-3.361944843721342	-0.745324506984474
-3.336761736277736	-0.858824029575002
-3.3115786288341305	-1.000023558264327
-3.286395521390525	-1.178618100463298
-3.2612124139469194	-1.4088831806214988
-3.236029306503314	-1.7124891225618315
-3.2108461990597084	-2.123506300241648
-3.185663091616103	-2.6977160498610644
-3.1604799841724973	-3.530807379368338
-3.1352968767288916	-4.7958078851617625
-3.1101137692852863	-6.823503524732484
-3.0849306618416805	-10.275374470338043
-3.059747554398075	-16.444878113995514
-3.0345644469544695	-27.017884520492235
-3.0093813395108637	-38.57249277680835
-2.9841982320672584	-36.304185122554756
-2.9590151246236527	-23.8820847398063
-2.9338320171800474	-14.511587923661388
-2.9086489097364416	-9.202574794206983
-2.8834658022928363	-6.205559646074479
-2.8582826948492306	-4.41765632497947
-2.833099587405625	-3.285838102864887
-2.8079164799620195	-2.5311286831221453
-2.782733372518414	-2.0055362588188976
-2.7575502650748085	-1.626069555819683
-2.7323671576312027	-1.3437409692766038
-2.7071840501875974	-1.128301930009936
-2.6820009427439917	-0.9603306760002593
-2.656817835300386	-0.8269279304620029
-2.6316347278567807	-0.7192707569172827
-2.606451620413175	-0.6311672740975252
-2.5812685129695696	-0.5581727366610538
-2.556085405525964	-0.49703211678537795
-2.5309022980823586	-0.44531885588610437
-2.505719190638753	-0.40119496301462376
-2.480536083195147	-0.3632481663532542
-2.4553529757515418	-0.3303791609844684
-2.430169868307936	-0.30172213054935193
-2.4049867608643307	-0.2765878028713574
-2.379803653420725	-0.2544220389629456
-2.3546205459771197	-0.23477530474483646
-2.329437438533514	-0.21727988160758738
-2.304254331089908	-0.20163265619079235
-2.279071223646303	-0.18758198374205964
-2.253888116202697	-0.17491756088071517
-2.228705008759092	-0.16346254598903917
-2.203521901315486	-0.15306737543221519
-2.178338793871881	-0.14360487147328388
-2.153155686428275	-0.13496634283025719
-2.1279725789846693	-0.12705845443308603
-2.102789471541064	-0.11980069791160909
-2.0776063640974582	-0.11312333470675633
-2.052423256653853	-0.1069657136036256
-2.027240149210247	-0.10127488683751122
-2.002057041766642	-0.09600446576771961
-1.9768739343230362	-0.09111366990525886
-1.9516908268794306	-0.08656653286565072
-1.926507719435825	-0.08233123635586309
-1.9013246119922196	-0.07837954914933458
-1.8761415045486138	-0.07468635256393653
-1.8509583971050083	-0.07122923753793355
-1.8257752896614028	-0.06798816122547836
-1.8005921822177973	-0.06494515327675414
-1.7754090747741917	-0.0620840637580341
-1.7502259673305862	-0.059390346102413324
-1.7250428598869807	-0.05685086963853916
-1.699859752443375	-0.05445375718075089
-1.6746766449997694	-0.05218824392500709
-1.649493537556164	-0.05004455451616943
-1.6243104301125584	-0.048013795661355246
-1.5991273226689529	-0.046087862082988006
-1.5739442152253473	-0.0442593539511455
-1.5487611077817416	-0.04252150422155276
-1.523578000338136	-0.040868114544050864
-1.4983948928945305	-0.03929349860538216
-1.473211785450925	-0.03779243193672726
-1.4480286780073195	-0.0363601073563279
-1.422845570563714	-0.034992095335361226
-1.3976624631201084	-0.033684308674758086
-1.3724793556765027	-0.03243297096496955
-1.3472962482328972	-0.031234588372289006
-1.3221131407892917	-0.030085924356318055
-1.2969300333456861	-0.02898397697522331
-1.2717469259020806	-0.027925958479985545
-1.246563818458475	-0.026909276937064696
-1.2213807110148696	-0.02593151965177049
-1.1961976035712638	-0.024990438192950205
-1.1710144961276583	-0.0240839348440672
-1.1458313886840528	-0.023210050326914866
-1.1206482812404472	-0.022366952662569828
-1.0954651737968417	-0.0215529270501445
-1.0702820663532362	-0.02076636665778982
-1.0450989589096307	-0.02000576423251615
-1.019915851466025	-0.0192697044459903
-0.9947327440224195	-0.018556856902735907
-0.9695496365788139	-0.017865969745295626
-0.9443665291352084	-0.01719586379805346
-0.9191834216916028	-0.016545427197699712
-0.8940003142479972	-0.01591361046385821
-0.8688172068043917	-0.015299421968282524
-0.8436340993607861	-0.014701923765347942
-0.8184509919171806	-0.014120227750390008
-0.793267884473575	-0.013553492115829988
-0.7680847770299695	-0.01300091807803689
-0.7429016695863639	-0.012461746850550138
-0.7177185621427583	-0.011935256841665923
-0.6925354546991528	-0.011420761056512777
-0.6673523472555473	-0.010917604685631402
-0.6421692398119416	-0.010425162863764671
-0.6169861323683361	-0.009942838584073051
-0.5918030249247306	-0.009470060754341899
-0.5666199174811251	-0.009006282382957913
-0.5414368100375194	-0.008550978883516077
-0.5162537025939139	-0.008103646487892113
-0.4910705951503083	-0.007663800758488595
-0.4658874877067028	-0.007230975191147328
-0.4407043802630972	-0.006804719900925206
-0.4155212728194917	-0.00638460038356445
-0.3903381653758861	-0.005970196346056466
-0.36515505793228054	-0.00556110060021057
-0.339971950488675	-0.005156918013597689
-0.31478884304506943	-0.004757264512651547
-0.2896057356014639	-0.004361766133079163
-0.26442262815785833	-0.003970058113063364
-0.23923952071425278	-0.003581784025035746
-0.21405641327064723	-0.0031965949420612533
-0.18887330582704168	-0.0028141486351097133
-0.16369019838343613	-0.0024341087976957553
-0.13850709093983055	-0.002056144294549747
-0.11332398349622501	-0.0016799284311403266
-0.08814087605261944	-0.0013051382410046045
-0.06295776860901389	-0.0009314537879577812
-0.037774661165408334	-0.0005585574803491844
-0.012591553721802777	-0.00018613339460920997
0.012591553721802777	0.00018613339460920997
0.037774661165408334	0.0005585574803491844
0.06295776860901389	0.0009314537879577812
0.08814087605261944	0.0013051382410046045
0.11332398349622501	0.0016799284311403266
0.13850709093983055	0.002056144294549747
0.16369019838343613	0.0024341087976957553
0.18887330582704168	0.0028141486351097133
0.21405641327064723	0.0031965949420612533
0.23923952071425278	0.003581784025035746
0.26442262815785833	0.003970058113063364
0.2896057356014639	0.004361766133079163
0.31478884304506943	0.004757264512651547
0.339971950488675	0.005156918013597689
0.36515505793228054	0.00556110060021057
0.3903381653758861	0.005970196346056466
0.4155212728194917	0.00638460038356445
0.4407043802630972	0.006804719900925206
0.4658874877067028	0.007230975191147328
0.4910705951503083	0.007663800758488595
0.5162537025939139	0.008103646487892113
0.5414368100375194	0.008550978883516077
0.5666199174811251	0.009006282382957913
0.5918030249247306	0.009470060754341899
0.6169861323683361	0.009942838584073051
0.6421692398119416	0.010425162863764671
0.6673523472555473	0.010917604685631402
0.6925354546991528	0.011420761056512777
0.7177185621427583	0.011935256841665923
0.7429016695863639	0.012461746850550138
0.7680847770299695	0.01300091807803689
0.793267884473575	0.013553492115829988
0.8184509919171806	0.014120227750390008
0.8436340993607861	0.014701923765347942
0.8688172068043917	0.015299421968282524
0.8940003142479972	0.01591361046385821
0.9191834216916028	0.016545427197699712
0.9443665291352084	0.01719586379805346
0.9695496365788139	0.017865969745295626
0.9947327440224195	0.018556856902735907
1.019915851466025	0.0192697044459903
1.0450989589096307	0.02000576423251615
1.0702820663532362	0.02076636665778982
1.0954651737968417	0.0215529270501445
1.1206482812404472	0.022366952662569828
1.1458313886840528	0.023210050326914866
1.1710144961276583	0.0240839348440672
1.1961976035712638	0.024990438192950205
1.2213807110148696	0.02593151965177049
1.246563818458475	0.026909276937064696
1.2717469259020806	0.027925958479985545
1.2969300333456861	0.02898397697522331
1.3221131407892917	0.030085924356318055
1.3472962482328972	0.031234588372289006
1.3724793556765027	0.03243297096496955
1.3976624631201084	0.033684308674758086
1.422845570563714	0.034992095335361226
1.4480286780073195	0.0363601073563279
1.473211785450925	0.03779243193672726
1.4983948928945305	0.03929349860538216
1.523578000338136	0.040868114544050864
1.5487611077817416	0.04252150422155276
1.5739442152253473	0.0442593539511455
1.5991273226689529	0.046087862082988006
1.6243104301125584	0.048013795661355246
1.649493537556164	0.05004455451616943
1.6746766449997694	0.05218824392500709
1.699859752443375	0.05445375718075089
1.7250428598869807	0.05685086963853916
1.7502259673305862	0.059390346102413324
1.7754090747741917	0.0620840637580341
1.8005921822177973	0.06494515327675414
1.8257752896614028	0.06798816122547836
1.8509583971050083	0.07122923753793355
1.8761415045486138	0.07468635256393653
1.9013246119922196	0.07837954914933458
1.926507719435825	0.08233123635586309
1.9516908268794306	0.08656653286565072
1.9768739343230362	0.09111366990525886
2.002057041766642	0.09600446576771961
2.027240149210247	0.10127488683751122
2.052423256653853	0.1069657136036256
2.0776063640974582	0.11312333470675633
2.102789471541064	0.11980069791160909
2.1279725789846693	0.12705845443308603
2.153155686428275	0.13496634283025719
2.178338793871881	0.14360487147328388
2.203521901315486	0.15306737543221519
2.228705008759092	0.16346254598903917
2.253888116202697	0.17491756088071517
2.279071223646303	0.18758198374205964
2.304254331089908	0.20163265619079235
2.329437438533514	0.21727988160758738
2.3546205459771197	0.23477530474483646
2.379803653420725	0.2544220389629456
2.4049867608643307	0.2765878028713574
2.430169868307936	0.30172213054935193
2.4553529757515418	0.3303791609844684
2.480536083195147	0.3632481663532542
2.505719190638753	0.40119496301462376
2.5309022980823586	0.44531885588610437
2.556085405525964	0.49703211678537795
2.5812685129695696	0.5581727366610538
2.606451620413175	0.6311672740975252
2.6316347278567807	0.7192707569172827
2.656817835300386	0.8269279304620029
2.6820009427439917	0.9603306760002593
2.7071840501875974	1.128301930009936
2.7323671576312027	1.3437409692766038
2.7575502650748085	1.626069555819683
2.782733372518414	2.0055362588188976
2.8079164799620195	2.5311286831221453
2.833099587405625	3.285838102864887
2.8582826948492306	4.41765632497947
2.8834658022928363	6.205559646074479
2.9086489097364416	9.202574794206983
2.9338320171800474	14.511587923661388
2.9590151246236527	23.8820847398063
2.9841982320672584	36.304185122554756
3.0093813395108637	38.57249277680835
3.0345644469544695	27.017884520492235
3.059747554398075	16.444878113995514
3.0849306618416805	10.275374470338043
3.1101137692852863	6.823503524732484
3.1352968767288916	4.7958078851617625
3.1604799841724973	3.530807379368338
3.185663091616103	2.6977160498610644
3.2108461990597084	2.123506300241648
3.236029306503314	1.7124891225618315
3.2612124139469194	1.4088831806214988
3.286395521390525	1.178618100463298
3.3115786288341305	1.000023558264327
3.336761736277736	0.858824029575002
3.361944843721342	0.745324506984474
3.3871279511649472	0.6527633943233431
3.412311058608553	0.5763135926799678
3.4374941660521583	0.512457255492139
3.462677273495764	0.4585832768396311
3.4878603809393693	0.41272157916978147
3.513043488382975	0.37336371088959003
3.538226595826581	0.33933923432736296
3.563409703270186	0.309728975425831
3.588592810713792	0.2838031181135444
3.613775918157397	0.2609763502844837
3.638959025601003	0.2407749084464651
3.6641421330446082	0.2228120525928275
3.689325240488214	0.20676959814109966
3.7145083479318197	0.19238385648337078
3.739691455375425	0.1794348229799177
3.7648745628190308	0.16773778380485763
3.790057670262636	0.1571367432080777
3.815240777706242	0.1474992341030614
3.840423885149847	0.13871218936875684
3.865606992593453	0.13067863339937738
3.8907901000370586	0.12331501300670186
3.915973207480664	0.11654903040956163
3.9411563149242697	0.11031787329982519
3.966339422367875	0.10456676102974047
3.9915225298114807	0.09924774405565352
4.016705637255086	0.09431870748437418
4.041888744698691	0.08974254003823111
4.0670718521422975	0.08548643780597796
4.092254959585903	0.08152131837946579
4.117438067029508	0.07782132583182051
4.142621174473114	0.07436341079892464
4.16780428191672	0.0711269729264785
4.192987389360325	0.06809355532337184
4.218170496803931	0.06524658255741508
4.243353604247536	0.06257113524738624
4.268536711691142	0.06005375552687508
4.293719819134747	0.057682278642945325
4.318902926578353	0.055445686754532125
4.3440860340219585	0.05333398164942585
4.369269141465564	0.05133807363411556
4.39445224890917	0.04944968429089242
4.419635356352775	0.04766126115974697
4.444818463796381	0.04596590270330361
4.470001571239986	0.04435729216291902
4.495184678683592	0.04282963912240459
4.520367786127197	0.041377627770110975
4.545550893570803	0.03999637099633364
4.570734001014409	0.038681369586074425
4.595917108458014	0.037428475871068685
4.6211002159016195	0.03623386129292063
4.646283323345225	0.03509398740382492
4.671466430788831	0.03400557989486337
4.696649538232436	0.0329656052960609
4.7218326456760416	0.03197125003872984
4.747015753119648	0.031019901610376273
4.772198860563253	0.030109131566587833
4.797381968006858	0.029236680193739057
4.822565075450464	0.02840044264174102
4.84774818289407	0.027598456368023803
4.872931290337675	0.02682888975298185
4.89811439778128	0.026090031763646732
4.923297505224887	0.025380282556745133
4.948480612668492	0.024698144924847558
4.973663720112097	0.024042216500274747
4.9988468275557025	0.02341118264102315
5.024029934999309	0.02280380993137857
5.049213042442914	0.022218940237273305
5.074396149886519	0.021655485262938024
5.0995792573301255	0.02111242156112293
5.124762364773731	0.020588785954212617
5.149945472217336	0.020083671328023592
5.175128579660941	0.019596222764024365
5.200311687104548	0.019125633979219205
5.225494794548153	0.018671144046047125
5.250677901991758	0.018232034367410704
5.275861009435364	0.017807625884409314
5.30104411687897	0.01739727649654522
5.326227224322575	0.017000378676127484
5.35141033176618	0.016616357260347856
5.3765934392097865	0.016244667406069006
5.401776546653392	0.015884792693765862
5.426959654096997	0.015536243368319947
5.452142761540603	0.01519855470549558
5.477325868984209	0.014871285493941882
5.502508976427814	0.014554016623478622
5.527692083871419	0.01424634977124736
5.552875191315025	0.013947906178051988
5.578058298758631	0.013658325507883666
5.603241406202236	0.013377264784230201
5.628424513645842	0.013104397397320614
5.6536076210894475	0.012839412176949217
5.678790728533053	0.01258201252597716
5.703973835976658	0.012331915610015235
5.729156943420264	0.012088851599164596
5.75434005086387	0.011852562958028827
5.779523158307475	0.011622803780517403
5.804706265751081	0.01139933916624159
5.829889373194686	0.01118194463555656
5.855072480638292	0.010970405580538066
5.880255588081897	0.010764516749393193
5.905438695525503	0.010564081761998611
5.9306218029691085	0.010368912654438027
5.955804910412714	0.010178829450571893
5.98098801785632	0.00999365975882191
6.006171125299925	0.009813238392488962
6.0313542327435306	0.009637407012047827
6.056537340187136	0.009466013787977734
6.081720447630742	0.009298913082792175
6.106903555074347	0.009135965151029364
6.132086662517953	0.008977035856053282
6.157269769961559	0.008821996402597808
6.182452877405164	0.008670723084061924
6.207635984848769	0.008523097043633474
6.232819092292375	0.008379004048384108
6.258002199735981	0.008238334275536463
6.283185307179586	0.008100982110160266
