        ω                       A(ω)      
--------------------  --------------------
-6.283185307179586	-0.0
-6.258002199735981	-0.0
-6.232819092292375	-0.0
-6.207635984848769	-0.0
-6.182452877405164	-0.0
-6.157269769961559	-0.0
-6.132086662517953	-0.0
-6.106903555074347	-0.0
-6.081720447630742	-0.0
-6.056537340187136	-0.0
-6.0313542327435306	-0.0
-6.006171125299925	-0.0
-5.98098801785632	-0.0
-5.955804910412714	-0.0
-5.9306218029691085	-0.0
-5.905438695525503	-0.0
-5.880255588081897	-0.0
-5.855072480638292	-0.0
-5.829889373194686	-0.0
-5.804706265751081	-0.0
-5.779523158307475	-0.0
-5.75434005086387	-0.0
-5.729156943420264	-0.0
-5.703973835976658	-0.0
-5.678790728533053	-0.0
-5.6536076210894475	-0.0
-5.628424513645842	-0.0
-5.603241406202236	-0.0
-5.578058298758631	-0.0
-5.552875191315025	-0.0
-5.527692083871419	-0.0
-5.502508976427814	-0.0
-5.477325868984209	-0.0
-5.452142761540603	-0.0
-5.426959654096997	-0.0
-5.401776546653392	-0.0
-5.3765934392097865	-0.0
-5.35141033176618	-0.0
-5.326227224322575	-0.0
-5.30104411687897	-0.0
-5.275861009435364	-0.0
-5.250677901991758	-0.0
-5.225494794548153	-0.0
-5.200311687104548	-0.0
-5.175128579660941	-0.0
-5.149945472217336	-0.0
-5.124762364773731	-0.0
-5.0995792573301255	-0.0
-5.074396149886519	-0.0
-5.049213042442914	-0.0
-5.024029934999309	-0.0
-4.9988468275557025	-0.0
-4.973663720112097	-0.0
-4.948480612668492	-0.0
-4.923297505224887	-0.0
-4.89811439778128	-0.0
-4.872931290337675	-0.0
-4.84774818289407	-0.0
-4.822565075450464	-0.0
-4.797381968006858	-0.0
-4.772198860563253	-0.0
-4.747015753119648	-0.0
-4.7218326456760416	-0.0
-4.696649538232436	-0.0
-4.671466430788831	-0.0
-4.646283323345225	-0.0
-4.6211002159016195	-0.0
-4.595917108458014	-0.0
-4.570734001014409	-0.0
-4.545550893570803	-0.0
-4.520367786127197	-0.0
-4.495184678683592	-0.0
-4.470001571239986	-0.0
-4.444818463796381	-0.0
-4.419635356352775	-0.0
-4.39445224890917	-0.0
-4.369269141465564	-0.0
-4.3440860340219585	-0.0
-4.318902926578353	-0.0
-4.293719819134747	-0.0
-4.268536711691142	-0.0
-4.243353604247536	-0.0
-4.218170496803931	-0.0
-4.192987389360325	-0.0
-4.16780428191672	-0.0
-4.142621174473114	-0.0
-4.117438067029508	-0.0
-4.092254959585903	-0.0
-4.0670718521422975	-0.0
-4.041888744698691	-0.0
-4.016705637255086	-0.0
-3.9915225298114807	-0.0
-3.966339422367875	-0.0
-3.9411563149242697	-0.0
-3.915973207480664	-0.0
-3.8907901000370586	-0.0
-3.865606992593453	-0.0
-3.840423885149847	-0.0
-3.815240777706242	-0.0
-3.790057670262636	-0.0
-3.7648745628190308	-0.0
-3.739691455375425	-0.0
-3.7145083479318197	-0.0
-3.689325240488214	-0.0
-3.6641421330446082	-0.0
-3.638959025601003	-0.0
-3.613775918157397	-0.0
-3.588592810713792	-0.0
-3.563409703270186	-0.0
-3.538226595826581	-0.0
-3.513043488382975	-0.0
-3.4878603809393693	-0.0
-3.462677273495764	-0.0
-3.4374941660521583	-0.0
-3.412311058608553	-0.0
-3.3871279511649472	-0.0
-3.361944843721342	-0.0
-3.336761736277736	-0.0
-3.3115786288341305	-0.0
-3.286395521390525	-0.0
-3.2612124139469194	-0.0
-3.236029306503314	-0.0
-3.2108461990597084	-0.0
-3.185663091616103	-0.0
-3.1604799841724973	-0.0
-3.1352968767288916	-0.0
-3.1101137692852863	-0.0
-3.0849306618416805	-0.0
-3.059747554398075	-0.0
-3.0345644469544695	-0.0
-3.0093813395108637	-0.0
-2.9841982320672584	-0.0
-2.9590151246236527	-0.0
-2.9338320171800474	-0.0
-2.9086489097364416	-0.0
-2.8834658022928363	-0.0
-2.8582826948492306	-0.0
-2.833099587405625	-0.0
-2.8079164799620195	-0.0
-2.782733372518414	-0.0
-2.7575502650748085	-0.0
-2.7323671576312027	-0.0
-2.7071840501875974	-0.0
-2.6820009427439917	-0.0
-2.656817835300386	-0.0
-2.6316347278567807	-0.0
-2.606451620413175	-0.0
-2.5812685129695696	-0.0
-2.556085405525964	-0.0
-2.5309022980823586	-0.0
-2.505719190638753	-0.0
-2.480536083195147	-0.0
-2.4553529757515418	-0.0
-2.430169868307936	-0.0
-2.4049867608643307	-0.0
-2.379803653420725	-0.0
-2.3546205459771197	-0.0
-2.329437438533514	-0.0
-2.304254331089908	-0.0
-2.279071223646303	-0.0
-2.253888116202697	-0.0
-2.228705008759092	-0.0
-2.203521901315486	-0.0
-2.178338793871881	-0.0
-2.153155686428275	-0.0
-2.1279725789846693	-0.0
-2.102789471541064	-0.0
-2.0776063640974582	-0.0
-2.052423256653853	-0.0
-2.027240149210247	-0.0
-2.002057041766642	-0.0
-1.9768739343230362	-0.0
-1.9516908268794306	-0.0
-1.926507719435825	-0.0
-1.9013246119922196	-0.0
-1.8761415045486138	-0.0
-1.8509583971050083	-0.0
-1.8257752896614028	-0.0
-1.8005921822177973	-0.0
-1.7754090747741917	-0.0
-1.7502259673305862	-0.0
-1.7250428598869807	-0.0
-1.699859752443375	-0.0
-1.6746766449997694	-0.0
-1.649493537556164	-0.0
-1.6243104301125584	-0.0
-1.5991273226689529	-0.0
-1.5739442152253473	-0.0
-1.5487611077817416	-0.0
-1.523578000338136	-0.0
-1.4983948928945305	-0.0
-1.473211785450925	-0.0
-1.4480286780073195	-0.0
-1.422845570563714	-0.0
-1.3976624631201084	-0.0
-1.3724793556765027	-0.0
-1.3472962482328972	-0.0
-1.3221131407892917	-0.0
-1.2969300333456861	-0.0
-1.2717469259020806	-0.0
-1.246563818458475	-0.0
-1.2213807110148696	-0.0
-1.1961976035712638	-0.0
-1.1710144961276583	-0.0
-1.1458313886840528	-0.0
-1.1206482812404472	-0.0
-1.0954651737968417	-0.0
-1.0702820663532362	-0.0
-1.0450989589096307	-0.0
-1.019915851466025	-0.0
-0.9947327440224195	-0.0
-0.9695496365788139	-0.0
-0.9443665291352084	-0.0
-0.9191834216916028	-0.0
-0.8940003142479972	-0.0
-0.8688172068043917	-0.0
-0.8436340993607861	-0.0
-0.8184509919171806	-0.0
-0.793267884473575	-0.0
-0.7680847770299695	-0.0
-0.7429016695863639	-0.0
-0.7177185621427583	-0.0
-0.6925354546991528	-0.0
-0.6673523472555473	-0.0
-0.6421692398119416	-0.0
-0.6169861323683361	-0.0
-0.5918030249247306	-0.0
-0.5666199174811251	-0.0
-0.5414368100375194	-0.0
-0.5162537025939139	-0.0
-0.4910705951503083	-0.0
-0.4658874877067028	-0.0
-0.4407043802630972	-0.0
-0.4155212728194917	-0.0
-0.3903381653758861	-0.0
-0.36515505793228054	-0.0
-0.339971950488675	-0.0
-0.31478884304506943	-0.0
-0.2896057356014639	-0.0
-0.26442262815785833	-0.0
-0.23923952071425278	-0.0
-0.21405641327064723	-0.0
-0.18887330582704168	-0.0
-0.16369019838343613	-0.0
-0.13850709093983055	-0.0
-0.11332398349622501	-0.0
-0.08814087605261944	-0.0
-0.06295776860901389	-0.0
-0.037774661165408334	-0.0
-0.012591553721802777	-0.0
0.012591553721802777	-0.0
0.037774661165408334	-0.0
0.06295776860901389	-0.0
0.08814087605261944	-0.0
0.11332398349622501	-0.0
0.13850709093983055	-0.0
0.16369019838343613	-0.0
0.18887330582704168	-0.0
0.21405641327064723	-0.0
0.23923952071425278	-0.0
0.26442262815785833	-0.0
0.2896057356014639	-0.0
0.31478884304506943	-0.0
0.339971950488675	-0.0
0.36515505793228054	-0.0
0.3903381653758861	-0.0
0.4155212728194917	-0.0
0.4407043802630972	-0.0
0.4658874877067028	-0.0
0.4910705951503083	-0.0
0.5162537025939139	-0.0
0.5414368100375194	-0.0
0.5666199174811251	-0.0
0.5918030249247306	-0.0
0.6169861323683361	-0.0
0.6421692398119416	-0.0
0.6673523472555473	-0.0
0.6925354546991528	-0.0
0.7177185621427583	-0.0
0.7429016695863639	-0.0
0.7680847770299695	-0.0
0.793267884473575	-0.0
0.8184509919171806	-0.0
0.8436340993607861	-0.0
0.8688172068043917	-0.0
0.8940003142479972	-0.0
0.9191834216916028	-0.0
0.9443665291352084	-0.0
0.9695496365788139	-0.0
0.9947327440224195	-0.0
1.019915851466025	-0.0
1.0450989589096307	-0.0
1.0702820663532362	-0.0
1.0954651737968417	-0.0
1.1206482812404472	-0.0
1.1458313886840528	-0.0
1.1710144961276583	-0.0
1.1961976035712638	-0.0
1.2213807110148696	-0.0
1.246563818458475	-0.0
1.2717469259020806	-0.0
1.2969300333456861	-0.0
1.3221131407892917	-0.0
1.3472962482328972	-0.0
1.3724793556765027	-0.0
1.3976624631201084	-0.0
1.422845570563714	-0.0
1.4480286780073195	-0.0
1.473211785450925	-0.0
1.4983948928945305	-0.0
1.523578000338136	-0.0
1.5487611077817416	-0.0
1.5739442152253473	-0.0
1.5991273226689529	-0.0
1.6243104301125584	-0.0
1.649493537556164	-0.0
1.6746766449997694	-0.0
1.699859752443375	-0.0
1.7250428598869807	-0.0
1.7502259673305862	-0.0
1.7754090747741917	-0.0
1.8005921822177973	-0.0
1.8257752896614028	-0.0
1.8509583971050083	-0.0
1.8761415045486138	-0.0
1.9013246119922196	-0.0
1.926507719435825	-0.0
1.9516908268794306	-0.0
1.9768739343230362	-0.0
2.002057041766642	-0.0
2.027240149210247	-0.0
2.052423256653853	-0.0
2.0776063640974582	-0.0
2.102789471541064	-0.0
2.1279725789846693	-0.0
2.153155686428275	-0.0
2.178338793871881	-0.0
2.203521901315486	-0.0
2.228705008759092	-0.0
2.253888116202697	-0.0
2.279071223646303	-0.0
2.304254331089908	-0.0
2.329437438533514	-0.0
2.3546205459771197	-0.0
2.379803653420725	-0.0
2.4049867608643307	-0.0
2.430169868307936	-0.0
2.4553529757515418	-0.0
2.480536083195147	-0.0
2.505719190638753	-0.0
2.5309022980823586	-0.0
2.556085405525964	-0.0
2.5812685129695696	-0.0
2.606451620413175	-0.0
2.6316347278567807	-0.0
2.656817835300386	-0.0
2.6820009427439917	-0.0
2.7071840501875974	-0.0
2.7323671576312027	-0.0
2.7575502650748085	-0.0
2.782733372518414	-0.0
2.8079164799620195	-0.0
2.833099587405625	-0.0
2.8582826948492306	-0.0
2.8834658022928363	-0.0
2.9086489097364416	-0.0
2.9338320171800474	-0.0
2.9590151246236527	-0.0
2.9841982320672584	-0.0
3.0093813395108637	-0.0
3.0345644469544695	-0.0
3.059747554398075	-0.0
3.0849306618416805	-0.0
3.1101137692852863	-0.0
3.1352968767288916	-0.0
3.1604799841724973	-0.0
3.185663091616103	-0.0
3.2108461990597084	-0.0
3.236029306503314	-0.0
3.2612124139469194	-0.0
3.286395521390525	-0.0
3.3115786288341305	-0.0
3.336761736277736	-0.0
3.361944843721342	-0.0
3.3871279511649472	-0.0
3.412311058608553	-0.0
3.4374941660521583	-0.0
3.462677273495764	-0.0
3.4878603809393693	-0.0
3.513043488382975	-0.0
3.538226595826581	-0.0
3.563409703270186	-0.0
3.588592810713792	-0.0
3.613775918157397	-0.0
3.638959025601003	-0.0
3.6641421330446082	-0.0
3.689325240488214	-0.0
3.7145083479318197	-0.0
3.739691455375425	-0.0
3.7648745628190308	-0.0
3.790057670262636	-0.0
3.815240777706242	-0.0
3.840423885149847	-0.0
3.865606992593453	-0.0
3.8907901000370586	-0.0
3.915973207480664	-0.0
3.9411563149242697	-0.0
3.966339422367875	-0.0
3.9915225298114807	-0.0
4.016705637255086	-0.0
4.041888744698691	-0.0
4.0670718521422975	-0.0
4.092254959585903	-0.0
4.117438067029508	-0.0
4.142621174473114	-0.0
4.16780428191672	-0.0
4.192987389360325	-0.0
4.218170496803931	-0.0
4.243353604247536	-0.0
4.268536711691142	-0.0
4.293719819134747	-0.0
4.318902926578353	-0.0
4.3440860340219585	-0.0
4.369269141465564	-0.0
4.39445224890917	-0.0
4.419635356352775	-0.0
4.444818463796381	-0.0
4.470001571239986	-0.0
4.495184678683592	-0.0
4.520367786127197	-0.0
4.545550893570803	-0.0
4.570734001014409	-0.0
4.595917108458014	-0.0
4.6211002159016195	-0.0
4.646283323345225	-0.0
4.671466430788831	-0.0
4.696649538232436	-0.0
4.7218326456760416	-0.0
4.747015753119648	-0.0
4.772198860563253	-0.0
4.797381968006858	-0.0
4.822565075450464	-0.0
4.84774818289407	-0.0
4.872931290337675	-0.0
4.89811439778128	-0.0
4.923297505224887	-0.0
4.948480612668492	-0.0
4.973663720112097	-0.0
4.9988468275557025	-0.0
5.024029934999309	-0.0
5.049213042442914	-0.0
5.074396149886519	-0.0
5.0995792573301255	-0.0
5.124762364773731	-0.0
5.149945472217336	-0.0
5.175128579660941	-0.0
5.200311687104548	-0.0
5.225494794548153	-0.0
5.250677901991758	-0.0
5.275861009435364	-0.0
5.30104411687897	-0.0
5.326227224322575	-0.0
5.35141033176618	-0.0
5.3765934392097865	-0.0
5.401776546653392	-0.0
5.426959654096997	-0.0
5.452142761540603	-0.0
5.477325868984209	-0.0
5.502508976427814	-0.0
5.527692083871419	-0.0
5.552875191315025	-0.0
5.578058298758631	-0.0
5.603241406202236	-0.0
5.628424513645842	-0.0
5.6536076210894475	-0.0
5.678790728533053	-0.0
5.703973835976658	-0.0
5.729156943420264	-0.0
5.75434005086387	-0.0
5.779523158307475	-0.0
5.804706265751081	-0.0
5.829889373194686	-0.0
5.855072480638292	-0.0
5.880255588081897	-0.0
5.905438695525503	-0.0
5.9306218029691085	-0.0
5.955804910412714	-0.0
5.98098801785632	-0.0
6.006171125299925	-0.0
6.0313542327435306	-0.0
6.056537340187136	-0.0
6.081720447630742	-0.0
6.106903555074347	-0.0
6.132086662517953	-0.0
6.157269769961559	-0.0
6.182452877405164	-0.0
6.207635984848769	-0.0
6.232819092292375	-0.0
6.258002199735981	-0.0
6.283185307179586	-0.0
