        ω                       A(ω)      
--------------------  --------------------
-6.283185307179586	-0.0004990502095134719
-6.258002199735981	-0.0005056461992382774
-6.232819092292375	-0.0005123614278449934
-6.207635984848769	-0.0005191986570193989
-6.182452877405164	-0.0005261607270354966
-6.157269769961559	-0.0005332505594232426
-6.132086662517953	-0.000540471159742825
-6.106903555074347	-0.0005478256204687628
-6.081720447630742	-0.0005553171239901511
-6.056537340187136	-0.0005629489457303091
-6.0313542327435306	-0.0005707244573959392
-6.006171125299925	-0.0005786471303559081
-5.98098801785632	-0.0005867205391593413
-5.955804910412714	-0.0005949483651996097
-5.9306218029691085	-0.0006033344005294301
-5.905438695525503	-0.0006118825518356225
-5.880255588081897	-0.0006205968445805613
-5.855072480638292	-0.0006294814273186332
-5.829889373194686	-0.00063854057619604
-5.804706265751081	-0.000647778699642861
-5.779523158307475	-0.0006572003432671735
-5.75434005086387	-0.0006668101949606882
-5.729156943420264	-0.0006766130902267479
-5.703973835976658	-0.0006866140177419133
-5.678790728533053	-0.0006968181251625246
-5.6536076210894475	-0.0007072307251890488
-5.628424513645842	-0.0007178573019013672
-5.603241406202236	-0.0007287035173783055
-5.578058298758631	-0.0007397752186168668
-5.552875191315025	-0.0007510784447666689
-5.527692083871419	-0.0007626194346953769
-5.502508976427814	-0.0007744046349036534
-5.477325868984209	-0.0007864407078070469
-5.452142761540603	-0.0007987345404057195
-5.426959654096997	-0.0008112932533616079
-5.401776546653392	-0.000824124210506023
-5.3765934392097865	-0.0008372350288007572
-5.35141033176618	-0.0008506335887779416
-5.326227224322575	-0.0008643280454843453
-5.30104411687897	-0.0008783268399598017
-5.275861009435364	-0.0008926387112777682
-5.250677901991758	-0.0009072727091816452
-5.225494794548153	-0.0009222382073495719
-5.200311687104548	-0.0009375449173242009
-5.175128579660941	-0.0009532029031461948
-5.149945472217336	-0.0009692225967316948
-5.124762364773731	-0.0009856148140385689
-5.0995792573301255	-0.0010023907720663437
-5.074396149886519	-0.0010195621067416222
-5.049213042442914	-0.0010371408917395422
-5.024029934999309	-0.0010551396583041973
-4.9988468275557025	-0.0010735714161153624
-4.973663720112097	-0.0010924496752837817
-4.948480612668492	-0.0011117884695310658
-4.923297505224887	-0.0011316023806347715
-4.89811439778128	-0.0011519065642152757
-4.872931290337675	-0.0011727167769534244
-4.84774818289407	-0.001194049405325968
-4.822565075450464	-0.0012159214959604195
-4.797381968006858	-0.001238350787713003
-4.772198860563253	-0.0012613557455837528
-4.747015753119648	-0.001284955596589808
-4.7218326456760416	-0.00130917036772819
-4.696649538232436	-0.0013340209261689673
-4.671466430788831	-0.001359529021829966
-4.646283323345225	-0.0013857173324976983
-4.6211002159016195	-0.001412609511669512
-4.595917108458014	-0.001440230239306323
-4.570734001014409	-0.001468605275629843
-4.545550893570803	-0.001497761518640042
-4.520367786127197	-0.0015277270644425602
-4.495184678683592	-0.0015585312721867397
-4.470001571239986	-0.001590204832737737
-4.444818463796381	-0.0016227798418475023
-4.419635356352775	-0.0016562898781797878
-4.39445224890917	-0.0016907700860065143
-4.369269141465564	-0.001726257264262078
-4.3440860340219585	-0.0017627899606853625
-4.318902926578353	-0.0018004085727686228
-4.293719819134747	-0.0018391554555119243
-4.268536711691142	-0.0018790750366162253
-4.243353604247536	-0.0019202139397116588
-4.218170496803931	-0.0019626211162718397
-4.192987389360325	-0.0020063479869277187
-4.16780428191672	-0.0020514485929592936
-4.142621174473114	-0.0020979797588217795
-4.117438067029508	-0.002146001266631885
-4.092254959585903	-0.0021955760436558783
-4.0670718521422975	-0.0022467703639139545
-4.041888744698691	-0.002299654065142862
-4.016705637255086	-0.0023543007824896206
-3.9915225298114807	-0.002410788200427511
-3.966339422367875	-0.0024691983245607074
-3.9411563149242697	-0.002529617775147912
-3.915973207480664	-0.002592138104371039
-3.8907901000370586	-0.0026568561395940004
-3.865606992593453	-0.002723874355088317
-3.840423885149847	-0.002793301274996068
-3.815240777706242	-0.002865251910619716
-3.790057670262636	-0.002939848235394076
-3.7648745628190308	-0.003017219701407846
-3.739691455375425	-0.0030975038016874176
-3.7145083479318197	-0.003180846683021119
-3.689325240488214	-0.003267403814611087
-3.6641421330446082	-0.0033573407185376212
-3.638959025601003	-0.0034508337687272463
-3.613775918157397	-0.003548071065957953
-3.588592810713792	-0.0036492533973972235
-3.563409703270186	-0.0037545952902537324
-3.538226595826581	-0.0038643261703907735
-3.513043488382975	-0.003978691638178545
-3.4878603809393693	-0.004097954875554706
-3.462677273495764	-0.004222398200112273
-3.4374941660521583	-0.004352324784367165
-3.412311058608553	-0.004488060560817191
-3.3871279511649472	-0.004629956336465018
-3.361944843721342	-0.0047783901439408544
-3.336761736277736	-0.004933769860488976
-3.3115786288341305	-0.005096536130751607
-3.286395521390525	-0.00526716563502191
-3.2612124139469194	-0.005446174751183016
-3.236029306503314	-0.0056341236663785925
-3.2108461990597084	-0.0058316210037730465
-3.185663091616103	-0.0060393290407597085
-3.1604799841724973	-0.006257969608170926
-3.1352968767288916	-0.006488330775815189
-3.1101137692852863	-0.006731274448659884
-3.0849306618416805	-0.006987745020938871
-3.059747554398075	-0.007258779263041924
-3.0345644469544695	-0.0075455176500927685
-3.0093813395108637	-0.007849217382261105
-2.9841982320672584	-0.008171267397559308
-2.9590151246236527	-0.008513205740503146
-2.9338320171800474	-0.008876739727521484
-2.9086489097364416	-0.009263769446772117
-2.8834658022928363	-0.009676415251094281
-2.8582826948492306	-0.01011705005567723
-2.833099587405625	-0.010588337445734978
-2.8079164799620195	-0.011093276846829595
-2.782733372518414	-0.01163525732835426
-2.7575502650748085	-0.012218122022055309
-2.7323671576312027	-0.01284624567439504
-2.7071840501875974	-0.013524628556975
-2.6820009427439917	-0.014259010895159812
-2.656817835300386	-0.01505601322768037
-2.6316347278567807	-0.015923309802049986
-2.606451620413175	-0.01686984442204425
-2.5812685129695696	-0.01790610135347627
-2.556085405525964	-0.01904444835286088
-2.5309022980823586	-0.020299575191698647
-2.505719190638753	-0.021689060100551796
-2.480536083195147	-0.02323410974016938
-2.4553529757515418	-0.02496053781794643
-2.430169868307936	-0.02690007685957637
-2.4049867608643307	-0.029092162776610864
-2.379803653420725	-0.031586402636828645
-2.3546205459771197	-0.034446049593768714
-2.329437438533514	-0.03775299580802617
-2.304254331089908	-0.04161511048748196
-2.279071223646303	-0.04617730239220302
-2.253888116202697	-0.05163868405185548
-2.228705008759092	-0.05828008843032207
-2.203521901315486	-0.06650985738034233
-2.178338793871881	-0.07694334082060751
-2.153155686428275	-0.09054770821983854
-2.1279725789846693	-0.10891995497552943
-2.102789471541064	-0.13484908856978017
-2.0776063640974582	-0.17348957407264273
-2.052423256653853	-0.2346422799248791
-2.027240149210247	-0.33473799747935706
-2.002057041766642	-0.4825714964048494
-1.9768739343230362	-0.6366804366088175
-1.9516908268794306	-0.7472870833444943
-1.926507719435825	-0.8171524584868882
-1.9013246119922196	-0.8629552431878633
-1.8761415045486138	-0.8953055195537395
-1.8509583971050083	-0.9197933290261444
-1.8257752896614028	-0.9394100031303979
-1.8005921822177973	-0.9558457237035862
-1.7754090747741917	-0.9701106385997001
-1.7502259673305862	-0.9828391066206628
-1.7250428598869807	-0.9944464005392952
-1.699859752443375	-1.0052137554480869
-1.6746766449997694	-1.0153367861434295
-1.649493537556164	-1.0249542154055664
-1.6243104301125584	-1.0341655151016762
-1.5991273226689529	-1.0430420274004524
-1.5739442152253473	-1.0516340872170744
-1.5487611077817416	-1.0599755809099798
-1.523578000338136	-1.068086772708676
-1.4983948928945305	-1.0759758768707888
-1.473211785450925	-1.0836396311372654
-1.4480286780073195	-1.0910629701846148
-1.422845570563714	-1.0982177658156824
-1.3976624631201084	-1.1050604618094988
-1.3724793556765027	-1.1115282514009084
-1.3472962482328972	-1.1175331747216046
-1.3221131407892917	-1.1229530668087657
-1.2969300333456861	-1.1276175033610407
-1.2717469259020806	-1.1312854556398686
-1.246563818458475	-1.1336086462379114
-1.2213807110148696	-1.1340693424507577
-1.1961976035712638	-1.1318711954420217
-1.1710144961276583	-1.125743096195875
-1.1458313886840528	-1.1135866069807432
-1.1206482812404472	-1.0918729481137996
-1.0954651737968417	-1.0547731187706577
-1.0702820663532362	-0.9935196680964539
-1.0450989589096307	-0.8980182855021588
-1.019915851466025	-0.7642273217283516
-0.9947327440224195	-0.6053939275436632
-0.9695496365788139	-0.451073945759965
-0.9443665291352084	-0.3265461116886522
-0.9191834216916028	-0.23812571331397223
-0.8940003142479972	-0.17890277534456628
-0.8688172068043917	-0.1393777952312783
-0.8436340993607861	-0.11225707295161666
-0.8184509919171806	-0.09289772700524784
-0.793267884473575	-0.0785198874702834
-0.7680847770299695	-0.06746341833125871
-0.7429016695863639	-0.05871118157737193
-0.7177185621427583	-0.05161651495686067
-0.6925354546991528	-0.045751936497918894
-0.6673523472555473	-0.04082436987146231
-0.6421692398119416	-0.036626317810903725
-0.6169861323683361	-0.03300674005389371
-0.5918030249247306	-0.02985304287230531
-0.5666199174811251	-0.027079551543332442
-0.5414368100375194	-0.024619899312484136
-0.5162537025939139	-0.02242186170822382
-0.4910705951503083	-0.020443764380766876
-0.4658874877067028	-0.01865193099681728
-0.4407043802630972	-0.017018835258227026
-0.4155212728194917	-0.015521739793382911
-0.3903381653758861	-0.014141678153817167
-0.36515505793228054	-0.01286268271491592
-0.339971950488675	-0.011671191511530959
-0.31478884304506943	-0.010555587069692758
-0.2896057356014639	-0.009505833805976456
-0.26442262815785833	-0.008513189851764682
-0.23923952071425278	-0.007569975614667416
-0.21405641327064723	-0.006669385963069613
-0.18887330582704168	-0.005805336184385872
-0.16369019838343613	-0.004972334233815518
-0.13850709093983055	-0.004165373514087267
-0.11332398349622501	-0.0033798416979747147
-0.08814087605261944	-0.0026114420444128712
-0.06295776860901389	-0.0018561243552387475
-0.037774661165408334	-0.0011100232335083467
-0.012591553721802777	-0.00036940167913441656
0.012591553721802777	0.0003694016791344208
0.037774661165408334	0.0011100232335083493
0.06295776860901389	0.0018561243552387302
0.08814087605261944	0.002611442044412874
0.11332398349622501	0.0033798416979747337
0.13850709093983055	0.004165373514087232
0.16369019838343613	0.004972334233815548
0.18887330582704168	0.005805336184385909
0.21405641327064723	0.006669385963069678
0.23923952071425278	0.00756997561466744
0.26442262815785833	0.00851318985176468
0.2896057356014639	0.009505833805976471
0.31478884304506943	0.010555587069692812
0.339971950488675	0.011671191511531002
0.36515505793228054	0.012862682714915927
0.3903381653758861	0.01414167815381716
0.4155212728194917	0.015521739793382897
0.4407043802630972	0.017018835258227078
0.4658874877067028	0.018651930996817317
0.4910705951503083	0.020443764380766904
0.5162537025939139	0.022421861708223755
0.5414368100375194	0.024619899312484244
0.5666199174811251	0.027079551543332317
0.5918030249247306	0.02985304287230526
0.6169861323683361	0.03300674005389372
0.6421692398119416	0.03662631781090372
0.6673523472555473	0.040824369871462235
0.6925354546991528	0.04575193649791913
0.7177185621427583	0.05161651495686074
0.7429016695863639	0.058711181577372144
0.7680847770299695	0.06746341833125866
0.793267884473575	0.07851988747028353
0.8184509919171806	0.09289772700524807
0.8436340993607861	0.1122570729516169
0.8688172068043917	0.13937779523127844
0.8940003142479972	0.17890277534456536
0.9191834216916028	0.23812571331397137
0.9443665291352084	0.32654611168865333
0.9695496365788139	0.45107394575996307
0.9947327440224195	0.6053939275436658
1.019915851466025	0.7642273217283494
1.0450989589096307	0.898018285502163
1.0702820663532362	0.9935196680964501
1.0954651737968417	1.0547731187706595
1.1206482812404472	1.091872948113813
1.1458313886840528	1.113586606980746
1.1710144961276583	1.1257430961958763
1.1961976035712638	1.1318711954420242
1.2213807110148696	1.1340693424507657
1.246563818458475	1.1336086462379067
1.2717469259020806	1.1312854556398764
1.2969300333456861	1.1276175033610487
1.3221131407892917	1.1229530668087664
1.3472962482328972	1.1175331747216013
1.3724793556765027	1.1115282514009077
1.3976624631201084	1.105060461809499
1.422845570563714	1.0982177658156935
1.4480286780073195	1.0910629701846193
1.473211785450925	1.083639631137257
1.4983948928945305	1.0759758768708
1.523578000338136	1.0680867727086756
1.5487611077817416	1.0599755809099753
1.5739442152253473	1.0516340872170673
1.5991273226689529	1.0430420274004497
1.6243104301125584	1.034165515101668
1.649493537556164	1.0249542154055684
1.6746766449997694	1.015336786143425
1.699859752443375	1.0052137554480887
1.7250428598869807	0.994446400539298
1.7502259673305862	0.9828391066206592
1.7754090747741917	0.9701106385997037
1.8005921822177973	0.9558457237035838
1.8257752896614028	0.9394100031303925
1.8509583971050083	0.919793329026146
1.8761415045486138	0.8953055195537379
1.9013246119922196	0.8629552431878592
1.926507719435825	0.8171524584868916
1.9516908268794306	0.7472870833444921
1.9768739343230362	0.6366804366088187
2.002057041766642	0.48257149640484925
2.027240149210247	0.33473799747935723
2.052423256653853	0.23464227992487896
2.0776063640974582	0.17348957407264254
2.102789471541064	0.1348490885697799
2.1279725789846693	0.108919954975529
2.153155686428275	0.09054770821983896
2.178338793871881	0.0769433408206073
2.203521901315486	0.06650985738034293
2.228705008759092	0.05828008843032222
2.253888116202697	0.05163868405185532
2.279071223646303	0.04617730239220307
2.304254331089908	0.04161511048748228
2.329437438533514	0.03775299580802633
2.3546205459771197	0.03444604959376886
2.379803653420725	0.03158640263682879
2.4049867608643307	0.029092162776610888
2.430169868307936	0.026900076859576485
2.4553529757515418	0.024960537817946493
2.480536083195147	0.023234109740169564
2.505719190638753	0.021689060100551882
2.5309022980823586	0.020299575191698675
2.556085405525964	0.019044448352860965
2.5812685129695696	0.0179061013534763
2.606451620413175	0.01686984442204423
2.6316347278567807	0.01592330980205014
2.656817835300386	0.015056013227680402
2.6820009427439917	0.01425901089515981
2.7071840501875974	0.013524628556975086
2.7323671576312027	0.012846245674395025
2.7575502650748085	0.012218122022055323
2.782733372518414	0.011635257328354283
2.8079164799620195	0.011093276846829564
2.833099587405625	0.010588337445734909
2.8582826948492306	0.010117050055677186
2.8834658022928363	0.009676415251094327
2.9086489097364416	0.009263769446772159
2.9338320171800474	0.008876739727521505
2.9590151246236527	0.008513205740503293
2.9841982320672584	0.008171267397559308
3.0093813395108637	0.007849217382261056
3.0345644469544695	0.0075455176500927226
3.059747554398075	0.007258779263041867
3.0849306618416805	0.006987745020938886
3.1101137692852863	0.006731274448659818
3.1352968767288916	0.006488330775815201
3.1604799841724973	0.006257969608170932
3.185663091616103	0.006039329040759738
3.2108461990597084	0.005831621003773023
3.236029306503314	0.005634123666378604
3.2612124139469194	0.0054461747511830045
3.286395521390525	0.005267165635021942
3.3115786288341305	0.005096536130751591
3.336761736277736	0.00493376986048896
3.361944843721342	0.004778390143940845
3.3871279511649472	0.004629956336464977
3.412311058608553	0.0044880605608171855
3.4374941660521583	0.004352324784367167
3.462677273495764	0.0042223982001123065
3.4878603809393693	0.004097954875554698
3.513043488382975	0.00397869163817854
3.538226595826581	0.0038643261703907544
3.563409703270186	0.003754595290253714
3.588592810713792	0.003649253397397208
3.613775918157397	0.003548071065957965
3.638959025601003	0.003450833768727254
3.6641421330446082	0.0033573407185376347
3.689325240488214	0.003267403814611086
3.7145083479318197	0.003180846683021126
3.739691455375425	0.0030975038016874115
3.7648745628190308	0.0030172197014078617
3.790057670262636	0.0029398482353940867
3.815240777706242	0.002865251910619704
3.840423885149847	0.002793301274996067
3.865606992593453	0.002723874355088331
3.8907901000370586	0.0026568561395940086
3.915973207480664	0.0025921381043710373
3.9411563149242697	0.0025296177751479207
3.966339422367875	0.0024691983245606988
3.9915225298114807	0.0024107882004275167
4.016705637255086	0.0023543007824896166
4.041888744698691	0.0022996540651428624
4.0670718521422975	0.0022467703639139397
4.092254959585903	0.0021955760436558726
4.117438067029508	0.0021460012666318896
4.142621174473114	0.0020979797588217665
4.16780428191672	0.002051448592959289
4.192987389360325	0.0020063479869277326
4.218170496803931	0.0019626211162718306
4.243353604247536	0.001920213939711664
4.268536711691142	0.0018790750366162313
4.293719819134747	0.001839155455511925
4.318902926578353	0.0018004085727686269
4.3440860340219585	0.001762789960685365
4.369269141465564	0.001726257264262075
4.39445224890917	0.001690770086006519
4.419635356352775	0.001656289878179798
4.444818463796381	0.001622779841847508
4.470001571239986	0.00159020483273774
4.495184678683592	0.0015585312721867342
4.520367786127197	0.0015277270644425609
4.545550893570803	0.001497761518640045
4.570734001014409	0.0014686052756298284
4.595917108458014	0.0014402302393063157
4.6211002159016195	0.0014126095116695177
4.646283323345225	0.0013857173324977078
4.671466430788831	0.0013595290218299705
4.696649538232436	0.001334020926168983
4.7218326456760416	0.0013091703677281798
4.747015753119648	0.0012849555965898142
4.772198860563253	0.0012613557455837564
4.797381968006858	0.0012383507877130019
4.822565075450464	0.0012159214959604119
4.84774818289407	0.0011940494053259724
4.872931290337675	0.0011727167769534272
4.89811439778128	0.0011519065642152822
4.923297505224887	0.0011316023806347661
4.948480612668492	0.0011117884695310734
4.973663720112097	0.0010924496752837815
4.9988468275557025	0.001073571416115367
5.024029934999309	0.0010551396583042053
5.049213042442914	0.0010371408917395385
5.074396149886519	0.0010195621067416265
5.0995792573301255	0.0010023907720663433
5.124762364773731	0.0009856148140385689
5.149945472217336	0.0009692225967316985
5.175128579660941	0.0009532029031461953
5.200311687104548	0.0009375449173242041
5.225494794548153	0.0009222382073495746
5.250677901991758	0.0009072727091816429
5.275861009435364	0.000892638711277769
5.30104411687897	0.0008783268399597994
5.326227224322575	0.0008643280454843479
5.35141033176618	0.0008506335887779367
5.3765934392097865	0.0008372350288007548
5.401776546653392	0.0008241242105060193
5.426959654096997	0.0008112932533616038
5.452142761540603	0.0007987345404057258
5.477325868984209	0.000786440707807058
5.502508976427814	0.0007744046349036607
5.527692083871419	0.000762619434695377
5.552875191315025	0.0007510784447666797
5.578058298758631	0.000739775218616863
5.603241406202236	0.0007287035173783078
5.628424513645842	0.0007178573019013671
5.6536076210894475	0.0007072307251890437
5.678790728533053	0.0006968181251625224
5.703973835976658	0.0006866140177419139
5.729156943420264	0.000676613090226748
5.75434005086387	0.000666810194960691
5.779523158307475	0.0006572003432671737
5.804706265751081	0.0006477786996428535
5.829889373194686	0.0006385405761960447
5.855072480638292	0.0006294814273186307
5.880255588081897	0.0006205968445805634
5.905438695525503	0.0006118825518356271
5.9306218029691085	0.0006033344005294308
5.955804910412714	0.0005949483651996049
5.98098801785632	0.0005867205391593403
6.006171125299925	0.0005786471303559046
6.0313542327435306	0.0005707244573959436
6.056537340187136	0.0005629489457303069
6.081720447630742	0.0005553171239901519
6.106903555074347	0.00054782562046877
6.132086662517953	0.0005404711597428254
6.157269769961559	0.0005332505594232361
6.182452877405164	0.0005261607270354967
6.207635984848769	0.0005191986570194067
6.232819092292375	0.0005123614278449931
6.258002199735981	0.0005056461992382748
6.283185307179586	0.0004990502095134735
