        ω                       A(ω)      
--------------------  --------------------
-6.283185307179586	-0.0008791809820544766
-6.258002199735981	-0.0008923037281514545
-6.232819092292375	-0.0009057012611664501
-6.207635984848769	-0.0009193811041588236
-6.182452877405164	-0.000933351037100244
-6.157269769961559	-0.0009476191074528395
-6.132086662517953	-0.0009621936412592078
-6.106903555074347	-0.000977083254772802
-6.081720447630742	-0.0009922968666590494
-6.056537340187136	-0.0010078437107994582
-6.0313542327435306	-0.0010237333497330576
-6.006171125299925	-0.0010399756887717402
-5.98098801785632	-0.0010565809908284272
-5.955804910412714	-0.0010735598919995603
-5.9306218029691085	-0.0010909234179461444
-5.905438695525503	-0.0011086830011205232
-5.880255588081897	-0.001126850498889207
-5.855072480638292	-0.0011454382126054998
-5.829889373194686	-0.0011644589076893236
-5.804706265751081	-0.0011839258347755405
-5.779523158307475	-0.0012038527519963732
-5.75434005086387	-0.0012242539484680255
-5.729156943420264	-0.0012451442690565755
-5.703973835976658	-0.0012665391405035009
-5.678790728533053	-0.0012884545989969255
-5.6536076210894475	-0.0013109073192808884
-5.628424513645842	-0.0013339146454015858
-5.603241406202236	-0.0013574946231968172
-5.578058298758631	-0.0013816660346426357
-5.552875191315025	-0.0014064484341797308
-5.527692083871419	-0.0014318621871511905
-5.502508976427814	-0.001457928510493281
-5.477325868984209	-0.0014846695158316479
-5.452142761540603	-0.0015121082551470565
-5.426959654096997	-0.0015402687691875132
-5.401776546653392	-0.0015691761388174248
-5.3765934392097865	-0.001598856539509515
-5.35141033176618	-0.0016293372992015477
-5.326227224322575	-0.0016606469597577624
-5.30104411687897	-0.001692815342294371
-5.275861009435364	-0.0017258736166496224
-5.250677901991758	-0.0017598543753021448
-5.225494794548153	-0.001794791712066512
-5.200311687104548	-0.001830721305922688
-5.175128579660941	-0.0018676805103661983
-5.149945472217336	-0.0019057084486990812
-5.124762364773731	-0.0019448461157179852
-5.0995792573301255	-0.0019851364862955964
-5.074396149886519	-0.0020266246313954176
-5.049213042442914	-0.0020693578421079545
-5.024029934999309	-0.00211338576234933
-4.9988468275557025	-0.0021587605309215494
-4.973663720112097	-0.002205536933697894
-4.948480612668492	-0.002253772566767722
-4.923297505224887	-0.0023035280114531375
-4.89811439778128	-0.002354867022196475
-4.872931290337675	-0.0024078567284131222
-4.84774818289407	-0.002462567851510219
-4.822565075450464	-0.002519074938389082
-4.797381968006858	-0.0025774566128796868
-4.772198860563253	-0.002637795846700326
-4.747015753119648	-0.0027001802516966543
-4.7218326456760416	-0.0027647023952938683
-4.696649538232436	-0.0028314601412957364
-4.671466430788831	-0.0029005570183876926
-4.646283323345225	-0.002972102618950711
-4.6211002159016195	-0.0030462130310721825
-4.595917108458014	-0.0031230113069530586
-4.570734001014409	-0.0032026279712617425
-4.545550893570803	-0.0032852015733799748
-4.520367786127197	-0.003370879287929909
-4.495184678683592	-0.0034598175684719006
-4.470001571239986	-0.0035521828598269636
-4.444818463796381	-0.0036481523751156378
-4.419635356352775	-0.0037479149443268734
-4.39445224890917	-0.003851671942048502
-4.369269141465564	-0.003959638302919705
-4.3440860340219585	-0.004072043634421762
-4.318902926578353	-0.004189133437826335
-4.293719819134747	-0.004311170449492585
-4.268536711691142	-0.004438436116273112
-4.243353604247536	-0.004571232220584493
-4.218170496803931	-0.0047098826727584074
-4.192987389360325	-0.004854735490657179
-4.16780428191672	-0.005006164989264426
-4.142621174473114	-0.005164574206108114
-4.117438067029508	-0.005330397592011644
-4.092254959585903	-0.005504104000885142
-4.0670718521422975	-0.005686200017165662
-4.041888744698691	-0.005877233665214826
-4.016705637255086	-0.006077798551632548
-3.9915225298114807	-0.006288538499223239
-3.966339422367875	-0.006510152740469712
-3.9411563149242697	-0.006743401749089528
-3.915973207480664	-0.00698911380088219
-3.8907901000370586	-0.0072481923700067775
-3.865606992593453	-0.007521624484525989
-3.840423885149847	-0.007810490186087725
-3.815240777706242	-0.008115973263695496
-3.790057670262636	-0.008439373461515593
-3.7648745628190308	-0.008782120396663318
-3.739691455375425	-0.009145789466248016
-3.7145083479318197	-0.009532120075317278
-3.689325240488214	-0.009943036580835906
-3.6641421330446082	-0.010380672424121513
-3.638959025601003	-0.010847398018604865
-3.613775918157397	-0.011345853075669661
-3.588592810713792	-0.011878984194129307
-3.563409703270186	-0.012450088715651684
-3.538226595826581	-0.013062866068233118
-3.513043488382975	-0.013721478094455473
-3.4878603809393693	-0.01443062020615687
-3.462677273495764	-0.015195605642582082
-3.4374941660521583	-0.016022465661872765
-3.412311058608553	-0.016918069201626782
-3.3871279511649472	-0.017890266451100652
-3.361944843721342	-0.018948061950150842
-3.336761736277736	-0.020101824356298054
-3.3115786288341305	-0.021363542022234845
-3.286395521390525	-0.022747136169006796
-3.2612124139469194	-0.02426884695866452
-3.236029306503314	-0.025947712493895502
-3.2108461990597084	-0.027806167170256905
-3.185663091616103	-0.029870794554598613
-3.1604799841724973	-0.03217328204442333
-3.1352968767288916	-0.034751641426090656
-3.1101137692852863	-0.037651783257084896
-3.0849306618416805	-0.04092956702005651
-3.059747554398075	-0.044653498255385025
-3.0345644469544695	-0.04890831620440921
-3.0093813395108637	-0.05379982330296107
-2.9841982320672584	-0.0594614712010695
-2.9590151246236527	-0.06606346985438437
-2.9338320171800474	-0.07382558213232097
-2.9086489097364416	-0.08303540178843613
-2.8834658022928363	-0.09407495590771758
-2.8582826948492306	-0.10746022913623883
-2.833099587405625	-0.12390124533241545
-2.8079164799620195	-0.14439575958642137
-2.782733372518414	-0.17037959861563926
-2.7575502650748085	-0.20397577727939248
-2.7323671576312027	-0.24842250874190214
-2.7071840501875974	-0.30883918514273256
-2.6820009427439917	-0.3936611820880906
-2.656817835300386	-0.5174649079161556
-2.6316347278567807	-0.7068209628039496
-2.606451620413175	-1.0129234552659319
-2.5812685129695696	-1.5385004721424445
-2.556085405525964	-2.48066997795615
-2.5309022980823586	-4.053046691743647
-2.505719190638753	-5.528613172280256
-2.480536083195147	-4.8640440037240955
-2.4553529757515418	-3.116739704968932
-2.430169868307936	-1.8990634852407087
-2.4049867608643307	-1.2156179396156697
-2.379803653420725	-0.8272854363337223
-2.3546205459771197	-0.5935845432945114
-2.329437438533514	-0.4444654170896403
-2.304254331089908	-0.3443746840602992
-2.279071223646303	-0.27429806679720314
-2.253888116202697	-0.22348922436775384
-2.228705008759092	-0.18556079837407066
-2.203521901315486	-0.15654500733010954
-2.178338793871881	-0.1338810351517482
-2.153155686428275	-0.11586048477088719
-2.1279725789846693	-0.10131035112448476
-2.102789471541064	-0.08940471846563958
-2.0776063640974582	-0.07954905778003346
-2.052423256653853	-0.07130695962708668
-2.027240149210247	-0.0643524768542416
-2.002057041766642	-0.05843837252960136
-1.9768739343230362	-0.0533745040483044
-1.9516908268794306	-0.04901281909720219
-1.926507719435825	-0.04523675660691055
-1.9013246119922196	-0.0419536394130315
-1.8761415045486138	-0.03908913486742537
-1.8509583971050083	-0.03658316822551669
-1.8257752896614028	-0.03438687208335982
-1.8005921822177973	-0.032460285129043726
-1.7754090747741917	-0.030770600088827395
-1.7502259673305862	-0.02929081939150715
-1.7250428598869807	-0.02799871738314249
-1.699859752443375	-0.026876036037041615
-1.6746766449997694	-0.025907860996495898
-1.649493537556164	-0.025082139077030764
-1.6243104301125584	-0.024389308791704086
-1.5991273226689529	-0.02382202323925936
-1.5739442152253473	-0.023374950639242935
-1.5487611077817416	-0.02304464250221041
-1.523578000338136	-0.0228294633262607
-1.4983948928945305	-0.022729579159205274
-1.473211785450925	-0.022747005654784352
-1.4480286780073195	-0.022885719663994292
-1.422845570563714	-0.023151842242420964
-1.3976624631201084	-0.02355390558516101
-1.3724793556765027	-0.024103222296199572
-1.3472962482328972	-0.024814383213372253
-1.3221131407892917	-0.02570592068384097
-1.2969300333456861	-0.026801189109060666
-1.2717469259020806	-0.02812953585471139
-1.246563818458475	-0.029727866489521786
-1.2213807110148696	-0.03164275386177057
-1.1961976035712638	-0.03393330887274808
-1.1710144961276583	-0.03667513521355742
-1.1458313886840528	-0.039965852843726835
-1.1206482812404472	-0.043932933113697885
-1.0954651737968417	-0.04874500751462032
-1.0702820663532362	-0.05462850892335823
-1.0450989589096307	-0.06189269381968035
-1.019915851466025	-0.07096818398239467
-0.9947327440224195	-0.08246795644345815
-0.9695496365788139	-0.09728682853346995
-0.9443665291352084	-0.11676937594294622
-0.9191834216916028	-0.1430044911774735
-0.8940003142479972	-0.17936495907950628
-0.8688172068043917	-0.23154446763769618
-0.8436340993607861	-0.3096552081905097
-0.8184509919171806	-0.43267931054227315
-0.793267884473575	-0.6381296202518262
-0.7680847770299695	-1.0010686013462797
-0.7429016695863639	-1.6453830926635973
-0.7177185621427583	-2.537878813303181
-0.6925354546991528	-2.794081925695835
-0.6673523472555473	-2.0020729033170186
-0.6421692398119416	-1.220847805491683
-0.6169861323683361	-0.7589748964858614
-0.5918030249247306	-0.5008890522826468
-0.5666199174811251	-0.34984325468649
-0.5414368100375194	-0.2559103109301816
-0.5162537025939139	-0.19417175332386244
-0.4910705951503083	-0.15164605890887928
-0.4658874877067028	-0.1211836117174431
-0.4407043802630972	-0.09863179137790173
-0.4155212728194917	-0.08146200584986557
-0.3903381653758861	-0.06806988709319452
-0.36515505793228054	-0.05740044334181511
-0.339971950488675	-0.04873796466619423
-0.31478884304506943	-0.04158340065576369
-0.2896057356014639	-0.03558016665991002
-0.26442262815785833	-0.030467789384370343
-0.23923952071425278	-0.026052102589549382
-0.21405641327064723	-0.022185580750154747
-0.18887330582704168	-0.01875405068418553
-0.16369019838343613	-0.01566751155448438
-0.13850709093983055	-0.012853656396375092
-0.11332398349622501	-0.01025320122204179
-0.08814087605261944	-0.007816439933921044
-0.06295776860901389	-0.005500637149066421
-0.037774661165408334	-0.0032679933060829314
-0.012591553721802777	-0.0010839941555545543
0.012591553721802777	0.0010839941555545543
0.037774661165408334	0.0032679933060829314
0.06295776860901389	0.005500637149066421
0.08814087605261944	0.007816439933921044
0.11332398349622501	0.01025320122204179
0.13850709093983055	0.012853656396375092
0.16369019838343613	0.01566751155448438
0.18887330582704168	0.01875405068418553
0.21405641327064723	0.022185580750154747
0.23923952071425278	0.026052102589549382
0.26442262815785833	0.030467789384370343
0.2896057356014639	0.03558016665991002
0.31478884304506943	0.04158340065576369
0.339971950488675	0.04873796466619423
0.36515505793228054	0.05740044334181511
0.3903381653758861	0.06806988709319452
0.4155212728194917	0.08146200584986557
0.4407043802630972	0.09863179137790173
0.4658874877067028	0.1211836117174431
0.4910705951503083	0.15164605890887928
0.5162537025939139	0.19417175332386244
0.5414368100375194	0.2559103109301816
0.5666199174811251	0.34984325468649
0.5918030249247306	0.5008890522826468
0.6169861323683361	0.7589748964858614
0.6421692398119416	1.220847805491683
0.6673523472555473	2.0020729033170186
0.6925354546991528	2.794081925695835
0.7177185621427583	2.537878813303181
0.7429016695863639	1.6453830926635973
0.7680847770299695	1.0010686013462797
0.793267884473575	0.6381296202518262
0.8184509919171806	0.43267931054227315
0.8436340993607861	0.3096552081905097
0.8688172068043917	0.23154446763769618
0.8940003142479972	0.17936495907950628
0.9191834216916028	0.1430044911774735
0.9443665291352084	0.11676937594294622
0.9695496365788139	0.09728682853346995
0.9947327440224195	0.08246795644345815
1.019915851466025	0.07096818398239467
1.0450989589096307	0.06189269381968035
1.0702820663532362	0.05462850892335823
1.0954651737968417	0.04874500751462032
1.1206482812404472	0.043932933113697885
1.1458313886840528	0.039965852843726835
1.1710144961276583	0.03667513521355742
1.1961976035712638	0.03393330887274808
1.2213807110148696	0.03164275386177057
1.246563818458475	0.029727866489521786
1.2717469259020806	0.02812953585471139
1.2969300333456861	0.026801189109060666
1.3221131407892917	0.02570592068384097
1.3472962482328972	0.024814383213372253
1.3724793556765027	0.024103222296199572
1.3976624631201084	0.02355390558516101
1.422845570563714	0.023151842242420964
1.4480286780073195	0.022885719663994292
1.473211785450925	0.022747005654784352
1.4983948928945305	0.022729579159205274
1.523578000338136	0.0228294633262607
1.5487611077817416	0.02304464250221041
1.5739442152253473	0.023374950639242935
1.5991273226689529	0.02382202323925936
1.6243104301125584	0.024389308791704086
1.649493537556164	0.025082139077030764
1.6746766449997694	0.025907860996495898
1.699859752443375	0.026876036037041615
1.7250428598869807	0.02799871738314249
1.7502259673305862	0.02929081939150715
1.7754090747741917	0.030770600088827395
1.8005921822177973	0.032460285129043726
1.8257752896614028	0.03438687208335982
1.8509583971050083	0.03658316822551669
1.8761415045486138	0.03908913486742537
1.9013246119922196	0.0419536394130315
1.926507719435825	0.04523675660691055
1.9516908268794306	0.04901281909720219
1.9768739343230362	0.0533745040483044
2.002057041766642	0.05843837252960136
2.027240149210247	0.0643524768542416
2.052423256653853	0.07130695962708668
2.0776063640974582	0.07954905778003346
2.102789471541064	0.08940471846563958
2.1279725789846693	0.10131035112448476
2.153155686428275	0.11586048477088719
2.178338793871881	0.1338810351517482
2.203521901315486	0.15654500733010954
2.228705008759092	0.18556079837407066
2.253888116202697	0.22348922436775384
2.279071223646303	0.27429806679720314
2.304254331089908	0.3443746840602992
2.329437438533514	0.4444654170896403
2.3546205459771197	0.5935845432945114
2.379803653420725	0.8272854363337223
2.4049867608643307	1.2156179396156697
2.430169868307936	1.8990634852407087
2.4553529757515418	3.116739704968932
2.480536083195147	4.8640440037240955
2.505719190638753	5.528613172280256
2.5309022980823586	4.053046691743647
2.556085405525964	2.48066997795615
2.5812685129695696	1.5385004721424445
2.606451620413175	1.0129234552659319
2.6316347278567807	0.7068209628039496
2.656817835300386	0.5174649079161556
2.6820009427439917	0.3936611820880906
2.7071840501875974	0.30883918514273256
2.7323671576312027	0.24842250874190214
2.7575502650748085	0.20397577727939248
2.782733372518414	0.17037959861563926
2.8079164799620195	0.14439575958642137
2.833099587405625	0.12390124533241545
2.8582826948492306	0.10746022913623883
2.8834658022928363	0.09407495590771758
2.9086489097364416	0.08303540178843613
2.9338320171800474	0.07382558213232097
2.9590151246236527	0.06606346985438437
2.9841982320672584	0.0594614712010695
3.0093813395108637	0.05379982330296107
3.0345644469544695	0.04890831620440921
3.059747554398075	0.044653498255385025
3.0849306618416805	0.04092956702005651
3.1101137692852863	0.037651783257084896
3.1352968767288916	0.034751641426090656
3.1604799841724973	0.03217328204442333
3.185663091616103	0.029870794554598613
3.2108461990597084	0.027806167170256905
3.236029306503314	0.025947712493895502
3.2612124139469194	0.02426884695866452
3.286395521390525	0.022747136169006796
3.3115786288341305	0.021363542022234845
3.336761736277736	0.020101824356298054
3.361944843721342	0.018948061950150842
3.3871279511649472	0.017890266451100652
3.412311058608553	0.016918069201626782
3.4374941660521583	0.016022465661872765
3.462677273495764	0.015195605642582082
3.4878603809393693	0.01443062020615687
3.513043488382975	0.013721478094455473
3.538226595826581	0.013062866068233118
3.563409703270186	0.012450088715651684
3.588592810713792	0.011878984194129307
3.613775918157397	0.011345853075669661
3.638959025601003	0.010847398018604865
3.6641421330446082	0.010380672424121513
3.689325240488214	0.009943036580835906
3.7145083479318197	0.009532120075317278
3.739691455375425	0.009145789466248016
3.7648745628190308	0.008782120396663318
3.790057670262636	0.008439373461515593
3.815240777706242	0.008115973263695496
3.840423885149847	0.007810490186087725
3.865606992593453	0.007521624484525989
3.8907901000370586	0.0072481923700067775
3.915973207480664	0.00698911380088219
3.9411563149242697	0.006743401749089528
3.966339422367875	0.006510152740469712
3.9915225298114807	0.006288538499223239
4.016705637255086	0.006077798551632548
4.041888744698691	0.005877233665214826
4.0670718521422975	0.005686200017165662
4.092254959585903	0.005504104000885142
4.117438067029508	0.005330397592011644
4.142621174473114	0.005164574206108114
4.16780428191672	0.005006164989264426
4.192987389360325	0.004854735490657179
4.218170496803931	0.0047098826727584074
4.243353604247536	0.004571232220584493
4.268536711691142	0.004438436116273112
4.293719819134747	0.004311170449492585
4.318902926578353	0.004189133437826335
4.3440860340219585	0.004072043634421762
4.369269141465564	0.003959638302919705
4.39445224890917	0.003851671942048502
4.419635356352775	0.0037479149443268734
4.444818463796381	0.0036481523751156378
4.470001571239986	0.0035521828598269636
4.495184678683592	0.0034598175684719006
4.520367786127197	0.003370879287929909
4.545550893570803	0.0032852015733799748
4.570734001014409	0.0032026279712617425
4.595917108458014	0.0031230113069530586
4.6211002159016195	0.0030462130310721825
4.646283323345225	0.002972102618950711
4.671466430788831	0.0029005570183876926
4.696649538232436	0.0028314601412957364
4.7218326456760416	0.0027647023952938683
4.747015753119648	0.0027001802516966543
4.772198860563253	0.002637795846700326
4.797381968006858	0.0025774566128796868
4.822565075450464	0.002519074938389082
4.84774818289407	0.002462567851510219
4.872931290337675	0.0024078567284131222
4.89811439778128	0.002354867022196475
4.923297505224887	0.0023035280114531375
4.948480612668492	0.002253772566767722
4.973663720112097	0.002205536933697894
4.9988468275557025	0.0021587605309215494
5.024029934999309	0.00211338576234933
5.049213042442914	0.0020693578421079545
5.074396149886519	0.0020266246313954176
5.0995792573301255	0.0019851364862955964
5.124762364773731	0.0019448461157179852
5.149945472217336	0.0019057084486990812
5.175128579660941	0.0018676805103661983
5.200311687104548	0.001830721305922688
5.225494794548153	0.001794791712066512
5.250677901991758	0.0017598543753021448
5.275861009435364	0.0017258736166496224
5.30104411687897	0.001692815342294371
5.326227224322575	0.0016606469597577624
5.35141033176618	0.0016293372992015477
5.3765934392097865	0.001598856539509515
5.401776546653392	0.0015691761388174248
5.426959654096997	0.0015402687691875132
5.452142761540603	0.0015121082551470565
5.477325868984209	0.0014846695158316479
5.502508976427814	0.001457928510493281
5.527692083871419	0.0014318621871511905
5.552875191315025	0.0014064484341797308
5.578058298758631	0.0013816660346426357
5.603241406202236	0.0013574946231968172
5.628424513645842	0.0013339146454015858
5.6536076210894475	0.0013109073192808884
5.678790728533053	0.0012884545989969255
5.703973835976658	0.0012665391405035009
5.729156943420264	0.0012451442690565755
5.75434005086387	0.0012242539484680255
5.779523158307475	0.0012038527519963732
5.804706265751081	0.0011839258347755405
5.829889373194686	0.0011644589076893236
5.855072480638292	0.0011454382126054998
5.880255588081897	0.001126850498889207
5.905438695525503	0.0011086830011205232
5.9306218029691085	0.0010909234179461444
5.955804910412714	0.0010735598919995603
5.98098801785632	0.0010565809908284272
6.006171125299925	0.0010399756887717402
6.0313542327435306	0.0010237333497330576
6.056537340187136	0.0010078437107994582
6.081720447630742	0.0009922968666590494
6.106903555074347	0.000977083254772802
6.132086662517953	0.0009621936412592078
6.157269769961559	0.0009476191074528395
6.182452877405164	0.000933351037100244
6.207635984848769	0.0009193811041588236
6.232819092292375	0.0009057012611664501
6.258002199735981	0.0008923037281514545
6.283185307179586	0.0008791809820544766
