        ωn                   Re.G(iωn)           Im.G(iωn)      
--------------------  --------------------  -------------------- 
0.0	-0.3987570442546545	0.0
0.06283185307179587	-0.3953003379842153	-1.5171874156717736e-16
0.12566370614359174	-0.3856085716187419	-3.613687398448161e-19
0.18849555921538758	-0.371288117120202	-2.0046389949488624e-16
0.25132741228718347	-0.3541060177800336	-7.117009050847047e-18
0.3141592653589793	-0.3355173948331187	-2.61377426863732e-17
0.37699111843077515	-0.31654975836109955	-8.159044864427048e-19
0.43982297150257105	-0.29786250388952423	-6.473553236702909e-16
0.5026548245743669	-0.27984777681769457	-8.786174044066604e-16
0.5654866776461628	-0.2627191871526945	9.849924459216094e-18
0.6283185307179586	-0.24657663144286238	-3.716441759372968e-17
0.6911503837897545	-0.2314499558012558	-1.2390186194199092e-17
0.7539822368615503	-0.21732717131805304	-1.6061788146926785e-16
0.8168140899333463	-0.20417226790784312	1.991558887184235e-16
0.8796459430051421	-0.19193629704473464	-1.9756952504839175e-17
0.9424777960769378	-0.18056418760413587	-1.718216921417189e-17
1.0053096491487339	-0.16999888588429293	1.0329775903025046e-15
1.0681415022205298	-0.1601838268113227	1.621649581961064e-16
1.1309733552923256	-0.15106436739269466	-1.4339844280541678e-17
1.1938052083641213	-0.1425885762298579	-1.4757055652667704e-16
1.2566370614359172	-0.13470762464977584	-1.845007165709317e-17
1.3194689145077132	-0.1273759327470527	1.6381638137907424e-16
1.382300767579509	-0.12055116626063436	-7.671206826367774e-18
1.4451326206513047	-0.11419414447273775	-6.521814880679211e-17
1.5079644737231006	-0.10826869699678797	-2.0116863090700182e-16
1.5707963267948966	-0.1027414933181073	-1.5041328181572372e-19
1.6336281798666925	-0.09758186012185223	-3.4151521400346135e-17
1.6964600329384882	-0.09276159584190175	1.9530356302197623e-17
1.7592918860102842	-0.08825478828885179	-1.7821306030892625e-17
1.8221237390820801	-0.0840376389184637	-1.568358925946672e-17
1.8849555921538756	-0.0800882958124021	6.708822814774015e-16
1.9477874452256716	-0.07638669647989514	1.2525076191049339e-17
2.0106192982974678	-0.07291442095380125	3.711274858394717e-18
2.0734511513692637	-0.06965455524628307	8.893845946170154e-21
2.1362830044410597	-0.06659156496122963	-2.479796610643688e-17
2.199114857512855	-0.0637111786919077	-1.9741639323749287e-17
2.261946710584651	-0.061000280728752035	5.534526512249399e-18
2.324778563656447	-0.058446812543154286	-1.4754255149985844e-17
2.3876104167282426	-0.05603968248529647	8.682257115946029e-17
2.4504422698000385	-0.05376868312691606	-1.7943641245841664e-16
2.5132741228718345	-0.051624415687515184	-4.2321953549324296e-18
2.57610597594363	-0.04959822099972005	-1.5935601413609576e-18
2.6389378290154264	-0.047682116493134225	-1.464734371017459e-17
2.701769682087222	-0.04586873870368522	-1.5856456772600502e-17
2.764601535159018	-0.04415129084519146	-4.193702473503404e-17
2.827433388230814	-0.04252349501077157	1.5871279849177453e-17
2.8902652413026093	-0.04097954860245525	6.305323847272852e-17
2.9530970943744057	-0.03951408461760958	-5.4896655297804434e-17
3.015928947446201	-0.03812213544998899	-9.6717080653693e-17
3.078760800517997	-0.03679909989101939	-2.40896170199123e-18
3.141592653589793	-0.03554071304324778	-4.916920379692807e-18
3.204424506661589	-0.034343018882504045	-3.867674198149303e-17
3.267256359733385	-0.033202345228388164	-3.237921083733492e-17
3.330088212805181	-0.03211528090387863	1.0663403652102794e-17
3.3929200658769765	-0.03107865488464905	-5.8590226423138985e-18
3.4557519189487724	-0.03008951725665926	-2.9979566497763486e-17
3.5185837720205684	-0.02914512181729683	-3.4625581918122726e-18
3.581415625092364	-0.028242910170409516	-8.010496461302325e-18
3.6442474781641603	-0.027380497179488858	-2.2442601158645717e-18
3.707079331235956	-0.026555657655838345	6.137891903380279e-18
3.7699111843077513	-0.02576631417014101	-1.414507302478749e-17
3.8327430373795477	-0.025010525886084135	8.46314342368951e-17
3.895574890451343	-0.024286478324357614	2.7022892116253944e-17
3.9584067435231396	-0.023592473973797094	-1.480163605547288e-17
4.0212385965949355	-0.022926923674261607	9.709326916139231e-18
4.084070449666731	-0.02228833870287479	-6.372096513296093e-18
4.1469023027385274	-0.021675323501611495	4.113982776532483e-18
4.209734155810323	-0.021086568989998063	-8.923915615797681e-18
4.272566008882119	-0.020520846411885632	-5.5298545961497e-18
4.335397861953915	-0.019977001670000057	-2.291515289898501e-18
4.39822971502571	-0.01945395010620222	-1.1230386331171141e-17
4.461061568097507	-0.0189506716892848	-9.34632035868156e-18
4.523893421169302	-0.018466206575589537	-2.643442590231637e-18
4.586725274241098	-0.017999651010923046	-3.665895068245568e-17
4.649557127312894	-0.01755015354505611	2.004821107032522e-18
4.71238898038469	-0.01711691153272167	-5.5299273880436044e-18
4.775220833456485	-0.01669916789734398	-1.5446194369024654e-17
4.838052686528282	-0.016296208135845373	-1.6936956071073913e-17
4.900884539600077	-0.015907357544818115	-2.1232998405297174e-18
4.9637163926718735	-0.015531978650070657	-1.7329023551402103e-17
5.026548245743669	-0.015169468823130729	9.880407719149899e-18
5.0893800988154645	-0.014819258069742592	-5.898525686442134e-18
5.15221195188726	-0.014480806976658623	1.6707724884591074e-19
5.215043804959057	-0.014153604804246718	9.356565817748642e-18
5.277875658030853	-0.013837167713454137	-1.9700565463637813e-17
5.340707511102648	-0.01353103711668829	2.6748029924869923e-17
5.403539364174444	-0.013234778143027735	7.385174387991838e-18
5.466371217246239	-0.012947978208994248	-5.600433616479664e-17
5.529203070318036	-0.012670245686849893	-6.3017828525066354e-18
5.592034923389832	-0.012401208663037414	-5.544243568341182e-17
5.654866776461628	-0.012140513780000178	-5.843673685662518e-18
5.717698629533423	-0.011887825155177998	-2.2632720350634905e-18
5.780530482605219	-0.011642823371455481	-4.318173965102423e-18
5.843362335677015	-0.011405204533830239	-1.8343557263975942e-19
5.906194188748811	-0.011174679387461252	-6.702677590741685e-19
5.969026041820607	-0.01095097249267051	3.8016956255141135e-18
6.031857894892402	-0.010733821452793042	3.375849811282014e-18
6.094689747964199	-0.010522976191116076	-1.6193067169530994e-17
6.157521601035994	-0.010318198273426888	-1.376194281738763e-17
6.220353454107791	-0.010119260272966418	-4.5661428604111196e-18
6.283185307179586	-0.009925945174836828	-5.032222739637798e-18
