        ωn                   Re.G(iωn)           Im.G(iωn)      
--------------------  --------------------  -------------------- 
0.0	-0.7098404263286947	0.0
0.6283185307179586	-0.4911493200197059	3.756435267010527e-15
1.2566370614359172	-0.3821760871966388	-9.253553056188385e-14
1.8849555921538759	-0.3067642800464301	1.939256860563482e-14
2.5132741228718345	-0.24638524913361198	2.6871124140896707e-13
3.141592653589793	-0.19837740040192103	-1.9976723183642853e-13
3.7699111843077517	-0.16086098657452766	9.139477369357607e-14
4.39822971502571	-0.13174243439943098	1.0842021724855044e-19
5.026548245743669	-0.10910047457712548	-5.692061405548898e-19
5.654866776461628	-0.09137181839930347	-1.328147661294743e-18
6.283185307179586	-0.07735683590795356	-1.0212818546580238e-13
6.911503837897544	-0.06615877458223891	-1.5856456772600502e-18
7.5398223686155035	-0.05711338325511384	-5.1151574295693614e-14
8.168140899333462	-0.049728573739082696	-7.701094807428116e-14
8.79645943005142	-0.043637909917749455	-1.2874900798265365e-18
9.42477796076938	-0.038566365639244496	-5.55653613398821e-19
10.053096491487338	-0.034305606943686166	-2.2253994979258562e-14
10.681415022205297	-0.030696264915481053	4.285334158924195e-14
11.309733552923255	-0.02761521351632122	2.06304699885973e-14
11.938052083641214	-0.024966396348102448	-1.043544591017298e-18
12.566370614359172	-0.022674166166233748	-3.5575383784680614e-19
13.194689145077131	-0.020678409085613553	2.000145315757089e-14
13.823007675795088	-0.01893094374163627	3.810998418967218e-14
14.451326206513048	-0.01739283794366035	1.81938272498898e-14
15.079644737231007	-0.01603239097475489	-3.015437292225309e-19
15.707963267948966	-0.014823602957180994	-6.030874584450618e-19
16.336281798666924	-0.01374500370679034	-9.497611030973019e-17
16.964600329384883	-0.012778749203838483	-6.2341624917916505e-19
17.59291886010284	-0.01190991897192343	2.1478045036937843e-16
18.2212373908208	-0.011125965525058639	-1.2228445252920883e-16
18.84955592153876	-0.010416279830366703	-1.248018344484486e-16
19.477874452256717	-0.009771845958342868	5.323432666903827e-17
20.106192982974676	-0.009184964800033512	5.119467133204991e-17
20.734511513692635	-0.00864903164610227	-9.900798713866066e-17
21.362830044410593	-0.008158356053080943	-1.1681600782173507e-16
21.991148575128552	-0.007708015123371741	-8.281271718715844e-17
22.61946710584651	-0.007293733350186113	5.469461147010468e-17
23.24778563656447	-0.006911783706790577	-4.37069000783219e-19
23.876104167282428	-0.006558905820744485	-4.675621868843738e-19
24.504422698000386	-0.006232237962131844	1.4052911869659283e-16
25.132741228718345	-0.005929260258566037	-2.7570244806769673e-16
25.7610597594363	-0.005647747079286346	4.197217660234509e-17
26.389378290154262	-0.005385726943146061	-2.371692252312041e-19
27.01769682087222	-0.005141448628406949	1.0598076236045806e-16
27.646015351590176	-0.004913352416720521	-1.5212711732687234e-16
28.274333882308138	-0.004700045605131259	-6.2849844686269085e-19
28.902652413026097	-0.004500281580213625	5.728992042049186e-17
29.53097094374406	-0.004312941876587384	1.9624736948345434e-16
30.159289474462014	-0.004137020744962122	-1.9323532032301804e-16
30.78760800517997	-0.003971611837881945	-2.3209380381125633e-16
31.41592653589793	-0.0038158966885974478	-2.981555974335137e-19
32.044245066615886	-0.003669134713212043	6.552443592051926e-16
32.67256359733385	-0.0035306545109409174	-3.9302328752599536e-19
33.30088212805181	-0.0033998462739633006	6.804893291651598e-17
33.929200658769766	-0.003276155148506911	-6.674619624363887e-19
34.55751918948773	-0.0031590754137082676	8.48727013148809e-17
35.18583772020568	-0.0030481453654343784	-3.6611305079172624e-17
35.81415625092364	-0.002942942809415117	-3.583499938301406e-17
36.4424747816416	-0.002843081082354263	3.451828666650725e-17
37.070793312359555	-0.0027482055316690865	2.6334254330136198e-17
37.69911184307752	-0.002657990394565542	-2.7160958486656395e-17
38.32743037379548	-0.002572136025622609	2.550551729454259e-16
38.955748904513435	-0.0024903664292063488	2.5074885744158504e-16
39.5840674352314	-0.00241242705908442	4.606165167168885e-17
40.21238596594935	-0.0023380828527467725	4.531626267810507e-17
40.84070449666731	-0.0022671164723086948	-1.3815784996075442e-16
41.46902302738527	-0.0021993267275995233	-2.720297132084021e-16
42.097341558103224	-0.0021345271602283005	-3.049318610115481e-19
42.725660088821186	-0.0020725447701503536	-1.8273380584295923e-16
43.35397861953915	-0.0020132188686063177	-1.8010122744289286e-16
43.982297150257104	-0.0019564000433262983	-4.0996394647108136e-19
44.610615680975066	-0.0019019492236363544	-2.744386749103933e-19
45.23893421169302	-0.001849736834612757	-2.812149384884277e-19
45.867252742410976	-0.0017996420307356776	-1.2488314961138502e-16
46.49557127312894	-0.001751552000630246	-2.354751593366955e-19
47.12388980384689	-0.0017053613354677541	1.6503081724534435e-16
47.752208334564855	-0.0016609714544616005	1.1962476907483033e-16
48.38052686528282	-0.0016182900816433118	2.365830784317041e-16
49.00884539600077	-0.0015772307687602401	1.1684650100783622e-16
49.637163926718735	-0.001537712459712884	3.442426600936202e-17
50.26548245743669	-0.001499659092454691	-9.677351422380381e-20
50.893800988154645	-0.0014629992347212795	3.343556680167944e-17
51.5221195188726	-0.0014276657503473507	5.875931082574126e-17
52.15043804959057	-0.0013935954932741783	-1.1669572914322496e-16
52.778756580308524	-0.0013607290266555527	-5.770920172938274e-17
53.40707511102649	-0.0013290103647394102	-5.711458460041022e-17
54.03539364174444	-0.0012983867354409838	-2.617331807015788e-19
54.6637121724624	-0.0012688083617358693	-1.9820570965750628e-19
55.29203070318035	-0.0012402282601888927	5.4681270701185426e-17
55.92034923389832	-0.0012126020551014955	-2.0582900618279498e-19
56.548667764616276	-0.0011858878069120088	3.527129895661632e-17
57.17698629533423	-0.0011600458536132586	-7.058854945062119e-17
57.80530482605219	-0.0011350386640725037	-3.512306819084682e-17
58.43362335677015	-0.0011108307022448304	3.938957314616673e-17
59.06194188748812	-0.0010873883013656188	-3.946495907847236e-17
59.69026041820607	-0.0010646795472937036	-4.1275915519702056e-18
60.31857894892403	-0.0010426741702529714	-7.879100475359502e-18
60.94689747964198	-0.0010213434442890971	-2.337810934421869e-19
61.57521601035994	-0.0010006600938198605	-1.2166273034592417e-16
62.20353454107791	-0.0009805982067133592	-1.9566461081574338e-19
62.83185307179586	-0.0009611331533785143	1.0753930298340597e-16
