1 -0.9117 -0.00339003
2 -0.520761 0.13596
3 -0.457199 -0.141959
4 -0.4162 -0.138076
5 -0.347747 -0.149921
6 -0.314468 -0.153064
7 -0.287729 -0.150074
8 -0.262111 -0.149177
9 -0.186244 -0.145276
10 0.558411 -0.0704366
11 10.4332 1.0673
12 -1.4945 -0.319927
13 0.0170977 -0.0869573
14 2.57674 0.805708
15 -4.60086 -2.13804
16 -0.157669 -0.270599
17 1.75442 -0.0591119
18 -5.98848 -0.0201239
19 -0.809997 -0.106484
20 -5.36257 -0.890109
21 2.53482 0.399608
22 0.0900304 -0.0120329
23 -0.00172137 -0.0147268
24 -0.740796 -0.0305921
25 -9.78636 -0.782492
26 1.20692 0.141055
27 0.729443 0.101665
28 2.36355 0.156402
29 -1.81413 0.0986176
30 -0.613536 0.0211725
31 -0.711797 -0.234216
32 -2.55402 -1.28189
33 1.44191 0.902567
34 0.316487 0.279911
35 0.106435 0.124196
36 0.0465506 0.0581664
