6.754424205218055 -0.9985826465331958827275053866856263375365 0.04487583504644193617837768841903800312236 
6.440264939859075 -0.9984559025865201870393922125920996058398 0.04685991161947422271010324247672733986636 
6.126105674500097 -0.9983119569357262049231746419646105307717 0.04901934690149572509207703357927014908578 
5.811946409141117 -0.9981476559913448600639849339823034553649 0.05137739912933974963229680834312248595444 
5.497787143782138 -0.9979591130824427765912391345756217530714 0.05396144354808444801467929573474092452568 
5.183627878423159 -0.9977415007576893882595153329262905868178 0.05680388429756866251947968680827916115541 
4.869468613064179 -0.9974887732710401305511256646123299127276 0.05994330878294633675984531020279707528723 
4.5553093477052 -0.9971932919468351498755502587213401250907 0.06342595967934402666357739074947762309326 
4.241150082346221 -0.9968453138755839838502181045350307886046 0.06730762623136771454182344905225122149331 
3.9269908169872414 -0.996432285927260855468227100868158549761 0.07165609343831721722406717923448892925739 
3.612831551628262 -0.9959378578366168760131166256384710356043 0.07655433952248856260904567306189405599356 
3.2986722862692828 -0.9953404843180312592537896596254890377098 0.08210474522593348279563648570484802892746 
2.9845130209103035 -0.9946114171847741538163823465085846337178 0.08843468233819762979326426520600042043743 
2.670353755551324 -0.9937117780552110287525790635030593280591 0.09570399691274436210808140453866958316357 
2.356194490192345 -0.9925882226198844757243391312260371939558 0.1041151140128895243972038201358844532465 
2.0420352248333655 -0.9911664101765064148294092758068460216473 0.113926791814770217918441108200306532228 
1.727875959474386 -0.989340991463192348409804592604151520134 0.1254729772087927983698129177008797691511 
1.413716694115407 -0.9869599696495166145517861762974555217513 0.1391887993632439989903670900202673238744 
1.0995574287564276 -0.9837997932620070649880843676289140374641 0.1556465023932376220874117911189617682265 
0.7853981633974483 -0.9795248911960530789169201777677278374147 0.1756050063538082192729288104667382862649 
0.47123889803846897 -0.9736206143227257072689058700072376975466 0.200077489346771334135705488972211823149 
