6.754424205218055 -0.9560696643758032726195221837243214065865 -0.0003919979937580595022781806712357351360533
6.440264939859075 -0.9101006762408575248255801737998053399821 0.01557457598360295237360949663293029286432
6.126105674500097 -0.8377004076111624133600371100510853991735 0.02640636755761923160584121579665988456224
5.811946409141117 -0.7752306063161609544411941426245891786087 0.03402702561747804904478834449409036803595
5.497787143782138 -0.7191860479093870238741093547345721945155 0.03937864808900768943159529293955957071101
5.183627878423159 -0.6676259421552973270536710264082523549064 0.04300863299603800969639520624373227565016
4.869468613064179 -0.6193466131643149528335231009775939774724 0.0452706283305417078042356271717655800496
4.5553093477052 -0.573409369785073499427236083569034973436 0.04641041862607251368747464098154345161245
4.241150082346221 -0.5277123886792273757533478163714447658657 0.04660324844513302790353519414404766610776
3.9269908169872414 -0.4700805066086258902287251608609979589958 0.04591292652131217876668627615129966653819
3.612831551628262 -0.3353425598731705562645067425335419265332 0.04382681104490493814439221894103253421185
3.2986722862692828 0.1030057734488928196238954429009206375869 0.03765552837095553718116550773251917324215
2.9845130209103035 1.234195369551046957396810318236449650934 0.02433339628895489762047468301239905333159
2.670353755551324 -13.95372417828277809728869959039478468765 0.540658658703952007679519476066321953825
2.356194490192345 -0.851897441432252769716787196423815240951 0.08562351258916551050636708711518324414638
2.0420352248333655 -0.528913139233298098677346361318839731052 0.05873715229997126559139549657332314083651
1.727875959474386 -0.7146934726313755457868999457188033260741 0.05912296659995147076067830300537922089952
1.413716694115407 -1.93928226990607807545796674445544643079 0.1107555639192393161361450702100892364568
1.0995574287564276 2.291789080783789199780086921331703553914 -0.07264188541296018184012071148572402540503
0.7853981633974483 0.5142404554794506637947111338037844877293 -0.000372120230802265027387800392963266357769
0.47123889803846897 0.1910764350660452662442862596664799094729 0.005184095085246386241721447050927624182009
