5.497787143782138 0 0 -0.7191860705018359046160527150470346643508 0.0393786481211470501775500617524481946712 0 0 1 0 
5.183627878423159 -0.02941176470588232265217346001991876776065 0 -0.7191860705018359046160527150470346643508 0.0393786481211470501775500617524481946712 0.02115253148534809305821955467718400000021 0.001158195532974912047776186793303327614697 1 0 
4.869468613064179 -0.06060606060606064405903140853332418892285 0 -0.7191860705018359046160527150470346643508 0.0393786481211470501775500617524481946712 0.04358703457586887003194140608450093467852 0.002386584734614974234359958009608335718179 1 0 
4.5553093477052 -0.09375000000000000621698996452716177800661 0 -0.7191860705018359046160527150470346643508 0.0393786481211470501775500617524481946712 0.06742369410954712052892752497329716999908 0.003691748261357536198961978475109603531499 1 0 
4.241150082346221 -0.129032258064516099221758838146555094891 0 -0.7191860705018359046160527150470346643508 0.0393786481211470501775500617524481946712 0.09279820264539815980148519717918686277968 0.005081115886599618203851235713898209534502 1 0 
3.9269908169872414 -0.1666666666666666702034431798198964687732 0 -0.7191860705018359046160527150470346643508 0.0393786481211470501775500617524481946712 0.1198643450836393199796091885790285341454 0.006563108020191175168865154753339813924549 1 0 
3.612831551628262 -0.2068965517241379461740730646273809853782 0 -0.7191860705018359046160527150470346643508 0.0393786481211470501775500617524481946712 0.148797118034862611843227850504715865657 0.008147306507823528219117991445279909593315 1 0 
3.2986722862692828 -0.2499999999999999999999999999999999999999 0 -0.7191860705018359046160527150470346643508 0.0393786481211470501775500617524481946712 0.1797965176254589761540131787617586660876 0.009844662030286762544387515438112048667797 1 0 
2.9845130209103035 -0.2962962962962962941131009178066482805998 0 -0.7191860705018359046160527150470346643508 0.0393786481211470501775500617524481946712 0.213092169037581007205003024990568247405 0.01166774759145097774441392089294857157588 1 0 
2.670353755551324 -0.346153846153846182098510608028759281522 0 -0.7191860705018359046160527150470346643508 0.0393786481211470501775500617524481946712 0.2489490244044816796088735356589190008293 0.01363107050347398002015309843329069681334 1 0 
2.356194490192345 -0.3999999999999999745352091052967459652122 0 -0.7191860705018359046160527150470346643508 0.0393786481211470501775500617524481946712 0.2876744282007343435324981863062504057476 0.01575145924845881906825098457987047249656 1 0 
2.0420352248333655 -0.4583333333333333416226532860362157040089 0 -0.7191860705018359046160527150470346643508 0.0393786481211470501775500617524481946712 0.3296269489800081289105876049800744481157 0.01804854705552573165779932521762886959907 1 0 
1.727875959474386 -0.5217391304347826568332531090798777003878 0 -0.7191860705018359046160527150470346643508 0.0393786481211470501775500617524481946712 0.3752275150444361587673978243205027217342 0.02054538162842454981431541997123734794244 1 0 
1.413716694115407 -0.5909090909090908893609574679468588464638 0 -0.7191860705018359046160527150470346643508 0.0393786481211470501775500617524481946712 0.424973587114721202174524770890992927191 0.02326920116249598341888621408219913116774 1 0 
1.0995574287564276 -0.6666666666666666666666666666666666666668 0 -0.7191860705018359046160527150470346643508 0.0393786481211470501775500617524481946712 0.479457380334557269744035143364689776234 0.02625243208076470011836670783496546311414 1 0 
0.7853981633974483 -0.7499999999999999960211264227026164937388 0 -0.7191860705018359046160527150470346643508 0.0393786481211470501775500617524481946712 0.5393895528763769256004890832051879120964 0.02953398609086028747647988379541289267036 1 0 
0.47123889803846897 -0.8421052631578947372829776816950009436299 0 -0.7191860705018359046160527150470346643508 0.0393786481211470501775500617524481946712 0.6056303751594407620990084307410029409888 0.0331609668388606738510873276274270950945 1 0 
