3.9269908169872414 0 0 -0.4859792610397340154493206981739155345622 0.04599205675525486052389369662810163294803 0 0 1 0 
3.612831551628262 -0.04166666666666667882433593063089430490343 0 -0.4859792610397340154493206981739155345622 0.04599205675525486052389369662810163294803 0.02024913587665558988543015395740211036825 0.001916335698135619747651785492697911824966 1 0 
3.2986722862692828 -0.08695652173913043117228862551466144631448 0 -0.4859792610397340154493206981739155345622 0.04599205675525486052389369662810163294803 0.04225906617736817350192198960407844738494 0.003999309283065639879509928049434742515357 1 0 
2.9845130209103035 -0.1363636363636363577173781494749666592087 0 -0.4859792610397340154493206981739155345622 0.04599205675525486052389369662810163294803 0.06626989923269099923022135672792252897457 0.006271644102989298890122824002773065156501 1 0 
2.670353755551324 -0.1904761904761905036185389455420549959683 0 -0.4859792610397340154493206981739155345622 0.04599205675525486052389369662810163294803 0.09256747829328268293886408815815335005716 0.008760391762905688980309913513510117666197 1 0 
2.356194490192345 -0.249999999999999968169011381620932456515 0 -0.4859792610397340154493206981739155345622 0.04599205675525486052389369662810163294803 0.1214948152599334883931298476194356274588 0.01149801418881371366700078904466383523773 1 0 
2.0420352248333655 -0.3157894736842105324880033332036974937281 0 -0.4859792610397340154493206981739155345622 0.04599205675525486052389369662810163294803 0.1534671350651791657730376245886687853925 0.01452380739639627202826029327830720043301 1 0 
1.727875959474386 -0.3888888888888889419405365861873381720697 0 -0.4859792610397340154493206981739155345622 0.04599205675525486052389369662810163294803 0.1889919348487854762345141497188186650768 0.01788579984926578153257971832042007869978 1 0 
1.413716694115407 -0.4705882352941176206247845383703243333809 0 -0.4859792610397340154493206981739155345622 0.04599205675525486052389369662810163294803 0.2286961228422277591297561816258896311792 0.02164332082600228608960591804309703089827 1 0 
1.0995574287564276 -0.5624999999999999975132040141891352887974 0 -0.4859792610397340154493206981739155345622 0.04599205675525486052389369662810163294803 0.2733633343348503824817116171818865799505 0.02587053192483085893031734223515391791225 1 0 
0.7853981633974483 -0.6666666666666666595931136403602070624536 0 -0.4859792610397340154493206981739155345622 0.04599205675525486052389369662810163294803 0.3239861740264893401952803927994895598308 0.03066137117016990669060187883820962106186 1 0 
0.47123889803846897 -0.7857142857142857134736992699393094811331 0 -0.4859792610397340154493206981739155345622 0.04599205675525486052389369662810163294803 0.3818408479597910117441295198171570107512 0.03613661602198596180285594951615226237719 1 0 
