4.241150082346221 0 0 -0.5295767289185133956448736656670106386781 0.04660959760126009487259464335103610405545 0 0 1 0 
3.9269908169872414 -0.03846153846153849544128965271143255450249 0 -0.5295767289185133956448736656670106386781 0.04660959760126009487259464335103610405545 0.02036833572763514855587472404903280892404 0.001792676830817697536835431463376558006411 1 0 
3.612831551628262 -0.08000000000000004583662361046585726261814 0 -0.5295767289185133956448736656670106386781 0.04660959760126009487259464335103610405545 0.04236613831348109592559908955296889329159 0.003728767808100809726234153352314138262704 1 0 
3.2986722862692828 -0.125000000000000029841551829730375347074 0 -0.5295767289185133956448736656670106386781 0.04660959760126009487259464335103610405545 0.06619709111481419025900061204926673078823 0.005826199700157513249977052999759210881922 1 0 
2.9845130209103035 -0.1739130434782608966426179173356902023368 0 -0.5295767289185133956448736656670106386781 0.04660959760126009487259464335103610405545 0.09210030068148060488649574874289668236402 0.008106016974132191674691897971866870024868 1 0 
2.670353755551324 -0.2272727272727273319171275961594234606087 0 -0.5295767289185133956448736656670106386781 0.04660959760126009487259464335103610405545 0.1203583474814803485375864688236080256835 0.01059309036392275159349591827739361649857 1 0 
2.356194490192345 -0.2857142857142857142857142857142857142853 0 -0.5295767289185133956448736656670106386781 0.04660959760126009487259464335103610405545 0.1513076368338609701842496187620030396221 0.01331702788607431282074132667172460115868 1 0 
2.0420352248333655 -0.3500000000000000358098621956764504164884 0 -0.5295767289185133956448736656670106386781 0.04660959760126009487259464335103610405545 0.1853518551214797074397754675925222046813 0.01631335916044103487449139226991827386938 1 0 
1.727875959474386 -0.4210526315789474477780879682580641913855 0 -0.5295767289185133956448736656670106386781 0.04660959760126009487259464335103610405545 0.2229796753341109454550596810765674426189 0.01962509372684635943462880738781727679717 1 0 
1.413716694115407 -0.5 0 -0.5295767289185133956448736656670106386781 0.04660959760126009487259464335103610405545 0.2647883644592566978224368328335053193391 0.02330479880063004743629732167551805202772 1 0 
1.0995574287564276 -0.5882352941176470786490586550457854192981 0 -0.5295767289185133956448736656670106386781 0.04660959760126009487259464335103610405545 0.3115157228932431844078881408333658233496 0.02741741035368240967264502458548455339504 1 0 
0.7853981633974483 -0.6875000000000000111905819361488905325228 0 -0.5295767289185133956448736656670106386781 0.04660959760126009487259464335103610405545 0.3640840011314779654321224215864035965491 0.03204409835086631574649733827166719786455 1 0 
0.47123889803846897 -0.8000000000000000114591559026164639022641 0 -0.5295767289185133956448736656670106386781 0.04660959760126009487259464335103610405545 0.4236613831348107225844012316085103025699 0.03728767808100807643218236015188667646096 1 0 
