5.183627878423159 0 0 -0.6676265146264381960550207658735669249284 0.04300863484180635049632405418750861402898 0 0 1 0 
4.869468613064179 -0.03125000000000006838688960979877955807238 0 -0.6676265146264381960550207658735669249284 0.04300863484180635049632405418750861402898 0.02086332858207623928362015526648816519053 0.001344019838806451394236889888116132067916 1 0 
4.5553093477052 -0.06451612903225810095118364226532155068876 0 -0.6676265146264381960550207658735669249284 0.04300863484180635049632405418750861402898 0.04307267836299603697371953665621776173958 0.002774750634955249986139640078398342916748 1 0 
4.241150082346221 -0.1 0 -0.6676265146264381960550207658735669249284 0.04300863484180635049632405418750861402898 0.06676265146264381960550207658735669249286 0.0043008634841806350496324054187508614029 1 0 
3.9269908169872414 -0.1379310344827586539967538456285125675596 0 -0.6676265146264381960550207658735669249284 0.04300863484180635049632405418750861402898 0.09208641581054322169256713274114740349513 0.005932225495421567018192714019409288982269 1 0 
3.612831551628262 -0.1785714285714286160893972961951200747631 0 -0.6676265146264381960550207658735669249284 0.04300863484180635049632405418750861402898 0.1192190204690068505408623653887290496186 0.007680113364608278795144732579038883877124 1 0 
3.2986722862692828 -0.2222222222222222510404012182855750101803 0 -0.6676265146264381960550207658735669249284 0.04300863484180635049632405418750861402898 0.1483614476947640628075627934389522144009 0.00955747440929030134972477151139307261363 1 0 
2.9845130209103035 -0.2692307692307692566672244676161046791666 0 -0.6676265146264381960550207658735669249284 0.04300863484180635049632405418750861402898 0.1797456000917333777665390133287294062449 0.01157924784202478778592459946743223976663 1 0 
2.670353755551324 -0.3200000000000000560225399683471588765331 0 -0.6676265146264381960550207658735669249284 0.04300863484180635049632405418750861402898 0.2136404846804602601397397446674843147127 0.01376276314937803456827666174914721383871 1 0 
2.356194490192345 -0.375 0 -0.6676265146264381960550207658735669249284 0.04300863484180635049632405418750861402898 0.2503599429849143235206327872025875968481 0.01612823806567738143612152032031573026087 1 0 
2.0420352248333655 -0.4347826086956522070076441211880658028562 0 -0.6676265146264381960550207658735669249284 0.04300863484180635049632405418750861402898 0.2902723976636688029883201697016111949447 0.01869940645295928424784231349902572695575 1 0 
1.727875959474386 -0.5000000000000000723431559508615175629663 0 -0.6676265146264381960550207658735669249284 0.04300863484180635049632405418750861402898 0.3338132573132191463257194474873298405619 0.02150431742090317835954240468820739494584 1 0 
1.413716694115407 -0.5714285714285714285714285714285714285714 0 -0.6676265146264381960550207658735669249284 0.04300863484180635049632405418750861402898 0.3815008655008218263171547233563239571019 0.02457636276674648599789945953571920801656 1 0 
1.0995574287564276 -0.6500000000000000175070437401084865916502 0 -0.6676265146264381960550207658735669249284 0.04300863484180635049632405418750861402898 0.4339572345071848391239300914390502850125 0.02795561264717412857556468659973821807327 1 0 
0.7853981633974483 -0.7368421052631579044360353130794939078454 0 -0.6676265146264381960550207658735669249284 0.04300863484180635049632405418750861402898 0.4919353265668492035686117519296818477672 0.03169057304133099551970362517852857165024 1 0 
0.47123889803846897 -0.8333333333333333430594687445047147215402 0 -0.6676265146264381960550207658735669249284 0.04300863484180635049632405418750861402898 0.5563554288553651698726098569064345051077 0.03584052903483862583191118481062252000186 1 0 
