6.754424205218055 -0.0238095238095238636582 0 -0.956069664375802874742 -0.00039199799375805934281 0.0227635634375191678216 -9.33328556566810081129e-06 1 0 
6.440264939859075 -0.0205333263768580222648 -0.000381178431816070382296 -0.911674509437226870796 -0.00115173340759234452432 0.0215865782909276943066 0.00038984244592392122672 0.957555436932721882407 0.000743762793787456731533 
6.126105674500097 -0.0184974820966724280927 -0.000630759935465824373781 -0.853634187479251620531 -0.00198181054406878648658 0.0194739075592481838187 0.000653706928936038691338 0.898703727580904719597 0.0016085363996939030236 
5.811946409141117 -0.016487792622161218835 -0.000788116804848437846692 -0.784147076158323605487 -0.00282483884508584780796 0.0174039130083848598374 0.000821717798810051522971 0.827694422925493428705 0.00249827104475220897164 
5.497787143782138 -0.0145057289585392368573 -0.000873148352453308770137 -0.706789170542502492498 -0.0036021102730109274865 0.0153556551393589408147 0.000914382952459071736732 0.748175244543197412504 0.00333114934602166283258 
5.183627878423159 -0.0125756870483745757853 -0.000900323792320119593381 -0.625166820219470100498 -0.00424802751459058392009 0.0133547787010008846429 0.000946526994133536115007 0.663866590633933612555 0.0040374614824616638686 
4.869468613064179 -0.0107324992093663939855 -0.000882182305019374026968 -0.542674742039639354256 -0.0047164590804371393472 0.0114375637614878411955 0.00093099946288070179516 0.578291676435628919434 0.00456706399610052330687 
4.5553093477052 -0.00901013146430399610147 -0.000830265314292210296241 -0.462300283927635455697 -0.00498331465535142273439 0.00963980076715164175984 0.000879662243749849071604 0.494572237744786134992 0.00489228056736452862568 
4.241150082346221 -0.00743463458852884944325 -0.000755138372928206798182 -0.386489055977947181678 -0.00504615915865825878215 0.00798928316148797374419 0.000803422611985510427981 0.41528576054271413415 0.00500778179401583375428 
3.9269908169872414 -0.00601338219543519967453 -0.000665864224755307202148 -0.317081443472133758901 -0.00492204465736913446981 0.00649415585498220634575 0.000711684928622918205637 0.342395525779336434016 0.00492862041681128333713 
3.612831551628262 -0.00470349295222401128478 -0.000568025745195308097429 -0.255338549174602134173 -0.00464561789060561703136 0.00510824254645456053373 0.000610252191059238067197 0.277274674302619096884 0.00468857905997096209942 
3.2986722862692828 -0.0033254933190059626715 -0.000456779631206890268803 -0.202087911933674143081 -0.00427056174157402922682 0.00363502516917109844737 0.000493846678607473469252 0.220860171469972331457 0.00434209738369194220725 
2.9845130209103035 -0.00141705218613702152691 -0.000300550752191964075442 -0.157917789643478441606 -0.00387409930849582663639 0.00156064460077637007662 0.000328235447309685462599 0.173864460381373801717 0.00396965912647318646453 
2.670353755551324 0.00168836938367872831696 -3.45978932068696439337e-05 -0.122523984678453973006 -0.00353327270292314464034 -0.00187464936280540984763 4.21267621726690060468e-05 0.136055496326255441824 0.00365402396531078944309 
2.356194490192345 0.00672067851663124579355 0.000427062821968790078522 -0.0905418820514622848709 -0.00317825455385934821562 -0.00753850891682854197429 -0.000461432848033792291761 0.101553086627850392554 0.00332834712823715799669 
2.0420352248333655 0.122221146553130033155 0.00684249545017034130793 0.170377711445837386911 0.00989554999563250565214 -0.138721673064442038378 -0.00738227298833224633542 -0.193380755499760062186 -0.0106961448613276301005 
1.727875959474386 0.00295441112772281796532 0.000246716500920451999198 0.0462035192521695480437 0.00336882265653178149184 -0.00340121813689219613199 -0.000272690305768675571715 -0.053189211788143587165 -0.00370114240030390709058 
1.413716694115407 0.00103063758508582807978 0.00013223937412375559166 0.0376619437912104282461 0.00291905733033735852917 -0.00120713414559664849 -0.000149951858762285895252 -0.0441021830992159201131 -0.00323986550683332682612 
1.0995574287564276 0.000288435413729020940432 8.62283447142965359647e-05 0.0304276447989136391707 0.00250554951566368292197 -0.000345113165230188363641 -0.000101365528770235389806 -0.0363819789035970378871 -0.00281468422855153808485 
0.7853981633974483 -0.000126595150714370220579 5.84221920430835310785e-05 0.0240671510381957323792 0.00210600788882459271031 0.000150711114181976149254 -7.22474124995938424417e-05 -0.0295309125103959795872 -0.00240032929246782821069 
