6.440264939859075 -0.910100676240858257854 0.015574575983602852929
6.126105674500097 -0.8377004076255457784 0.0264063675575823715689
5.811946409141117 -0.775230607806743324862 0.0340270256163770942053
5.497787143782138 -0.719186115063424123893 0.0393786481513928747952
5.183627878423159 -0.667627810739678720428 0.043008636813680170901
4.869468613064179 -0.61938321218532207508 0.0452707274921814359997
4.5553093477052 -0.573938051191320884448 0.0464122179731052854074
4.241150082346221 -0.533473196618193398065 0.0466286811861723278441
3.9269908169872414 -0.51846540932511726119 0.0461931238546271078365
3.612831551628262 -0.659637009378288223138 0.0462839361955191981097
3.2986722862692828 -1.98819018909196728832 0.0611008585292317715221
2.9845130209103035 2.96533830458022677891 0.0102419408652144417959
2.670353755551324 0.359946529601465789344 0.0308336849496146847193
2.356194490192345 -0.153175422955160584723 0.0282131109633400614955
2.0420352248333655 -0.299673139927909752173 0.0252093529754920695279
1.727875959474386 -0.39057304023347720817 0.0223936161280250467767
1.413716694115407 -0.532582586214476969235 0.0204490926818813005723
1.0995574287564276 -0.852517126894646233305 0.0216773435203445045139
0.7853981633974483 -2.55165936721463615742 0.050959230479264274284
0.47123889803846897 1.51485742767623261632 -0.0215081340655233707186
