6.440264939859075 -0.91010067624085751007 0.0155745759836029524056
6.126105674500097 -0.837700407611160436162 0.0264063675576192294807
5.811946409141117 -0.775230606316032671497 0.0340270256174778179736
5.497787143782138 -0.719186047904091049718 0.0393786480889969206201
5.183627878423159 -0.667625942015866960115 0.0430086329955998740112
4.869468613064179 -0.619346610707907499261 0.0452706283183569803426
4.5553093477052 -0.573409338916536362216 0.046410418408660728894
4.241150082346221 -0.527712097046457465253 0.0466032457936745512377
3.9269908169872414 -0.470078365565020634828 0.0459129030592633648128
3.612831551628262 -0.335330443418872749331 0.0438266607199006716225
3.2986722862692828 0.103052604144983402252 0.0376549560161148487448
2.9845130209103035 1.23433292073333116577 0.0243326054533515262319
2.670353755551324 -13.9404428778311792584 0.53979743133772430411
2.356194490192345 -0.851837178285955682126 0.085573346034042237436
2.0420352248333655 -0.528901452360338248036 0.0587075242890740695511
1.727875959474386 -0.714676814537640095176 0.059083662685508346552
1.413716694115407 -1.9391343051214884972 0.110644789324098297194
1.0995574287564276 2.2920494208378069297 -0.0725285845152721541603
0.7853981633974483 0.514267996868556503042 -0.000345284432049587757252
0.47123889803846897 0.191088457275375819736 0.0051939329537607041166
