6.754424205218055 -0.956069664375802874742 -0.00039199799375805934281
6.440264939859075 -0.910100676240808999432 0.0155745759836028619399
6.126105674500097 -0.837700407614282895341 0.0264063675575875488162
5.811946409141117 -0.775230606851496236054 0.0340270256162552730333
5.497787143782138 -0.719186070495378516601 0.0393786481211422991226
5.183627878423159 -0.667626514484254108051 0.0430086348410412232699
4.869468613064179 -0.619357634533631597792 0.0452706618449422308803
4.5553093477052 -0.573574135883378773056 0.0464108708029155041935
4.241150082346221 -0.529576915246580192901 0.0466095929379520987013
3.9269908169872414 -0.48598215861662541674 0.0459920257753862369976
3.612831551628262 -0.437401544398134457536 0.044541218047079741738
3.2986722862692828 -0.362529016385930632328 0.0415751459377235521763
2.9845130209103035 -0.194145310241920425172 0.0339816588675536156199
2.670353755551324 0.203727010928488018319 0.0140419204615825125619
2.356194490192345 1.03778469381287141307 -0.0296256329327261107493
2.0420352248333655 22.2117460600890430518 -0.346844610187015020689
1.727875959474386 -0.960404053842275347202 0.00308860747608808246954
1.413716694115407 -0.327926358624999421454 0.0124227637187794101067
1.0995574287564276 -0.107987258580817988514 0.0150926658373758974873
0.7853981633974483 0.00321558039794167533774 0.0154745723521001065568
0.47123889803846897 0.0476654300560752875843 0.0130167986316061186764
