6.754424205218055 0 0 -0.956069664375802874742 -0.00039199799375805934281 0 0 1 0 
6.440264939859075 -0.0238095238095238636582 0 -0.956069664375802874742 -0.00039199799375805934281 0.0227635634375191678216 -9.33328556566810081129e-06 1 0 
6.126105674500097 -0.0487804878048779995479 0 -0.956069664375802874742 -0.00039199799375805934281 0.0466375446036976541371 -1.91218533540516559599e-05 1 0 
5.811946409141117 -0.075000000000000007958 0 -0.956069664375802874742 -0.00039199799375805934281 0.0717052248281852232141 -2.93998495318544538303e-05 1 0 
5.497787143782138 -0.102564102564102545265 0 -0.956069664375802874742 -0.00039199799375805934281 0.0980584271154669435018 -4.02049224367240277756e-05 1 0 
5.183627878423159 -0.131578947368421004133 0 -0.956069664375802874742 -0.00039199799375805934281 0.125798640049447700308 -5.15786833892183155688e-05 1 0 
4.869468613064179 -0.162162162162162180762 0 -0.956069664375802874742 -0.00039199799375805934281 0.155038323952832916389 -6.35672422310366574764e-05 1 0 
4.5553093477052 -0.194444444444444432163 0 -0.956069664375802874742 -0.00039199799375805934281 0.185902434739739436124 -7.62218321196226451764e-05 1 0 
4.241150082346221 -0.228571428571428524655 0 -0.956069664375802874742 -0.00039199799375805934281 0.218530209000183469508 -8.95995414304135457358e-05 1 0 
3.9269908169872414 -0.264705882352941162151 0 -0.956069664375802874742 -0.00039199799375805934281 0.253077264099477217859 -0.000103764174818309820425 1 0 
3.612831551628262 -0.303030303030303027381 0 -0.956069664375802874742 -0.00039199799375805934281 0.289718080113879656219 -0.000118787270835775557282 1 0 
3.2986722862692828 -0.343749999999999983213 0 -0.956069664375802874742 -0.00039199799375805934281 0.328648947129182222143 -0.00013474931035433289251 1 0 
2.9845130209103035 -0.387096774193548368878 0 -0.956069664375802874742 -0.00039199799375805934281 0.370091482984181740547 -0.000151741158874087480398 1 0 
2.670353755551324 -0.433333333333333343942 0 -0.956069664375802874742 -0.00039199799375805934281 0.414296854562847922531 -0.00016986579729515905271 1 0 
2.356194490192345 -0.482758620689655134564 0 -0.956069664375802874742 -0.00039199799375805934281 0.46155087245728411024 -0.000189240410779752771347 1 0 
2.0420352248333655 -0.535714285714285708198 0 -0.956069664375802874742 -0.00039199799375805934281 0.512180177344180105649 -0.000209998925227531788405 1 0 
1.727875959474386 -0.592592592592592623156 0 -0.956069664375802874742 -0.00039199799375805934281 0.566559801111586917957 -0.000232295107412183326239 1 0 
1.413716694115407 -0.653846153846153817901 0 -0.956069664375802874742 -0.00039199799375805934281 0.625122472861101852627 -0.00025630638053411571307 1 0 
1.0995574287564276 -0.719999999999999990836 0 -0.956069664375802874742 -0.00039199799375805934281 0.688370158350578061053 -0.000282238555505802723231 1 0 
0.7853981633974483 -0.791666666666666656171 0 -0.956069664375802874742 -0.00039199799375805934281 0.756888484297510599136 -0.000310331745058463642277 1 0 
0.47123889803846897 -0.869565217391304343559 0 -0.956069664375802874742 -0.00039199799375805934281 0.83136492554417640874 -0.000340867820659182035553 1 0 
