4.869468613064179 0 0 -0.619357634533631597792 0.0452706618449422308803 0 0 1 0 
4.5553093477052 -0.0333333333333333015025 0 -0.619357634533631597792 0.0452706618449422308803 0.0206452544844543668784 0.00150902206149807292167 1 0 
4.241150082346221 -0.0689655172413792422169 0 -0.619357634533631597792 0.0452706618449422308803 0.0427143196230090335143 0.00312211460999601283859 1 0 
3.9269908169872414 -0.107142857142857108753 0 -0.619357634533631597792 0.0452706618449422308803 0.0663597465571747929264 0.00485042805481523747897 1 0 
3.612831551628262 -0.148148148148148126312 0 -0.619357634533631597792 0.0452706618449422308803 0.0917566865975750380006 0.00670676471776921840116 1 0 
3.2986722862692828 -0.192307692307692270964 0 -0.619357634533631597792 0.0452706618449422308803 0.119107237410313746058 0.00870589650864273504506 1 0 
2.9845130209103035 -0.239999999999999961803 0 -0.619357634533631597792 0.0452706618449422308803 0.148645832288071559812 0.0108649588427861336821 1 0 
2.670353755551324 -0.291666666666666661139 0 -0.619357634533631597792 0.0452706618449422308803 0.180645976738975879266 0.0132039430381081504232 1 0 
2.356194490192345 -0.347826086956521678958 0 -0.619357634533631597792 0.0452706618449422308803 0.215428742446480518485 0.0157463171634581645387 1 0 
2.0420352248333655 -0.409090909090909067887 0 -0.619357634533631597792 0.0452706618449422308803 0.253373577763758366656 0.0185198162092945479543 1 0 
1.727875959474386 -0.47619047619047621213 0 -0.619357634533631597792 0.0452706618449422308803 0.294932206920776964741 0.0215574580214010633042 1 0 
1.413716694115407 -0.549999999999999952254 0 -0.619357634533631597792 0.0452706618449422308803 0.340646698993497349214 0.0248988640147182248227 1 0 
1.0995574287564276 -0.631578947368421029702 0 -0.619357634533631597792 0.0452706618449422308803 0.391173242863346258088 0.0285919969547003553074 1 0 
0.7853981633974483 -0.722222222222222199622 0 -0.619357634533631597792 0.0452706618449422308803 0.447313847163178362186 0.0326954779991249435016 1 0 
0.47123889803846897 -0.823529411764705870575 0 -0.619357634533631597792 0.0452706618449422308803 0.510059228439461308534 0.0372817215193641896035 1 0 
